-0.6840384356390417
-1.6515090534885706
-2.7745834929719577
-3.1603631164474306
-3.289218761145788
-3.055495979831727
-3.131729086451591
-3.3518023879711984
-3.556308869071112
-3.6248818266152134
-3.5949080155513684
-3.5923314800954365
-3.635322897851805
-3.39594852237231
-3.934274990048327
-3.927042678626806
-3.7533269886822236
-3.522002213406652
-3.5610677356274514
-3.712733576964344
-3.511501715494563
-3.895021423309124
-3.751116290261985
-3.6312716519150054
-3.794082896321972
-3.597484551007301
-3.8671013041583997
-3.8849276676374207
-3.7825931791265295
-3.810384659089968
-3.6878819176066306
-3.5336235712288997
-3.2679264233877956
-3.625989941815854
-3.594331971647964
-3.559599315372158
-3.4355497133673163
-3.3929747811213327
-3.4515603410261573
-3.5841281621704506
-3.523526814117677
-3.828815552597778
-3.4951999527265682
-3.7225860877570507
-3.5695145416264182
-3.5700340963831745
-3.478769550771286
-3.7621115312344475
-3.5896761956823746
-3.510218072315999
-3.425214712816615
-3.327398133329604
-3.411274097913007
-3.427575860681003
-3.0989570621146942
-3.350456316677618
-3.243181143406889
-3.1474982023940408
-3.0162385487781576
-3.0788720658337256
-3.009141102858826
-2.9758367585465106
-2.697306823655902
-2.8530206221435384
-2.9829342044658422
-2.893154399951358
-2.8636125284672267
-2.903973067354826
-2.869425166811369
-2.67462152581369
-2.8182603354480564
-2.5344486904582957
-2.646851077353438
-2.679903235912841
-2.5291669803591446
-2.7287826669293755
-2.7714829495765896
-2.857935449615926
-3.043614974465229
-2.8720405916108094
-2.968396814390688
-2.9895106227312365
-3.237428295883959
-3.2744154749639707
-3.1878135710715565
-3.0090415892359057
-3.1967267528110668
-3.105115178980828
-3.206817507043252
-3.302183188822098
-3.3912122243173664
-3.105584843507427
-3.215730688782762
-3.1265760155397264
-3.1466378891353672
-3.0818683755860987
-3.0269674663378465
-2.9631533753500836
-3.2409486347297873
-3.1503919970839744
-2.923766661689245
-2.920303688849792
-3.1802419862889293
-3.1564113841335515
-3.1271451936892456
-3.0243909308819137
-3.3930309615770646
-3.328456070953549
-3.272599739143791
-3.1764732577291923
-3.228515114144449
-3.007336986210258
-3.045936132690514
-2.821887332751716
-2.8857014237394782
-2.9012937499990583
-2.7265730141002074
-2.6754422462961376
-2.5162624735295296
-2.5352694109407437
-2.7421139772324503
-2.7164792584285036
-2.3887783848106197
-2.3297763393954103
-2.3297763393954103
-2.5497738933974077
-2.356702786080101
-2.2799032359128413
-2.045986098510422
-2.428792006924177
-2.2611687169446566
-2.69060329474556
-2.6881309929326225
-2.5278962839815873
-2.455169011254315
-2.477807420305888
-2.7407963920642544
-2.38899414500375
-2.415066779612114
-2.297532353308293
-2.3107879160937577
-2.2021666715294472
-2.2611687169446575
-2.304160134701026
-2.1729004810851418
-2.5492498854579724
-2.5655306167227807
-2.5741238046261654
-2.725255428932012
-2.4116325540553234
-2.38899414500375
-2.6623920404856807
-2.4067916497558
-2.5304943349866003
-2.5015192796514496
-2.62480508058102
-2.6332485977939317
-2.5516081433271487
-2.397710080659692
-2.3338959896719293
-2.3476212169839927
-2.524157688703023
-2.311257580620356
-2.3275123431534044
-2.3275123431534044
-2.348335016384798
-2.1531005485604737
-2.013736423545139
-2.013736423545139
-1.9325544973846127
-1.8669246705766707
-1.7641250761874119
-1.754103821813552
-1.914338530764587
-1.7206946044192621
-1.7206946044192621
-1.6827916133272733
-1.7254918959744874
-1.5515319597113895
-1.7967025047094263
-1.6001041593947547
-1.6001041593947547
-2.058738140034706
-1.8769199582165241
-1.9507021671282236
-1.7904674581771884
-1.9644273944402866
-1.8405563218528878
-1.7570582407828983
-1.720694604419262
-1.6001041593947547
-1.6001041593947547
-1.6001041593947547
-1.6001041593947547
-1.5637405230311185
-1.5637405230311185
-1.5637405230311185
-1.3786269596327176
-1.4424410506204801
-1.4424410506204801
-1.319624914217508
-1.3697137778932074
-1.2566371228186917
-1.2566371228186917
-1.1840634908604488
-1.1840634908604488
-1.0957952550009336
-0.9731506188383864
-0.9731506188383864
-0.9731506188383864
-0.9731506188383864
-0.89865670623259
-0.809827492271665
-0.6840384356390417
-0.6840384356390417
-0.6840384356390417
-0.6840384356390417
-0.6840384356390417
-0.6840384356390417
-0.6840384356390417
-1.029916359848474
-0.89865670623259
-0.9350203425962262
-0.89865670623259
-0.89865670623259
-0.89865670623259
-0.89865670623259
-0.9350203425962262
-0.89865670623259
-0.89865670623259
-0.89865670623259
-0.89865670623259
-0.89865670623259
-0.89865670623259
-0.89865670623259
-0.89865670623259
-0.89865670623259
-0.89865670623259
-0.6840384356390417
-0.6840384356390417
-0.6840384356390417
-0.6840384356390417
-0.6840384356390417
-0.6840384356390417
-0.6840384356390417
-0.6840384356390417
-0.6840384356390417
-0.6840384356390417
-0.6840384356390417
-0.6840384356390417
-0.6840384356390417
-0.6840384356390417
-0.6840384356390417
-0.6840384356390417
-0.6840384356390417
-0.6840384356390417
-0.6840384356390417
-0.6840384356390417
-0.6840384356390417
-0.6840384356390417
-0.6840384356390417
-0.6840384356390417
-0.6840384356390417
-0.6840384356390417
-0.6840384356390417
-0.6840384356390417
-0.6840384356390417
-0.6840384356390417
-0.6840384356390417
-0.6840384356390417
-0.6840384356390417
-0.6840384356390417
-0.6840384356390417
-0.6840384356390417
-0.6840384356390417
-0.6840384356390417
-0.6840384356390417
-0.6840384356390417
-0.6840384356390417
-0.6840384356390417
-0.6840384356390417
-0.6840384356390417
-0.6840384356390417
-0.6840384356390417
-0.6840384356390417
-0.6840384356390417
-0.6840384356390417
-0.6840384356390417
-0.6840384356390417
-0.6840384356390417
-0.6840384356390417
-0.6840384356390417
-0.6840384356390417
-0.6840384356390417
-0.6840384356390417
-0.6840384356390417
-0.6840384356390417
-0.6840384356390417
-0.6840384356390417
-0.6840384356390417
-0.6840384356390417
-0.6840384356390417
-0.6840384356390417
-0.6840384356390417
-0.6840384356390417
-0.6840384356390417
-0.6840384356390417
-0.6840384356390417
-0.6840384356390417
-0.6840384356390417
-0.6840384356390417
-0.6840384356390417
-0.6840384356390417
-0.6840384356390417
-0.6840384356390417
-0.6840384356390417
-0.6840384356390417
-0.6840384356390417
-0.6840384356390417
-0.6840384356390417
-0.6840384356390417
-0.6840384356390417
-0.6840384356390417
-0.6840384356390417
-0.6840384356390417
-0.6840384356390417
-0.6840384356390417
-0.6840384356390417
-0.6840384356390417
-0.6840384356390417
-0.6840384356390417
-0.6840384356390417
-0.6840384356390417
-0.6840384356390417
-0.6840384356390417
-0.6840384356390417
-0.6840384356390417
-0.6840384356390417
-0.6840384356390417
-0.6840384356390417
-0.6840384356390417
-0.6840384356390417
-0.6840384356390417
-0.6840384356390417
-0.6840384356390417
-0.6840384356390417
-0.6840384356390417
-0.6840384356390417
-0.6840384356390417
-0.6840384356390417
-0.6840384356390417
-0.6840384356390417
-0.6840384356390417
-0.6840384356390417
-0.6840384356390417
-0.6840384356390417
-0.6840384356390417
-0.6840384356390417
-0.6840384356390417
-0.6840384356390417
-0.6840384356390417
-0.6840384356390417
-0.6840384356390417
-0.6840384356390417
-0.6840384356390417
-0.6840384356390417
-0.6840384356390417
-0.6840384356390417
-0.6840384356390417
-0.6840384356390417
-0.6840384356390417
-0.6840384356390417
-0.6840384356390417
-0.6840384356390417
-0.6840384356390417
-0.6840384356390417
-0.6840384356390417
-0.6840384356390417
-0.6840384356390417
-0.6840384356390417
-0.6840384356390417
-0.6840384356390417
-0.6840384356390417
-0.6840384356390417
-0.6840384356390417
-0.6840384356390417
-0.6840384356390417
-0.6840384356390417
-0.6840384356390417
-0.6840384356390417
-0.6840384356390417
-0.6840384356390417
-0.6840384356390417
-0.6840384356390417
-0.6840384356390417
-0.6840384356390417
-0.6840384356390417
-0.6840384356390417
-0.6840384356390417
-0.6840384356390417
