0.4537163391869448
1.6296264793506388
2.2250004099803347
2.6588084012046336
3.1655186722429276
3.373739485809498
3.9128327748416405
4.208210611220502
4.4038679225926565
4.456670020911748
4.711624166068035
4.681302559604257
4.75625285941266
4.786597689155587
4.9403201741980824
4.787180103543558
4.9795446508159715
4.938498935450082
5.000059847190793
4.9055828139427735
5.020275923403405
4.954575713206475
4.881401529095865
5.0796166207624385
5.184413847441585
5.000654234297133
5.15438295446045
5.007612053986822
5.190794588971736
5.076103630203043
5.116064221483348
5.107851343602211
5.220588983786187
5.254110545844645
5.084705059727083
5.1680331490821505
4.954617748751513
5.023948538442042
4.973979392968679
5.028032538637795
4.856184251308385
5.069857975910098
4.964100308821588
4.938624358102395
4.721308556083443
4.930875519665161
4.818575673859623
4.6864763138459375
4.6273288155836845
4.714379648619369
4.653133156914058
4.534337223080673
4.817482689713508
4.75260718061629
4.537772902056469
4.48999597689043
4.643806205910617
4.546853615607481
4.445239109528282
4.255561313106852
4.257614512151369
4.108753963619325
4.155426149583993
4.052788649859541
4.057943242839951
3.925979874198455
3.8909894445723676
3.8924254395906717
3.756376248798796
3.674368324123791
3.6443884829671296
3.6494566508789505
3.5812492589486795
3.5046470810044656
3.3456902738854932
3.339218503574852
3.3561997791406197
3.4411828469138994
3.3320768713870974
3.19924516811761
3.2388483493163527
3.175205009752559
3.0677661931894997
3.0570927385176283
3.239871025965568
3.193358013463093
3.2578380396204074
3.308299946962837
3.356747086921203
3.2231842184822312
3.115317952106699
2.9609922722210475
2.8980568641791744
2.863800639819856
3.047425570736218
3.0741849021285805
3.1892553642065833
3.154831078174045
3.0261228307962273
3.041100197594926
3.1146145449651192
3.064926567012308
3.060402125896778
2.948930296138041
2.9111080232069013
2.818203546618804
2.743118548489248
2.6468025953676104
2.664850493044504
2.6200743051488384
2.5877759657026504
2.509071702352303
2.4886401907752673
2.5831825197873224
2.4793308333141124
2.2822225317304357
2.3573542924377655
2.4532894500093754
2.424605495569158
2.5265355031584886
2.5231269913258423
2.6050526183818197
2.5308918785824766
2.4535173544134916
2.4362754153376165
2.314540534331346
2.2072555893836023
2.390931915009313
2.271251663558871
2.169133361472889
2.132263089009215
2.1353531137941593
2.1234948995290495
1.926260946103553
1.932974801028396
1.8945608916474694
2.011719743714745
1.9243803814946134
1.9998056306597762
2.111718201408316
2.208246836521042
2.1434874131441015
2.122910270132949
2.0505899277952055
2.030426674591101
2.0016297287402436
1.906383610872358
2.0782096931738696
2.12042843952403
2.018591127345932
1.8999203054000418
1.9356752538054585
1.8811053736283034
1.7736290625156994
1.7127671742295847
1.722290983753394
1.790988768024724
1.8553083262248289
1.7957346885274983
1.9016133334646388
1.9791961879102313
1.9774175759577446
1.9506640745157453
1.8415636473245027
1.8115303389363113
1.7740558218296667
1.708662519301805
1.6923294572287209
1.7125679171821253
1.7125679171821255
1.6449030061502292
1.667255968290045
1.7013883664088676
1.6044564678217927
1.5920455926788426
1.5634741641074141
1.6182615988948656
1.6021554072445676
1.4882053709228198
1.6929933817366574
1.6841443791179729
1.604979289681114
1.5315423570537234
1.6811730805775507
1.6913337839004827
1.7034739904353002
1.6784972642551261
1.5667854839119364
1.6723897763858644
1.5813621626569312
1.6218154197853487
1.6575762531392866
1.5956677121155167
1.6796061810849985
1.656963859646125
1.5988838306255149
1.6304315657189536
1.6389570035257766
1.6044564678217927
1.5152406317530753
1.5865920354039538
1.5747338211388442
1.5949326582979833
1.568072254959762
1.6287415982465019
1.5930439480751581
1.4953796067622283
1.4763319877146093
1.416212824049742
1.430334894545718
1.4233949612700905
1.4395694425361487
1.3936723145871417
1.2704970099069017
1.3170221117990388
1.2889262330852764
1.3079738521328954
1.2748895669813238
1.205239127460238
1.2136213493952372
1.2204338110685975
1.1481231090670567
1.055195486864195
1.0516007844729405
1.0456716773403856
1.0266240582927666
1.0266240582927666
0.9937763425332106
0.96681869973945
0.9829135181765245
0.9265476050069467
0.9265476050069466
0.9265476050069467
0.835760306992715
0.8334259022514147
1.009336732565261
1.0952682261201587
1.2294542094693868
1.190848099599242
1.1160842729817642
1.0623697663071177
1.1485456740414897
1.1234416529839253
1.0420769749491308
0.9997054496657655
0.96681869973945
0.9537001878243858
1.045342635025165
1.0684605063217045
0.9865869377507013
1.0731491601849037
1.0831485195663793
1.1154814282467074
1.125480787628183
1.0522431120482516
1.0731491601849037
1.0831485195663793
1.0099108439864477
1.0189591036525911
1.0266240582927666
1.1980375043817513
1.1758707328005435
1.1201545252306848
1.1201545252306848
1.1487259538021133
1.1586178569417627
1.1065557444169427
0.9140474889611268
0.9140474889611268
0.9916778951043111
1.2747388523471341
1.2232774568832818
1.2309424115234568
1.2848257955387012
1.2365589409311533
1.194573730347618
1.3020268796473453
1.33086153454013
1.2195504565277921
1.2136213493952372
1.1654391681084322
1.2436392661752285
1.2981722118578807
1.3151453915624092
1.2751773707459573
1.2594291839925504
1.2748821006489148
1.205239127460238
1.316167140792745
1.442250262551771
1.3730344912166974
1.2920783311453086
1.2848889263627994
1.5029939492932127
1.5601368064360701
1.6275495168439196
1.5516345473723478
1.580510065556194
1.544453962105214
1.576720353090956
1.483301225251795
1.448902394517641
1.4216264938399306
1.3763418509621836
1.3704127438296287
1.389460362877248
1.353223979665644
1.3608889343058193
1.3513651247820095
1.3305816582267704
1.292166497572419
1.29623674982134
1.2600003666097361
1.406526119665219
1.5125250263791832
1.4439855769913026
1.4827572694316973
1.4355761282842967
1.4058504514113648
1.3764835504231572
1.4219790363215834
1.625023888479233
1.5333084929344225
1.4835797621606828
1.5511221402199649
1.4831921457133608
1.6421233364829222
1.6192860049700646
1.6823250749153447
1.56739155364113
1.5283591436681394
1.5744718788852055
1.757911527294091
1.6671000626630958
1.6318766782817011
1.6838133685475123
1.7829093924982182
1.7154347986880405
1.7356336358471798
1.7415875895968873
1.7415875895968873
1.6853326489867673
1.682998244245467
1.6245702428355036
1.541740973482658
1.5637648990522874
1.6834056029389508
1.6439822829446538
1.6728169378374387
1.6658751785084798
1.599037116059708
1.435455453171345
1.5196634264836486
1.6465799140073103
1.5829350111788336
1.6115881559997574
1.8903738395865846
1.8344150304222366
1.8086535564497743
1.6992228422052693
1.5989516148746192
1.6575080551016237
1.9368559838770207
1.8687297625129409
1.7280224040764012
1.7371453431760784
1.8561233520752962
1.7691618351999066
1.8637936020883046
1.8483406854319406
1.7891094382998105
1.8505455974872724
1.8433561927047633
1.8488097499796528
1.9492318559796793
1.9108906031324135
1.8204186011688477
1.7256127112413882
1.7307062835069988
1.7003937120551167
1.7872874426532526
1.7968112521770618
1.8248039363009112
1.830823171534529
1.7852563250485893
1.6859504464929196
1.5951437275983262
1.5574562551116498
1.4821874619270554
1.4636153927371018
1.4524319853771175
1.4076354445488004
1.2867129402975301
1.2351381298991253
1.4083217913662587
1.37741595805353
1.4665655765963108
1.6160587401582824
1.6520702579567117
1.5863810978283595
