0.4537163391869448
1.64250689579555
2.081027939530143
2.6793827237068886
3.168685617617631
3.3518150544667984
3.7468010701950805
4.013437772702011
4.2262478910456736
4.493798276451236
4.630981403180109
4.747828938353303
4.882735982409847
4.931623081465815
5.005893320983068
5.009275699838012
5.112521054916176
5.175163762514211
5.216105100966315
5.147047259073583
5.121551638488713
5.128619464067713
5.109429043544117
5.166949208768743
5.190054013576433
5.093915511134641
5.1754788648544885
5.082442593838941
5.218695099563341
5.087607449863253
5.07310563292222
5.162253997516114
5.1998906883107665
5.132154530094876
4.948646777136792
5.1295770864520005
4.881559688218303
5.04123675859903
4.838191901431813
5.140363518745113
4.907326474892651
5.1181973625166215
5.041126817711866
4.84006900477927
4.675422935871279
4.9833685905907315
4.791068383737743
4.591586249768585
4.444144167207824
4.481916686338675
4.439496857313631
4.377548959250823
4.67484699982899
4.440313726228462
4.397079728305538
4.398990340865627
4.296437537816369
4.161579885243598
4.05114314690751
3.9973981742932967
4.076073406313227
3.9571661862912433
4.001064226980676
4.023991059860452
4.0860498300430095
3.9362784041756074
3.8793309161468796
3.802932459167143
3.759153412251377
3.6488494201455905
3.533752309650028
3.435857592954048
3.501561817720901
3.347714016553862
3.290476189559496
3.268406349878006
3.346521317681661
3.3292865819044106
3.2802842292593946
3.2334124720463118
3.227142991280909
3.2763929893794757
3.327606739389778
3.224706999625899
3.1231500295479444
3.0932570246907707
3.104140767908244
3.1450067745008243
3.14932881023296
3.0659489292599744
3.155883425011265
3.2288622053314753
3.153675355292088
3.1079151625566737
3.0734146268526903
3.0931370528054347
3.211255404884692
3.1791276313299273
3.1167304739596404
3.0119652415516276
2.9005890798761085
2.9922428155988827
3.1566320405027564
3.247201326258251
3.1348269932919273
3.1094451981943445
3.148967085862581
3.145386552499164
3.1591036216479083
3.1489812548904186
3.1081990695722284
3.0216858670378164
2.9861315751240736
2.9243158512822616
2.861325966628659
2.9329016275795903
3.0168235692389453
2.9305716747388595
2.9432916725590057
3.0218165534907815
3.009173591433384
2.9127284545513366
2.8807148229315436
2.815793319469152
2.818583709277834
2.857476761654211
2.8254719036116676
2.799640678269193
2.825279454704246
2.774411272463182
2.8570058461471537
2.829495458178221
2.869084192002993
2.7785063430498846
2.7434092919788373
2.7089092603907323
2.569015492217675
2.623092452832945
2.7525810631368732
2.895467526554901
2.887004757633587
2.9652658527472817
2.894130419736776
2.822808010076359
2.7980305409436443
2.738883077692099
2.684008612476012
2.630091438584005
2.570445420297286
2.496199108014819
2.4737495357142256
2.5829350969204907
2.498842710690741
2.5165447230640305
2.6374212848985743
2.6301941817644265
2.543640251942583
2.4702030454699115
2.410700131923762
2.49579329991942
2.5110695200132733
2.4504336048912547
2.4266636075002506
2.369273281162994
2.281989817111324
2.298968592967999
2.518927648314067
2.609512573975983
2.4883043718499467
2.4413731796329197
2.3504866733130134
2.2905932705288987
2.4435083453187163
2.421663820169026
2.3804494295401994
2.371234817951012
2.471481216656465
2.4891021861310856
2.517778194483423
2.468423299356756
2.3994222279487882
2.5481037175060166
2.6687993895623565
2.6114281137407778
2.579291144409358
2.5200610947982556
2.582732561366419
2.7333341870417946
2.9237741403197726
2.785893543726427
2.7158198799477247
2.6441120226812407
2.6909694396501775
2.634122440107811
2.741947695414807
2.782166270490349
2.6551749150805217
2.644500748793921
2.5257268945153433
2.521814971559677
2.5205546739097224
2.699322267684328
2.6696767320215535
2.824742085642964
2.8741789669943922
2.8352499000065206
2.7492264163576126
2.748494924571326
2.647220097025409
2.660737909126694
2.6171891137565675
2.579815944386902
2.605055896888432
2.513774105876174
2.4784601750232453
2.533040546761536
2.5588168757887404
2.567726032936458
2.5128716900157464
2.655659524291118
2.665469901791889
2.703589230998213
2.6465588607250137
2.811050317837819
2.7792173871532224
2.720101727103647
2.679562143379946
2.6572290198756936
2.6117795397955135
2.611837422197702
2.5862651970019956
2.4884211151875593
2.408347480238918
2.3443722605527295
2.30873441658285
2.431808460346861
2.383402220049595
2.3567378585087413
2.425718579035121
2.462865144309002
2.4288401584626844
2.3361003929949593
2.3249506768506913
2.4157347130364712
2.4540161416903175
2.333725070600603
2.300648757575643
2.243505900432786
2.2542066334036903
2.3634468559348227
2.3542322443456354
2.4542793860036296
2.590063867415875
2.508149787186749
2.425595571659107
2.370787119257551
2.4185185526496915
2.442633477282874
2.5181491465682244
2.4795430265969305
2.3921691430464698
2.483661677353092
2.50395654555377
2.430576023962261
2.384692823850833
2.459676258397357
2.4928014683032496
2.516448145463457
2.5181839929710774
2.486388832085151
2.4506279987312136
2.363991436917403
2.3110827671536853
2.403298267009311
2.3937132222516233
2.4612826002275305
2.47741032378902
2.6363385985202106
2.606772370747028
2.660501457843476
2.630084240877264
2.7084337105330665
2.5924227228132724
2.6729926491872917
2.8361899750996176
2.7539941421051415
2.7680339797932376
2.710106374858092
2.5784481970152973
2.682486046001996
2.703322768563237
2.758310913221969
2.7265103912297888
2.8878140499183758
2.957355442851804
2.820155262385123
2.8667628537505436
2.9034747868198134
2.7715717747166124
2.8461655777539123
2.8699786068371633
2.8807627140109275
2.7204413002708963
2.7441857663256206
2.6429562477112984
2.6778697016004784
2.620051561299798
2.5486803533818163
2.653338815557991
2.5636893474110565
2.5428165646955203
2.627605296247932
2.567893631658225
2.543891175902746
2.5231970255078027
2.502827653915287
2.4568222093057055
2.444963995040596
2.4616099847798476
2.474415531869675
2.527585749398977
2.5761558967333564
2.4965823034508823
2.463754489874155
2.4327111716561016
2.390659119270613
2.405410662337548
2.369270879678976
2.2856412725800874
2.2313439130488564
2.2016429224833622
2.166213415238168
2.2356342171139616
2.2310212270212
2.274288685722059
2.3295422633320904
2.2914470252368524
2.2331112408547305
2.115221350826695
2.039264653014008
2.191216401650312
2.3263265102454707
2.3463252290084213
2.4916004979094994
2.4082206169365143
2.3420560668118178
2.293485919477438
2.1928705166358995
2.2076486263871384
2.2445669410352806
2.145353334524364
2.060720884181299
2.0398972295565097
1.9103230062384564
2.0985513010871606
2.2883149528054254
2.3886140738283705
2.34284046750433
2.384606657662268
2.348370274450664
2.276373057885122
2.3881385239707047
2.4527558440403636
2.48211202040408
2.5164132990606047
2.529531810975669
2.4646140583054734
2.4605438060565525
2.388732780049619
2.4095162466048587
2.402138384231088
2.4892685380541297
2.593548628919967
2.578095712263602
2.5933883603837637
2.57014748171121
2.4967331720922497
2.5255897042235613
2.536698492613624
2.4788647334232294
2.515101116634834
2.476758233086045
2.45488280644481
2.379917305987047
2.3298269184131057
2.393700616536533
2.348369215954217
2.487295209080864
2.46425358745577
2.38863380723362
2.4527733200207056
2.494029414887294
2.5176155516487646
2.450725177278542
2.4336126627860026
2.3719118399798553
2.3068485797745457
2.3569344731811563
2.3585378796425145
2.2602178201580547
