-0.6840384356390417
-1.8872482041970287
-2.48986695508983
-2.523171359414879
-2.771661212156639
-2.8836489173770006
-3.3576693697281788
-3.3335562501957376
-3.224174205995674
-3.356611144757695
-3.7405473167382626
-3.625989941815854
-3.683937051046637
-3.702367944554447
-3.817012440482701
-3.8067531874496088
-3.655725796786758
-3.749566877854579
-3.520733845479129
-3.4169246464873706
-3.6524631636216114
-3.8624925996996726
-3.773463564204404
-3.764130608168453
-3.6461265173380335
-3.8457211724050784
-3.6590909450143436
-3.85991606424374
-3.6786553409474854
-3.6413144717654804
-3.7463042446894317
-3.3997527032672976
-3.3469903423986462
-3.7730437899079625
-3.5764732577291922
-3.698717214543126
-3.7201444178033096
-3.742647961352691
-3.5376685269401245
-3.884370209115492
-3.6891179350944023
-3.793027960137546
-3.6362684532199063
-3.7112811262939562
-3.495491087835723
-3.5105623864413666
-3.3198310228836747
-3.464524768702467
-3.2001365466343064
-3.3291606901335697
-2.93513074113692
-3.100227385890665
-3.3577691501884943
-3.0910988165596103
-3.143003416055489
-2.957553762596948
-2.852097326585917
-3.0950244247486425
-2.8020084629102175
-2.8905678338788876
-3.179367052419126
-2.877312271093423
-2.7593081802630035
-3.280305579406278
-3.0120348975487596
-3.0621237612244587
-3.184648762518277
-3.389396488497187
-2.891618295726616
-2.879073642346746
-2.8804710767676642
-2.749211423151781
-2.9895619858585736
-2.998475167598084
-2.8857658189228723
-2.6232619657604337
-2.9571624744258935
-2.636987193072496
-2.81833571036408
-2.774583492971958
-2.628074011332986
-2.858315364298746
-2.6980806553477112
-2.9228902549222617
-2.8361620738431
-2.920038038426504
-2.5611593769498557
-2.5021573315346455
-2.3889941450037497
-2.338905281328051
-2.3526305086401136
-2.4514304159757505
-2.4269762711039973
-2.588714065216977
-2.356702786080101
-2.363800231999431
-2.256525058728702
-2.2684345502205856
-2.131132386869797
-2.075446645043086
-1.974780536498964
-1.9402326359555073
-1.900531553055877
-1.8534389991325508
-1.7082933949839254
-1.5196202408637383
-1.7261837026628275
-1.5949240490469436
-1.5585604126833073
-1.4910132503038458
-1.3923521869447808
-1.270515990899785
-1.2341523545361486
-1.1108340201025677
-1.147197656466204
-1.1108340201025677
-1.1108340201025677
-1.1108340201025677
-1.0971087927905048
-1.038106747375295
-1.038106747375295
-0.8986567062325899
-0.8986567062325899
-0.8986567062325899
-0.8986567062325899
-0.6840384356390417
-0.6840384356390417
-0.6840384356390417
-0.6840384356390417
-0.6840384356390417
-0.6840384356390417
-0.6840384356390417
-1.2146432190943257
-1.4832624582134217
-1.5963391132879374
-1.6100643406000006
-1.7117666686624244
-1.5151683233477526
-1.5151683233477526
-1.6464279769636367
-1.4788046869841165
-1.4788046869841167
-1.5151683233477526
-1.4788046869841165
-1.6606228688022984
-1.4788046869841167
-1.4788046869841167
-1.5963391132879374
-1.4650794596720538
-1.4650794596720538
-1.4650794596720538
-1.5963391132879374
-1.5963391132879374
-1.4650794596720538
-1.4650794596720538
-1.4650794596720538
-1.7967025047094263
-1.6001041593947547
-1.5151683233477526
-1.6827916133272733
-1.5151683233477526
-1.646427976963637
-1.5151683233477529
-1.5151683233477529
-1.429542122897363
-1.429542122897363
-1.429542122897363
-1.438139280879305
-1.3068796272634213
-1.438139280879305
-1.4017756445156688
-1.3068796272634213
-1.3068796272634213
-1.6416159313910843
-1.3430896228580276
-1.3931784865337271
-1.3430896228580276
-1.5244381401496108
-1.3430896228580276
-1.3430896228580276
-1.3931784865337271
-1.3430896228580276
-1.3430896228580276
-1.3430896228580276
-1.3931784865337271
-1.3430896228580276
-1.3430896228580276
-1.3430896228580276
-1.3430896228580276
-1.7102500046700904
-1.838229030723083
-1.429542122897363
-1.393178486533727
-1.429542122897363
-1.5608017765132474
-1.393178486533727
-1.429542122897363
-1.4017756445156688
-1.5697149582527574
-1.589776831848398
-1.5244381401496108
-1.429542122897363
-1.429542122897363
-1.589776831848398
-1.429542122897363
-1.429542122897363
-1.5608017765132471
-1.429542122897363
-1.429542122897363
-1.429542122897363
-1.7280684314304202
-1.5515319597113895
-1.5151683233477529
-1.646427976963637
-1.867204086058234
-1.7069693771071992
-1.9925967579171389
-1.6706057407435626
-1.7570582407828985
-1.8382290307230829
-1.8382290307230829
-1.851954258035146
-1.8018653943594467
-1.9807291572082821
-1.7206946044192621
-1.7655017579958103
-1.8883178943987826
-1.706969377107199
-1.5863789320826918
-1.7176385856985756
-1.5863789320826918
-1.5863789320826918
-1.6812749493349395
-1.5273768866674822
-1.8972310761382927
-1.7206946044192617
-1.7206946044192617
-1.706969377107199
-1.6706057407435626
-1.8809293133702971
-1.7570582407828985
-1.7206946044192617
-1.924681530762419
-1.636467795758391
-1.6001041593947547
-1.636467795758391
-1.7313638130106388
-1.5637405230311185
-1.7603388683457897
-1.636467795758391
-1.636467795758391
-1.7603388683457897
-1.6001041593947547
-1.5863789320826918
-1.7176385856985756
-1.4788046869841165
-1.393178486533727
-1.429542122897363
-1.393178486533727
-1.3568148501700905
-1.4307506998508197
-1.5608017765132474
-1.429542122897363
-1.589776831848398
-1.5244381401496108
-1.393178486533727
-1.3068796272634213
-1.270515990899785
-1.270515990899785
-1.4381392808793052
-1.3068796272634213
-1.3068796272634213
-1.3068796272634213
-1.3068796272634213
-1.1835612928298405
-1.1835612928298405
-1.147197656466204
-1.4381392808793052
-1.5170495591211257
-1.3568148501700905
-1.306725986494391
-1.3931784865337271
-1.306725986494391
-1.306725986494391
-1.3568148501700905
-1.306725986494391
-1.306725986494391
-1.3568148501700905
-1.7102500046700904
-1.8155906216715099
-1.720694604419262
-1.8809293133702973
-1.9670039298962192
-1.8268310945408248
-1.7570582407828985
-1.7206946044192621
-1.6001041593947547
-1.6001041593947547
-1.6001041593947547
-1.5151683233477529
-1.4788046869841167
-1.4424410506204801
-1.3568148501700903
-1.3568148501700905
-1.3568148501700903
-1.2566371228186917
-1.306725986494391
-1.2341523545361481
-1.1840634908604488
-1.1840634908604488
-1.1108340201025677
-1.0971087927905048
-1.278457310082088
-1.1108340201025677
-1.147197656466204
-1.147197656466204
-1.0596031188777222
-1.023239482514086
-0.9350203425962261
-0.8986567062325899
-1.307432365417239
-1.147197656466204
-1.5534131954847616
-1.3568148501700903
-1.646427976963637
-1.5151683233477526
-1.4287158233084172
-1.4788046869841165
-1.4788046869841165
-1.4650794596720538
-1.4287158233084172
-1.4287158233084172
-1.320451213806454
-1.3430896228580276
-1.306725986494391
-1.306725986494391
-1.559975476924301
-1.6253141686230883
-1.7677274493742754
-1.76033886834579
-1.8883178943987826
-1.720694604419262
-1.8155906216715099
-1.9354523391051357
-1.958090748156709
-1.8268310945408248
-2.1199031942686917
-1.9233048489540203
-2.0835395579050555
-1.9960321216812935
-1.959668485317657
-2.1729050600914057
-2.172905060091406
-2.2044566508824897
-2.122816196415706
-2.122816196415706
-2.090928138933541
-1.8869412125903842
-2.0772029116214776
-2.238243751790193
-2.078009042839158
-2.159179832779343
-2.0279201791634587
-2.3420640870022926
-1.9960321216812933
-1.959668485317657
-1.959668485317657
-1.9095796216419574
-1.840556321852888
-1.8041926854892512
-1.7904674581771884
-1.754103821813552
-1.6479673316919892
-1.6342421043799262
-1.5752400589647164
-2.02237450367107
-1.9644273944402868
-1.754103821813552
-1.971815975468772
-1.8041926854892514
-1.9670039298962192
-2.0898200662991915
-1.8405563218528878
-1.9198694851898659
-2.0081796118324085
-1.7904674581771884
-1.8405563218528875
-1.8405563218528875
-2.008179611832408
-1.9507021671282236
-1.7904674581771884
-1.9507021671282236
-1.8268310945408248
-2.1725685934003236
-1.8869412125903842
-1.754103821813552
-1.8883178943987826
-1.720694604419262
-1.7570582407828983
-1.6843309680556255
