-0.6840384356390417
-1.2796006728797202
-2.3474982023940414
-2.7550653128399705
-2.8403372389471118
-3.116629420526115
-3.157654940364693
-3.2297500526434986
-3.113902722972571
-3.262137144996874
-3.553046235905966
-3.8498223085720356
-3.8683595814566516
-3.844932559633424
-3.9281224265076133
-3.6092684047514174
-3.786985450402641
-3.6872274973476835
-3.6180160891295396
-3.7892209605192613
-3.96630179869143
-4.140653696115068
-3.9366667697719118
-4.0059280682202125
-3.8483985339123965
-4.137657386362695
-3.884292505749434
-3.793027960137546
-3.6575415326069365
-3.903593579709322
-3.6489194859765814
-3.707921531391791
-3.2617683065216614
-3.734025914722336
-3.6694510240988203
-3.554023468724334
-3.1152618263222087
-3.5882802341586357
-3.6842311875953104
-3.8787196605411287
-3.5940185767283293
-4.128744204623185
-4.04047596876367
-4.056016931895913
-3.8170124404827
-3.926573014100207
-3.6664048241162894
-3.8530350515070237
-3.8426471592866465
-3.591491931502554
-3.6463928407508064
-3.8712024403253573
-3.732845340790142
-3.4286337983049475
-3.429394597940701
-3.5087496520607058
-3.3559065255776748
-3.3292168705893026
-3.3453270118710634
-3.1790497931851247
-3.1337729750819783
-3.3274011347691226
-3.2344203669599754
-2.9930309615770647
-2.9930309615770647
-2.8981349443248168
-3.029394597940701
-3.25467386204185
-3.067573970124516
-3.103745985001919
-3.2273229210406447
-3.2135976937285817
-3.3155911569001595
-3.3226886028194906
-3.359052239183127
-3.3167833500039636
-3.4384072933031318
-3.48839664335591
-3.2702148251740923
-3.2392440317041387
-3.1212399408737195
-2.9885200817302042
-2.952156445366567
-2.8931543999513583
-2.8702248557906294
-3.023067982273661
-3.0830605686899037
-3.07115107719802
-2.9398914235821354
-3.0756719876614182
-3.2225108754680916
-3.0960632674247606
-3.1861472391044554
-3.3822990425778565
-3.3886356888614335
-3.2994810156183982
-3.2679294248273143
-3.4465827980922166
-3.301128252637672
-3.273677798013545
-3.4812991974365795
-3.409458362092827
-3.3148534799497344
-3.3844499274484434
-3.1811857896788243
-3.0883966433559102
-3.149214424591299
-3.1967267528110668
-3.2064007341863303
-3.140301242851789
-3.302943988457851
-3.19127654391101
-3.3292168705893017
-3.05184138550604
-3.1790497931851247
-3.0544179209619724
-3.0374926154776025
-2.993270733558882
-2.8778431781843947
-2.608987224669049
-2.9524244577903946
-2.8303822130919647
-2.8569847470744945
-2.768171471772357
-2.507855925935027
-2.383984853347629
-2.3934511112672663
-2.5478188384613225
-2.552093523080354
-2.465641023041018
-2.4440096394695643
-2.349698893875145
-2.523055752283649
-2.47296688860795
-2.4366032522443137
-2.5617047889940636
-2.488977516266791
-2.25525473495273
-2.370812702215693
-2.6117936526697627
-2.522603893953817
-2.6618825163454627
-2.7275123431534047
-2.638483307658136
-2.5883944439824367
-2.6618825163454627
-2.6117936526697623
-2.5235254168102474
-2.568332570386796
-2.654785070426132
-2.5478188384613225
-2.343362247591567
-2.4440096394695643
-2.5096394662775063
-2.6677964983373883
-2.6332485977939313
-2.420348489711265
-2.638530307893083
-2.6021666715294467
-2.5156671712551635
-2.343362247591567
-2.35708747490363
-2.4361513939144803
-2.5902571800375633
-2.7995258164798713
-2.5968849614302956
-2.638530307893083
-2.5805831986623
-2.543164626114237
-2.7699872075925365
-2.7974376622166623
-2.5286785991664207
-2.6016970070028487
-2.486692115920013
-2.341707234992066
-2.24634155321322
-2.5215811532470904
-2.4351286532077547
-2.6738817576811234
-2.594505672057932
-2.4223614716150133
-2.217075362768914
-2.442939898527891
-2.406576262164255
-2.5724308165585428
-2.372789161256551
-2.468154843035397
-2.4526138799031543
-2.4281597350314015
-2.5520308076188
-2.459241661295887
-2.4366032522443133
-2.3190688259404926
-2.350150752204978
-2.6382578894500535
-2.4790781166834455
-2.538080162098655
-2.588169025774354
-2.2799032359128413
-2.7699872075925365
-2.61561948039848
-2.6608962985016267
-2.5668579713502373
-2.4203484897112655
-2.3476212169839923
-2.232616325901157
-2.175738957612047
-2.175738957612047
-2.139375321248411
-2.02083386946447
-2.000011196233076
-1.9188292700725496
-1.990750411582142
-1.9162074030346894
-2.1447049420518685
-2.130979714739805
-1.9135586961937405
-1.7040149581378525
-2.014516258115986
-1.8445656770066607
-1.720694604419262
-1.7944768133309614
-1.9907504115821422
-2.0634776843094143
-2.1907314235704263
-2.1317293781552165
-2.225067021651993
-2.48188007034746
-2.5557092794941063
-2.73180783540872
-2.6608962985016267
-2.5566174349832704
-2.4253577813673863
-2.309639090883745
-2.483599027146843
-2.765146303293012
-2.772243749212343
-2.5428922076712075
-2.5291669803591446
-2.5655306167227807
-2.320170762359866
-2.588169025774354
-2.774059485032522
-2.831245794627552
-2.7299920995885403
-2.5703426622953334
-2.7239706213568224
-2.7473487985409624
-2.844971021939616
-2.7747992531650887
-2.745533062720783
-2.7722437492123424
-2.647611876989191
-2.606415163549815
-2.5779097727412625
-2.445516433983823
-2.276971621147872
-2.306998611227931
-2.546003102641143
-2.5322778753290796
-2.099886652254978
-2.1591798327793423
-2.157027630268081
-2.400000060012734
-2.252729778738009
-2.2682818780905936
-2.226636531627806
-2.2767253953035054
-2.217723349888296
-2.2319182417269574
-2.2975480685348995
-2.212911304315743
-2.2856385770430157
-2.392913750313745
-2.290909150921825
-2.000791030803923
-2.153634157286954
-2.229754902995354
-2.325457051465282
-2.2545455145581883
-2.372091077082352
-2.392152950677992
-2.48624025759018
-2.3410091508178663
-2.6385303078930837
-2.7534881987409716
-2.819878825184667
-2.7560647341969045
-2.5431646261142378
-2.5879717796907853
-2.7835151888210303
-2.5883944439824367
-2.850328479556376
-2.826976271103997
-2.89970354383127
-2.826976271103997
-2.7846986527484345
-2.84251723423624
-2.7197010978332683
-2.7837124349045994
-2.84251723423624
-2.6807609260136993
-2.6670356987016364
-2.6332485977939317
-2.3554324623041287
-2.6696122341575683
-2.6746215258136896
-2.515244506963513
-2.8338012985802985
-2.7577577222645266
-2.9063128111144407
-2.970126902102203
-3.107566076688993
-3.155839204544513
-3.0597127231299144
-3.242291704583849
-3.0986528949494834
-3.2285664772717864
-3.141353177596697
-3.2166056226525654
-3.1576035772373556
-3.2076924409130547
-2.981067105518325
-2.8427100059831103
-3.0467482954536047
-2.6665290645566273
-3.157654940364693
-2.9531983494949374
-3.0549006775573613
-2.8583023322426895
-3.018537041193725
-3.140246878284934
-3.1901984850412552
-3.1401096213655557
-3.174849143395247
-3.213914952962583
-2.980952971284275
-3.2658195524584617
-3.3092806347414285
-3.036492043860031
-3.2217731985176665
-3.202005461470699
-3.0262297893874215
-3.3237666616892447
-2.9912152257568847
-2.893422412375184
-2.806969912335849
-3.1974875524468196
-2.812251622435
-3.2087856481560286
-3.4363545269443225
-3.369963900500627
-3.4532105794849492
-3.1979542155339
-3.1055848435074265
-3.434538791124143
-3.445267708683833
-3.0781343888833006
-2.972677952872269
-3.115847097980037
-3.3132062429304616
-2.943511276050884
-3.061045702354705
-3.1461521311004597
-2.865971957751058
-2.975785395419174
-2.864117950872332
-2.8865266185586256
-2.6232619657604337
-2.54162151129365
-2.452068467858947
-2.4431552861194366
-2.5086167255707803
-2.5566174349832704
-2.533239257799131
-2.695519573961108
-2.4778074203058886
-2.5833281214748305
-2.65124334862955
-2.4520684678589464
-2.4657936951710093
-2.411632554055324
-2.3752689176916872
-2.245627753812414
-2.1598890531738846
-2.071620817314369
-2.264007193471562
-2.1960919663168426
-2.109639466277507
-2.261882516345463
-2.286336661217215
-2.0949072134853237
-1.8505775762267476
-1.754103821813552
-1.740378594501489
-1.7040149581378528
-1.6706057407435626
-2.053456429935555
-1.9718159754687719
-2.2160296756832905
