-0.6840384356390417
-2.0635082948242323
-2.853324789308749
-2.7257557253178066
-2.9265527084478182
-3.1072660638514153
-3.442249644800687
-3.396972826697539
-3.3440132910172338
-3.20516726858446
-3.4381983988638867
-3.366182035542209
-3.5139219813435325
-3.5766086987596943
-3.575315806482326
-3.3792495538092693
-3.2909813179497536
-3.4953565723595323
-3.1209912911634783
-3.210784127734019
-3.5462151133994078
-3.6381905684168916
-3.6961406790871942
-3.4341278945561253
-3.640006304237071
-3.451216026900789
-3.6807844716873004
-3.562883471447631
-3.391077708841176
-3.613495178666142
-3.4337339775471367
-3.3934976246641444
-3.503884714818477
-3.489918242627417
-3.5155529614313634
-3.5842289882218363
-3.3465206778720478
-3.5784277233659294
-3.3543789234271317
-3.576214473059789
-3.2640537068684394
-3.4568450525648267
-3.531854724199359
-3.2614771714125066
-3.508925180038631
-3.48716317775404
-3.354325744410918
-3.5228159047120813
-3.356238673188564
-3.4847621702760323
-3.2658195524584617
-3.2529692590162016
-2.90839119591839
-3.238051838600334
-3.2493921519426987
-3.233090389174703
-3.3722082883456705
-3.2201259614983933
-3.1901984850412552
-2.8946146054789885
-2.9803576690099094
-3.060473522765667
-3.0485126681464463
-3.155787841417177
-3.235142895537181
-3.2303308499646284
-3.066758805921908
-2.697306823655902
-2.8868077230512426
-2.953198349494938
-2.762936650463844
-2.725531109971837
-2.8709856554263826
-2.911124856686994
-2.5957072774933123
-2.7996942038364687
-2.488432104222583
-2.8246723566476573
-2.5988078208886805
-2.47289114109034
-2.6405144310698603
-2.7198694851898653
-2.396091590923081
-2.375268917691687
-2.536999368626776
-2.3389052813280506
-2.818805374890678
-2.8915326476179515
-2.806895883398795
-2.4728911410903405
-2.6924190305657394
-2.6924190305657394
-2.8498873011551633
-2.760858265659895
-2.8567907635877208
-2.614348784020923
-2.631705482973345
-2.550534693033161
-2.4325306022027418
-2.8206211107108574
-2.7453173025276523
-2.834346338022921
-2.5737040303297247
-2.825433156283411
-2.844210222303863
-2.6197206165654374
-2.518243706711096
-2.3053435986284296
-2.3279820076800024
-2.3279820076800024
-2.2916183713163667
-2.4429398985278907
-2.232616325901157
-2.4651556432878134
-2.69951647648507
-2.4866163684024034
-2.38899414500375
-2.3597279545594447
-2.323364318195808
-2.2643622727805988
-2.190874200417573
-2.5377601682625293
-2.2888164176523516
-2.2005481817928363
-2.1270601094298103
-2.038791873570295
-1.9903214996312066
-1.970259626035566
-1.8170753627689145
-1.780259868075445
-1.7668257758725368
-1.7091021053239852
-1.4405563218528876
-1.3997585234301124
-1.6408698857726587
-1.5114259679769542
-1.742572213835082
-1.4910132503038458
-1.6876115956185171
-1.393178486533727
-1.393178486533727
-1.393178486533727
-1.5608017765132471
-1.3068796272634213
-1.5172031998901556
-1.3068796272634213
-1.3068796272634213
-1.3068796272634213
-1.3068796272634213
-1.3068796272634213
-1.438139280879305
-1.3068796272634213
-1.4671143362144559
-1.3068796272634213
-1.3068796272634213
-1.3068796272634213
-1.5244381401496108
-1.429542122897363
-1.5534131954847616
-1.6827916133272733
-1.646427976963637
-1.5151683233477526
-1.4788046869841167
-1.8445656770066605
-1.9644273944402866
-2.0081796118324085
-1.7541038218135518
-1.8041926854892512
-1.9681120025305685
-1.8869412125903837
-1.8869412125903842
-2.2270950599340624
-2.188154888114494
-2.2234635882937033
-1.968918133748249
-2.0416454064755216
-2.369514541626419
-2.1591909689996847
-2.072738468960349
-2.2039981225762326
-2.1454657416876217
-2.100177787364133
-2.072727332740007
-2.08645256005207
-1.8041926854892516
-1.8489998390657998
-1.7177401854499155
-1.667651321774216
-1.6676513217742164
-1.5978784680162899
-1.525151195289017
-1.5096102321567746
-1.5096102321567746
-1.5096102321567746
-1.3544718865888103
-1.2477239410791812
-1.2477239410791812
-1.1840634908604488
-1.1108340201025677
-1.1108340201025677
-1.0232394825140858
-1.1908627724936063
-1.0596031188777222
-1.0596031188777222
-1.0596031188777222
-1.0596031188777222
-1.0596031188777222
-1.0596031188777222
-1.0596031188777222
-1.0596031188777222
-1.0596031188777222
-1.0596031188777222
-1.023239482514086
-1.023239482514086
-1.023239482514086
-0.9350203425962261
-0.8986567062325899
-0.8986567062325899
-0.8986567062325899
-0.809827492271665
-0.809827492271665
-1.0662799962121103
-0.8986567062325899
-1.1908627724936063
-1.4470524626188155
-1.4017756445156688
-1.270515990899785
-1.270515990899785
-1.2204271272240854
-1.270515990899785
-1.4017756445156688
-1.2204271272240854
-1.2204271272240854
-1.270515990899785
-1.270515990899785
-1.2204271272240854
-1.2204271272240854
-1.2204271272240854
-1.1840634908604488
-1.617460858347177
-1.3697137778932076
-1.3697137778932076
-1.1614250818088758
-1.1614250818088758
-1.1614250818088758
-1.1614250818088758
-1.1614250818088758
-1.1614250818088758
-1.1614250818088758
-1.1614250818088758
-1.1614250818088758
-1.1614250818088758
-1.1614250818088758
-1.1614250818088758
-1.1614250818088758
-1.1614250818088758
-1.0957952550009336
-0.809827492271665
-0.809827492271665
-0.809827492271665
-0.809827492271665
-0.809827492271665
-0.6840384356390417
-0.6840384356390417
-0.6840384356390417
-0.6840384356390417
-0.6840384356390417
-0.6840384356390417
-0.6840384356390417
-0.6840384356390417
-0.6840384356390417
-0.6840384356390417
-0.6840384356390417
-0.6840384356390417
-0.6840384356390417
-0.6840384356390417
-0.6840384356390417
-0.6840384356390417
-0.6840384356390417
-0.6840384356390417
-0.6840384356390417
-0.6840384356390417
-0.6840384356390417
-0.6840384356390417
-0.6840384356390417
-0.6840384356390417
-0.6840384356390417
-0.6840384356390417
-0.6840384356390417
-0.6840384356390417
-0.6840384356390417
-0.6840384356390417
-0.6840384356390417
-0.6840384356390417
-0.6840384356390417
-0.6840384356390417
-0.6840384356390417
-0.6840384356390417
-0.6840384356390417
-0.6840384356390417
-0.6840384356390417
-0.6840384356390417
-0.6840384356390417
-0.6840384356390417
-0.6840384356390417
-0.6840384356390417
-0.6840384356390417
-0.6840384356390417
-0.6840384356390417
-0.6840384356390417
-0.6840384356390417
-0.6840384356390417
-0.6840384356390417
-0.6840384356390417
-0.6840384356390417
-0.6840384356390417
-0.6840384356390417
-0.6840384356390417
-0.6840384356390417
-0.6840384356390417
-0.6840384356390417
-0.6840384356390417
-0.6840384356390417
-0.6840384356390417
-0.6840384356390417
-0.6840384356390417
-0.6840384356390417
-0.6840384356390417
-0.6840384356390417
-0.6840384356390417
-0.6840384356390417
-0.6840384356390417
-0.6840384356390417
-0.6840384356390417
-0.6840384356390417
-0.6840384356390417
-0.6840384356390417
-0.6840384356390417
-0.6840384356390417
-0.6840384356390417
-0.6840384356390417
-0.6840384356390417
-0.6840384356390417
-0.6840384356390417
-0.6840384356390417
-0.6840384356390417
-0.6840384356390417
-0.6840384356390417
-0.6840384356390417
-0.6840384356390417
-0.6840384356390417
-0.6840384356390417
-0.6840384356390417
-0.6840384356390417
-0.6840384356390417
-0.6840384356390417
-0.6840384356390417
-0.6840384356390417
-0.6840384356390417
-0.6840384356390417
-0.6840384356390417
-0.6840384356390417
-0.6840384356390417
-0.6840384356390417
-0.6840384356390417
-0.6840384356390417
-0.6840384356390417
-0.6840384356390417
-0.6840384356390417
-0.6840384356390417
-0.6840384356390417
-0.6840384356390417
-0.6840384356390417
-0.6840384356390417
-0.6840384356390417
-0.6840384356390417
-0.6840384356390417
-0.6840384356390417
-0.6840384356390417
-0.6840384356390417
-0.6840384356390417
-0.6840384356390417
-0.6840384356390417
-0.6840384356390417
-0.6840384356390417
-0.6840384356390417
-0.6840384356390417
-0.6840384356390417
-0.6840384356390417
-0.6840384356390417
-0.6840384356390417
-0.6840384356390417
-0.6840384356390417
-0.6840384356390417
-0.6840384356390417
-0.6840384356390417
-0.6840384356390417
-0.6840384356390417
-0.6840384356390417
-0.6840384356390417
