0.4537163391869448
1.721756996741021
2.407554350467454
2.869752741342221
3.2497552828770973
3.718244554416306
3.988282061717232
4.179318026016432
4.286151978200736
4.49770702198407
4.6674301099280235
4.754635922054825
4.782534517340106
4.663754411839627
4.874807014271135
4.738577163772045
4.94684947473423
4.853496714628956
5.036170142224119
4.951690400102761
5.0489157607759445
5.099206602822835
5.053876307498889
5.22705503209948
5.266603699064753
5.19039584279019
5.213680524087433
5.1513101739126785
5.188906910472294
5.258606902833311
5.243654205241693
5.165839361458806
5.194485708701574
5.111626513376338
5.009313183909049
5.165027827368029
4.9522751047562865
5.132064816565585
4.926708060596359
5.074016140651466
4.907051957138467
5.132391665996684
5.0514734062807465
4.928566915479992
4.888162450759967
5.055334650564767
4.953177928310737
4.924754005035984
4.88853917874731
4.84664658920442
4.8614435256058375
4.76538936651548
5.036855437466572
4.95616510159498
4.9338648832151435
4.838882469900378
4.7461979204083935
4.591098607687098
4.541750737807575
4.614301541651471
4.4933312560689735
4.406793447753058
4.265120520100182
4.241204834522503
4.220865641698671
4.249466423465899
4.259777249804221
4.247654506977913
4.102727487940668
4.048655571184459
4.107254608430356
4.038402492309805
3.9352926454380897
3.8726052595724916
3.8925146621751465
3.835627473115629
3.746597546316602
3.7334946152693442
3.7024715718159635
3.6104368979475447
3.6650601019868434
3.664281642423785
3.605307141212398
3.6296158326341614
3.545926144893767
3.422438181521138
3.4937251711450004
3.457916412101805
3.292733134613216
3.3976061902784185
3.4434608731528193
3.3006381175702346
3.3650844350232303
3.3853216407402043
3.339951152070041
3.3081957277808325
3.402754107927983
3.2736757629598063
3.2617302704173543
3.2866490120704666
3.3026912918453943
3.2514464491190376
3.070631866462632
2.927048167836577
3.010951250809131
2.932763112629646
2.786762307911924
2.7060260296148604
2.6885280675162533
2.703671786237996
2.7845924146472347
2.8438891981829144
2.778315339361435
2.6037674488268996
2.6284613838954334
2.673610738999618
2.689453873275831
2.650249206172006
2.64465307673082
2.6661163940502455
2.628976403738454
2.560053541006446
2.435500373417989
2.434210664648779
2.3768217927538946
2.241042120267531
2.0740591912638626
2.077261321517636
2.0290356412852577
1.9793095251338304
1.9898716434192254
2.0202932396145252
1.988958658172008
1.9427280622054517
1.947971558329725
1.8713429918800917
1.7113770762763398
1.7132359311599739
1.6404805983649853
1.6865301503994565
1.7659981084167753
1.8393038347792123
1.8781039330978955
1.787720837901009
1.6534494713411942
1.7707430492013232
1.7485140797459424
1.748700270304551
1.8633258233466559
1.7840772207001379
1.7884372195730158
1.9021518505655046
2.0862497329685703
2.036965463552122
1.9320805514142037
2.045492201747334
2.053775278411473
2.0427715633086634
2.0619219417031163
2.133961139208577
2.1020229126500096
2.023563477286521
2.013318103153018
2.1088260837351487
2.153480615929711
2.0526784350261145
2.018358179082755
2.1780716295032776
2.439126450249243
2.4350915300187124
2.363129635370411
2.3169634577870433
2.2224132359429243
2.248671663953863
2.3790737007442035
2.3114222431464864
2.4273370965586363
2.432510694429303
2.2818365136851755
2.302434357365493
2.329194550106585
2.364418598368978
2.3527879712607906
2.325753133149523
2.3721728691694484
2.353283579415084
2.2312836427424187
2.3256279286417474
2.347139440116159
2.459469698965206
2.5559833734658244
2.5271911601879227
2.6634396780322196
2.68737145875231
2.5570385263157265
2.619850292923343
2.729226236441236
2.6199200442933552
2.678232094359979
2.6737191230051205
2.672416935250508
2.8112242735416784
2.722513842669818
2.7244546837782133
2.7643628051438194
2.7552670528625316
2.6102731738263465
2.517492490705565
2.4576626863397557
2.3539734275157715
2.6336260352526795
2.662074456448094
2.7477235171131693
2.764086512333612
2.764967860678932
2.712990033146009
2.6958012689820237
2.753163734053927
2.7787907226467254
2.8069563527305004
2.6779097432505115
2.578981031558821
2.6333994210557448
2.6067317810082784
2.4794911519222635
2.532533094254043
2.708044255791078
2.695714498804223
2.7701087991777804
2.7480786055773163
2.682922257198755
2.708063820581362
2.7026102633064735
2.579137858975164
2.6761257702819456
2.6475543417105167
2.55478759201751
2.6493421782304
2.6820841998332794
2.7203844315292924
2.590730166285497
2.633073655904
2.592058522322632
2.7542466781881676
2.831111651445165
2.8350516719475367
2.88367580135702
2.8246740893305287
2.9230693212295322
2.9089733027761535
2.844618826018376
2.802190097184909
2.6090775725867608
2.808944879863957
2.78250859898637
2.8256784450518624
2.7503010640167833
2.8047519300776265
2.801170294175223
3.105467489282102
3.044165063730028
3.063305326584052
3.015443677370515
2.9129331868748176
3.0093728484808433
2.99740469332857
2.9655302419110883
2.9532168286698988
2.9350412271740014
2.8517469115691156
2.7660186980172505
2.953795035021992
2.817928467162993
2.9435764949745646
2.960094203025621
2.927435431078944
2.97109791812843
3.0886312675997694
3.061062148348811
2.9337111781540353
2.9931351840321905
3.0278043919053617
3.004885777656281
3.087204618026771
2.9300457013673573
2.7927687137129587
3.0639612982691387
2.9921633387510553
2.977749370163021
2.886035123736789
3.0182414158898117
3.0124545590065175
2.916960521839802
2.9068980198717105
2.956385808955006
2.8345301504766045
2.8027625336088393
2.8754986620165757
2.9081293964387473
2.945003144547563
2.836956521420328
2.7512265191750642
2.6774795272643224
2.6824786868896604
2.703756123489082
2.647984552800718
2.6662827459732896
2.549073917014722
2.4629733976030663
2.45230177729896
2.3942913545049525
2.4223036991545337
2.600675156497708
2.5260652540812276
2.5368493612549923
2.560028173171867
2.5358798942704035
2.5563672293798714
2.65944041724098
2.63517370390226
2.6215861404309635
2.6716281803222994
2.651396513296171
2.674108586105057
2.732820938832491
2.7549892251343087
2.823008784117838
2.7792936368246677
2.6314675459032317
2.721410413159693
2.7447931011206843
2.9459494750985944
2.989774253440324
2.7860498787992465
2.8100755052640887
2.78189031039003
2.973061039134005
2.865179981838512
2.995123544593272
2.9112148577566184
2.961697115980635
2.973394453598723
2.8187294447328797
3.013789066673451
3.0270838419705313
3.0795154520274552
2.9946095231826955
2.830346353978544
2.8459738584752863
2.875711460277375
3.0466210874741364
2.942486179200915
2.878430210085756
2.9524855385823905
3.0070947339364884
2.9464292656284163
2.925374450799678
2.9183951156548766
2.799435548027501
2.7978266646425216
2.735521820890728
2.8319777279118026
2.755217818946482
2.89904369476469
2.802100793192565
2.729318030575481
2.694032747079209
2.6565237979880543
2.81350080483251
2.776617475981135
2.875498662016576
2.7343842917896772
2.781577373899925
2.6397325189305128
2.6915391269404823
2.534209037085682
2.5954958501664094
2.5502474444868755
2.751549343095263
2.767757464396312
2.883752360867069
3.03793008630896
3.0928114607358532
3.1876478147026486
3.130281191185341
3.0690680817935627
2.934700658269805
3.148030155175087
3.1594135558467196
3.2239320083306944
3.1750526630616926
3.047473460623053
3.032399493271323
2.973293670308032
3.0574199416653878
3.1494141964652442
3.114115846480122
3.09410305111885
3.022547650592853
3.0471392456146438
