-0.6840384356390417
-0.9314864442651655
-2.1369993686267765
-2.580306305882572
-2.699896391167891
-2.902335594114695
-3.3143080679055266
-3.382223295060246
-3.258668927522917
-3.270546972784982
-3.3428859174456327
-3.538429326575878
-3.5654632956896193
-3.6214690313524556
-3.4055227232872576
-3.4192479505993205
-3.408515744253575
-3.7246430684562273
-3.9810042588218613
-3.8426471592866474
-3.7610067048198634
-3.5763707426667524
-3.720009552301118
-3.5473457971014435
-3.6127343790303885
-3.517190167834099
-3.597193415898146
-3.5953776800779664
-4.072632089583543
-3.9786809547099113
-3.7005329503633058
-3.792267160501793
-4.092380568259548
-4.056016931895913
-4.089804032803617
-4.109940608325796
-4.105128562753244
-4.035194258664519
-4.0070022627756
-3.9641172243960376
-4.087302199274222
-3.987124471922823
-3.8116429363882194
-3.883315272931066
-3.8883936419163914
-3.7213556235946994
-3.926103349573609
-3.9598904504813124
-3.787746250038394
-3.662823242706088
-3.531854724199359
-3.565463295689619
-3.537668526940125
-3.150047682958606
-3.2026317456302618
-3.259818055225292
-2.9690434797923912
-3.1790497931851247
-3.1123781222615468
-3.092025113556751
-3.0548493144300246
-3.0925972931457886
-3.221887332751716
-2.9572481225345584
-3.016669942246209
-3.0169610773553632
-2.9120226675587477
-3.1212913040010566
-2.847166672442616
-2.7300674745045646
-2.69951647648507
-2.8409741194156535
-2.9314235219789513
-2.832060937676143
-2.7371649204238957
-2.9247059907424413
-2.8067018999120217
-2.6715350936159528
-2.694683399409331
-2.4203484897112655
-2.603221607713873
-2.420348489711265
-2.3934511112672663
-2.225827821287746
-2.225827821287746
-2.4023642930067766
-2.2759166849634456
-2.18946418492411
-2.225827821287746
-2.3570874749036306
-2.468154843035397
-2.2188910985890935
-2.1167369121968376
-2.1167369121968376
-2.0577348667816278
-2.014743449025259
-1.9272839235058035
-1.8980177330614978
-1.7277614398237753
-1.7277614398237753
-1.5793830859147007
-1.5860108673074331
-1.9614842211378363
-1.9981843241925548
-1.7485841130551691
-1.6984952493794696
-1.6951017763983423
-1.8627250663778627
-1.6706057407435626
-1.5151683233477526
-1.3931784865337271
-1.3931784865337271
-1.3430896228580276
-1.3931784865337271
-1.3931784865337271
-1.3568148501700905
-1.3430896228580276
-1.3430896228580276
-1.306725986494391
-1.2204271272240854
-1.1471976564662039
-1.1108340201025677
-1.0232394825140858
-1.0232394825140858
-1.0232394825140858
-0.89865670623259
-0.89865670623259
-0.89865670623259
-0.89865670623259
-0.809827492271665
-0.809827492271665
-0.6840384356390417
-0.6840384356390417
-0.6840384356390417
-0.6840384356390417
-0.6840384356390417
-0.6840384356390417
-0.6840384356390417
-0.6840384356390417
-0.6840384356390417
-0.6840384356390417
-0.6840384356390417
-0.6840384356390417
-0.6840384356390417
-0.6840384356390417
-0.6840384356390417
-0.6840384356390417
-0.6840384356390417
-0.6840384356390417
-0.6840384356390417
-0.6840384356390417
-0.6840384356390417
-0.6840384356390417
-0.6840384356390417
-0.6840384356390417
-0.6840384356390417
-0.6840384356390417
-0.6840384356390417
-0.6840384356390417
-0.6840384356390417
-0.6840384356390417
-0.6840384356390417
-0.6840384356390417
-0.6840384356390417
-0.6840384356390417
-0.6840384356390417
-0.6840384356390417
-0.6840384356390417
-0.6840384356390417
-0.6840384356390417
-0.6840384356390417
-0.6840384356390417
-0.6840384356390417
-0.6840384356390417
-0.6840384356390417
-0.6840384356390417
-0.6840384356390417
-0.6840384356390417
-0.6840384356390417
-0.6840384356390417
-0.6840384356390417
-0.6840384356390417
-0.6840384356390417
-0.6840384356390417
-0.6840384356390417
-0.6840384356390417
-0.6840384356390417
-0.6840384356390417
-0.6840384356390417
-0.6840384356390417
-0.6840384356390417
-0.6840384356390417
-0.6840384356390417
-0.6840384356390417
-0.6840384356390417
-0.6840384356390417
-0.6840384356390417
-0.6840384356390417
-0.6840384356390417
-0.6840384356390417
-0.6840384356390417
-0.6840384356390417
-0.6840384356390417
-0.6840384356390417
-0.6840384356390417
-0.6840384356390417
-0.6840384356390417
-0.6840384356390417
-0.6840384356390417
-0.6840384356390417
-0.6840384356390417
-0.6840384356390417
-0.6840384356390417
-0.6840384356390417
-0.6840384356390417
-0.6840384356390417
-0.6840384356390417
-0.6840384356390417
-0.6840384356390417
-0.6840384356390417
-0.6840384356390417
-0.6840384356390417
-0.6840384356390417
-0.6840384356390417
-0.6840384356390417
-0.6840384356390417
-0.6840384356390417
-0.6840384356390417
-0.6840384356390417
-0.6840384356390417
-0.6840384356390417
-0.6840384356390417
-0.6840384356390417
-0.6840384356390417
-0.6840384356390417
-0.6840384356390417
-0.6840384356390417
-0.6840384356390417
-0.6840384356390417
-0.6840384356390417
-0.6840384356390417
-0.6840384356390417
-0.6840384356390417
-0.6840384356390417
-0.6840384356390417
-0.6840384356390417
-0.6840384356390417
-0.6840384356390417
-0.6840384356390417
-0.6840384356390417
-0.6840384356390417
-0.6840384356390417
-0.6840384356390417
-0.6840384356390417
-0.6840384356390417
-0.6840384356390417
-0.6840384356390417
-0.6840384356390417
-0.6840384356390417
-0.6840384356390417
-0.6840384356390417
-0.6840384356390417
-0.6840384356390417
-0.6840384356390417
-0.6840384356390417
-0.6840384356390417
-0.6840384356390417
-0.6840384356390417
-0.6840384356390417
-0.6840384356390417
-0.6840384356390417
-0.6840384356390417
-0.6840384356390417
-0.6840384356390417
-0.6840384356390417
-0.6840384356390417
-0.6840384356390417
-0.6840384356390417
-0.6840384356390417
-0.6840384356390417
-0.6840384356390417
-0.6840384356390417
-0.6840384356390417
-0.6840384356390417
-0.6840384356390417
-0.6840384356390417
-0.6840384356390417
-0.6840384356390417
-0.6840384356390417
-0.6840384356390417
-0.6840384356390417
-0.6840384356390417
-0.6840384356390417
-0.6840384356390417
-0.6840384356390417
-0.6840384356390417
-0.6840384356390417
-0.6840384356390417
-0.6840384356390417
-0.6840384356390417
-0.6840384356390417
-0.6840384356390417
-0.6840384356390417
-0.6840384356390417
-0.6840384356390417
-0.6840384356390417
-0.6840384356390417
-0.6840384356390417
-0.6840384356390417
-0.6840384356390417
-0.6840384356390417
-0.6840384356390417
-0.6840384356390417
-0.6840384356390417
-0.6840384356390417
-0.6840384356390417
-0.6840384356390417
-0.6840384356390417
-0.6840384356390417
-0.6840384356390417
-0.6840384356390417
-0.6840384356390417
-0.6840384356390417
-0.6840384356390417
-0.6840384356390417
-0.6840384356390417
-0.6840384356390417
-0.6840384356390417
-0.6840384356390417
-0.6840384356390417
-0.6840384356390417
-0.6840384356390417
-0.6840384356390417
-0.6840384356390417
-0.6840384356390417
-0.6840384356390417
-0.6840384356390417
-0.6840384356390417
-0.6840384356390417
-0.6840384356390417
-0.6840384356390417
-0.6840384356390417
-0.6840384356390417
-0.6840384356390417
-0.6840384356390417
-0.6840384356390417
-0.6840384356390417
-0.6840384356390417
-0.6840384356390417
-0.6840384356390417
-0.6840384356390417
-0.6840384356390417
-0.6840384356390417
-0.6840384356390417
-0.6840384356390417
-0.6840384356390417
-0.6840384356390417
-0.6840384356390417
-0.6840384356390417
-0.6840384356390417
-0.6840384356390417
-0.6840384356390417
-0.6840384356390417
-0.6840384356390417
-0.6840384356390417
-0.6840384356390417
-0.6840384356390417
-0.6840384356390417
-0.6840384356390417
-0.6840384356390417
-0.6840384356390417
-0.6840384356390417
-0.6840384356390417
-0.6840384356390417
-0.6840384356390417
-0.6840384356390417
-0.6840384356390417
-0.6840384356390417
-0.6840384356390417
-0.6840384356390417
-0.6840384356390417
-0.6840384356390417
-0.6840384356390417
-0.6840384356390417
-0.6840384356390417
-0.6840384356390417
-0.6840384356390417
-0.6840384356390417
-0.6840384356390417
-0.6840384356390417
-0.6840384356390417
-0.6840384356390417
-0.6840384356390417
-0.6840384356390417
-0.6840384356390417
-0.6840384356390417
-0.6840384356390417
-0.6840384356390417
-0.6840384356390417
-0.6840384356390417
