-0.6840384356390417
-1.7125274682981773
-2.637728734337288
-2.782416253841176
-3.208160289550777
-3.2025907331285275
-3.3533768789123815
-3.502588533755053
-3.828921931974584
-3.4997270895048707
-3.7534016906087633
-3.734394753197549
-3.6517023639858586
-3.7703895510859726
-3.7592686723657422
-3.9295693238525815
-3.6634277727348774
-3.4698563690317763
-3.448983805570225
-3.4842925057494347
-3.690458453062563
-3.9942219178421543
-4.139206798770101
-3.693564143631261
-3.854634354144588
-3.956913399099901
-3.925545891051681
-3.7743344176459668
-3.642420343771136
-3.839093391012346
-3.7924519162341417
-3.6200760712682354
-3.2761286957217113
-3.4243132275158565
-3.6154457799885127
-3.2315627870241594
-3.3874019359130267
-3.179993336578688
-3.2866422256898553
-3.4317795119103995
-3.6267507414516067
-3.6270641363712413
-3.2982974402466856
-3.3518023879711993
-3.295502228413152
-3.293485394674133
-3.1680838450868047
-3.327398133329604
-3.301128252637672
-2.9572365033629464
-3.2529692590162016
-3.3948466973972447
-3.1444023790187474
-2.929786048738821
-3.0900207576898557
-3.2606902476519073
-3.3793057342650012
-3.394846697397244
-3.2178405611516157
-3.220225475121314
-2.9297860487388205
-3.1263843940534928
-3.342942097901365
-3.2702148251740923
-3.2175494260424604
-3.2428638841728867
-3.1319572392617987
-3.053033578609845
-3.1784262504687497
-3.0612473544574765
-3.070160536196987
-2.9948567280137817
-2.8836744020628675
-2.7097144657997685
-2.86842457403978
-2.723439693111832
-2.8999761648308633
-2.8909876081753287
-2.656084252929074
-2.4980850540946595
-2.4253577813673863
-2.4253577813673863
-2.409816818235144
-2.67280578999351
-2.4923149628027845
-2.3137871158413414
-2.232616325901157
-2.211632929449085
-2.0511070853888955
-1.9844702331008335
-2.0137252873247973
-2.086116093360988
-2.0408392752578415
-1.8869412125903842
-1.821311385782442
-1.9280637580766502
-1.706969377107199
-1.706969377107199
-1.8308404496945976
-1.6001041593947547
-1.5515319597113895
-1.429542122897363
-1.393178486533727
-1.393178486533727
-1.658636540283366
-1.5500152957190556
-1.5273768866674824
-1.5273768866674824
-1.5273768866674824
-1.5500152957190556
-1.491013250303846
-1.6812749493349395
-1.5500152957190558
-1.7176385856985756
-1.7603388683457897
-1.5151683233477526
-1.5151683233477529
-1.6100643406000006
-1.4788046869841167
-1.6464279769636367
-1.5151683233477529
-1.5151683233477529
-1.3068796272634213
-1.3068796272634213
-1.270515990899785
-1.270515990899785
-1.821917449216932
-1.5863789320826918
-1.6812749493349393
-1.7176385856985756
-1.7176385856985756
-1.5863789320826918
-1.5863789320826918
-1.5863789320826918
-1.5863789320826918
-1.5863789320826918
-1.5273768866674824
-1.5863789320826918
-1.5863789320826918
-1.5500152957190556
-1.5273768866674824
-1.5273768866674824
-1.5273768866674824
-1.4253834234959037
-1.2705159908997847
-1.2705159908997847
-1.147197656466204
-1.147197656466204
-1.1108340201025677
-1.15449913612997
-1.0232394825140858
-1.0232394825140858
-1.0596031188777222
-0.89865670623259
-0.89865670623259
-1.0662799962121103
-0.9350203425962262
-0.9350203425962262
-0.89865670623259
-0.89865670623259
-0.89865670623259
-1.029916359848474
-0.89865670623259
-0.89865670623259
-0.89865670623259
-0.89865670623259
-0.89865670623259
-0.89865670623259
-0.89865670623259
-0.89865670623259
-0.89865670623259
-0.89865670623259
-0.89865670623259
-0.89865670623259
-0.89865670623259
-0.89865670623259
-0.89865670623259
-0.89865670623259
-0.89865670623259
-0.89865670623259
-0.89865670623259
-0.89865670623259
-0.89865670623259
-0.89865670623259
-0.6840384356390417
-0.6840384356390417
-0.6840384356390417
-0.6840384356390417
-0.6840384356390417
-0.6840384356390417
-0.6840384356390417
-0.6840384356390417
-0.6840384356390417
-0.6840384356390417
-0.6840384356390417
-0.6840384356390417
-0.6840384356390417
-0.6840384356390417
-0.6840384356390417
-0.6840384356390417
-0.6840384356390417
-0.6840384356390417
-0.6840384356390417
-0.6840384356390417
-0.6840384356390417
-0.6840384356390417
-0.6840384356390417
-0.6840384356390417
-0.6840384356390417
-0.6840384356390417
-0.6840384356390417
-0.6840384356390417
-0.6840384356390417
-0.6840384356390417
-0.6840384356390417
-0.6840384356390417
-0.6840384356390417
-0.6840384356390417
-0.6840384356390417
-0.6840384356390417
-0.6840384356390417
-0.6840384356390417
-0.6840384356390417
-0.6840384356390417
-0.6840384356390417
-0.6840384356390417
-0.6840384356390417
-0.6840384356390417
-0.6840384356390417
-0.6840384356390417
-0.6840384356390417
-0.6840384356390417
-0.6840384356390417
-0.6840384356390417
-0.6840384356390417
-0.6840384356390417
-0.6840384356390417
-0.6840384356390417
-0.6840384356390417
-0.6840384356390417
-0.6840384356390417
-0.6840384356390417
-0.6840384356390417
-0.6840384356390417
-0.6840384356390417
-0.6840384356390417
-0.6840384356390417
-0.6840384356390417
-0.6840384356390417
-0.6840384356390417
-0.6840384356390417
-0.6840384356390417
-0.6840384356390417
-0.6840384356390417
-0.6840384356390417
-0.6840384356390417
-0.6840384356390417
-0.6840384356390417
-0.6840384356390417
-0.6840384356390417
-0.6840384356390417
-0.6840384356390417
-0.6840384356390417
-0.6840384356390417
-0.6840384356390417
-0.6840384356390417
-0.6840384356390417
-0.6840384356390417
-0.6840384356390417
-0.6840384356390417
-0.6840384356390417
-0.6840384356390417
-0.6840384356390417
-0.6840384356390417
-0.6840384356390417
-0.6840384356390417
-0.6840384356390417
-0.6840384356390417
-0.6840384356390417
-0.6840384356390417
-0.6840384356390417
-0.6840384356390417
-0.6840384356390417
-0.6840384356390417
-0.6840384356390417
-0.6840384356390417
-0.6840384356390417
-0.6840384356390417
-0.6840384356390417
-0.6840384356390417
-0.6840384356390417
-0.6840384356390417
-0.6840384356390417
-0.6840384356390417
-0.6840384356390417
-0.6840384356390417
-0.6840384356390417
-0.6840384356390417
-0.6840384356390417
-0.6840384356390417
-0.6840384356390417
-0.6840384356390417
-0.6840384356390417
-0.6840384356390417
-0.6840384356390417
-0.6840384356390417
-0.6840384356390417
-0.6840384356390417
-0.6840384356390417
-0.6840384356390417
-0.6840384356390417
-0.6840384356390417
-0.6840384356390417
-0.6840384356390417
-0.6840384356390417
-0.6840384356390417
-0.6840384356390417
-0.6840384356390417
-0.6840384356390417
-0.6840384356390417
-0.6840384356390417
-0.6840384356390417
-0.6840384356390417
-0.6840384356390417
-0.6840384356390417
-0.6840384356390417
-0.6840384356390417
-0.6840384356390417
-0.6840384356390417
-0.6840384356390417
-0.6840384356390417
-0.6840384356390417
-0.6840384356390417
-0.6840384356390417
-0.6840384356390417
-0.6840384356390417
-0.6840384356390417
-0.6840384356390417
-0.6840384356390417
-0.6840384356390417
-0.6840384356390417
-0.6840384356390417
-0.6840384356390417
-0.6840384356390417
-0.6840384356390417
-0.6840384356390417
-0.6840384356390417
-0.6840384356390417
-0.6840384356390417
-0.6840384356390417
-0.6840384356390417
-0.6840384356390417
-0.6840384356390417
-0.6840384356390417
-0.6840384356390417
-0.6840384356390417
-0.6840384356390417
-0.6840384356390417
-0.6840384356390417
-0.6840384356390417
-0.6840384356390417
-0.6840384356390417
-0.6840384356390417
-0.6840384356390417
-0.6840384356390417
-0.6840384356390417
-0.6840384356390417
-0.6840384356390417
-0.6840384356390417
-0.6840384356390417
-0.6840384356390417
-0.6840384356390417
-0.6840384356390417
-0.6840384356390417
-0.6840384356390417
-0.6840384356390417
-0.6840384356390417
-0.6840384356390417
-0.6840384356390417
-0.6840384356390417
-0.6840384356390417
-0.6840384356390417
-0.6840384356390417
-0.6840384356390417
-0.6840384356390417
-0.6840384356390417
-0.6840384356390417
-0.6840384356390417
-0.6840384356390417
-0.6840384356390417
-0.6840384356390417
-0.6840384356390417
-0.6840384356390417
-0.6840384356390417
-0.6840384356390417
-0.6840384356390417
-0.6840384356390417
-0.6840384356390417
-0.6840384356390417
-0.6840384356390417
