-0.6840384356390417
-1.2999536815845152
-2.084328822321815
-2.4564865964225104
-3.0215862426157747
-3.192666629145844
-3.1685535096134028
-3.33513074113692
-3.2486782410975845
-3.4271061961544045
-3.6564865964225106
-3.811859369570835
-3.6805997159549513
-3.5784277233659294
-3.654094816698927
-3.977266407804696
-4.001720552676449
-3.977266407804696
-3.8908139077653603
-3.8544502714017246
-3.9635411804926335
-4.1746255527551215
-4.062644713288645
-4.066479526042829
-4.075392707782339
-3.983894189197429
-4.021672372466281
-3.8330230681415416
-3.593677551389017
-3.755217426428943
-3.839964244453908
-3.753909258900533
-3.9021188692284543
-3.978211290183313
-3.8556614771931144
-3.7381270508892936
-3.578947278122685
-3.327867797856202
-3.590333926071757
-3.6298247545700377
-3.7641306081684527
-3.910875781361001
-3.6569562609491086
-3.538482505592091
-3.4883404629001786
-3.443751985701231
-3.4645746589326247
-3.4653295822794736
-3.3046252088018404
-3.1459151005618295
-3.100306134847794
-3.2979974274091077
-3.1232766915102563
-3.179367052419126
-3.237314161649909
-2.9939173989605843
-3.0977265979523425
-2.9110993720011265
-2.967204621286884
-3.1609322945969494
-3.2135976937285813
-2.9071476396872473
-3.0311559691940237
-2.8293403089635953
-2.7840634908604485
-2.8229936320634805
-2.7558392045445133
-2.8941963040797276
-2.57344878312456
-2.80535582861844
-2.5663513372052287
-2.625353382620438
-2.5752645189447385
-2.5274111653856597
-2.4119836100111733
-2.425417702214082
-2.3886342915540046
-2.6401205140608717
-2.2774519656030905
-2.50063573226314
-2.2888164176523516
-2.3924283705605407
-2.2611687169446566
-2.203998122576233
-1.9915565427998225
-1.9818372298426319
-2.5096394662775063
-2.4361513939144803
-2.4228780249322504
-2.4228780249322504
-2.415489443903765
-2.2051658712770306
-2.343362247591567
-2.3296370202795043
-2.080373275833201
-2.0226496052846494
-2.2980854294884203
-2.0892864575727113
-2.000011196233076
-2.2843602021763574
-2.0511070853888955
-2.160245905184111
-2.036374832596713
-1.9410091508178664
-1.8142139398631114
-1.8853634754294362
-2.013388820633715
-2.2044566508824888
-2.299363804355079
-2.3934511112672667
-2.2246472473555525
-2.306998611227931
-2.290909150921825
-2.078009042839158
-2.290909150921825
-2.138066024438794
-2.627334615802005
-2.704160134701026
-2.8390830086794496
-2.6799032359128407
-2.657264826861268
-2.7384356168014525
-2.6799032359128407
-2.8473107656992305
-3.0546195730647443
-2.945809768466452
-3.0122003949101477
-2.7618947463354737
-2.6980806553477112
-2.7321588913645694
-2.9821734048300885
-2.79930028682748
-2.9328453407901423
-2.8285664772717856
-3.0457063913252336
-2.9207988380622565
-2.5593436411296757
-2.69951647648507
-2.7269669311091964
-2.522980004766039
-2.4754466450430854
-2.5289697342755755
-2.4361513939144808
-2.0864636962724123
-2.2830620415870833
-2.3720910770823513
-2.3720910770823513
-2.254086986251932
-2.0416454064755216
-2.2693368142750203
-2.0501000599087758
-2.450637420862297
-2.1304621395089
-2.5096394662775063
-2.2621914576513826
-2.6481572890333993
-2.518243706711096
-2.5594193886472856
-2.47296688860795
-2.3053435986284296
-2.4366032522443133
-2.3190688259404926
-2.4139648431927396
-2.5096394662775063
-2.311099747394888
-2.225827821287746
-2.377910148135024
-2.5008870077586742
-2.3773727871815025
-2.1143726792027944
-2.0642838155270953
-2.2634586962976986
-2.2092686964550423
-1.9960321216812935
-1.945943258005594
-1.945943258005594
-1.945943258005594
-1.9095796216419574
-1.8268310945408248
-1.8268310945408248
-1.7570582407828985
-1.6001041593947547
-1.7677274493742754
-1.636467795758391
-1.7677274493742754
-1.5515319597113895
-1.880929313370297
-1.706969377107199
-1.5500152957190556
-1.5863789320826915
-1.7677274493742754
-1.5863789320826918
-1.6001041593947547
-1.6001041593947547
-1.9681426130453858
-1.9310181770459964
-1.851954258035146
-2.2452958661275964
-2.090928138933541
-2.2545455145581883
-2.078009042839158
-2.1143726792027944
-2.078009042839158
-2.195543469142979
-2.209268696455042
-2.0416454064755216
-2.288332615465892
-2.1729050600914057
-2.4310931224975616
-2.2904506226155688
-2.3708127022156935
-2.2258278212877465
-2.4793035348915278
-2.4366032522443133
-2.25525473495273
-2.18946418492411
-2.1304621395089005
-2.254086986251932
-2.072738468960349
-2.1902728952641697
-2.1729050600914057
-2.3810042588218616
-2.159190968999685
-2.2266365316278063
-2.0953768780119226
-2.3557893143143556
-2.0727384689603485
-2.086463696272412
-2.2830620415870833
-2.217723349888296
-2.109102105323985
-2.072738468960349
-2.217723349888296
-2.2906968484599353
-2.261721793124784
-2.109102105323985
-2.122816196415706
-1.9915565427998225
-1.941467679124123
-2.0408392752578415
-2.123607167206895
-1.9258282479600302
-1.8769199582165246
-1.7904674581771884
-1.840556321852888
-1.7904674581771884
-1.7206946044192621
-1.706969377107199
-2.083539557905055
-1.9233048489540205
-1.873215985278321
-2.1362049570366874
-1.873215985278321
-2.004475638894205
-1.9807291572082821
-1.8041926854892514
-1.8041926854892514
-1.6706057407435626
-1.9217271117930725
-1.740378594501489
-1.702199222317673
-1.611603695328353
-1.8917001217130134
-1.579383085914701
-2.2163661423743726
-2.3278212844593247
-2.2406079847842357
-2.452453156682476
-2.2258278212877465
-2.175738957612047
-2.3069986112279306
-2.537250644122311
-2.41396484319274
-2.4503284795563762
-2.2621914576513826
-2.1955546053633213
-2.3720910770823513
-2.1228273326360485
-2.363424121187208
-2.1454657416876217
-2.4430026139894445
-2.4716208173143683
-2.660699052418058
-2.432893143091134
-2.5304943349866003
-2.5078559259350275
-2.3338959896719293
-2.33389598967193
-2.585592490318421
-2.7318078354087194
-2.470634599470533
-2.402719372315813
-2.3752689176916872
-2.490987608175329
-2.492803343995508
-2.402719372315813
-2.402719372315813
-2.266178008600778
-2.271459718699929
-2.123525416810248
-2.4714922895713913
-2.166986499093215
-2.384698652748434
-2.41396484319274
-2.471492289571391
-2.2916183713163667
-2.18946418492411
-1.9778313154877594
-1.9915565427998223
-1.9778313154877594
-1.9188292700725496
-1.9032883069403068
-2.1517912517508573
-1.941467679124123
-1.8913788154484235
-1.8368523489146844
-1.7348588857431064
-1.9162074030346896
-1.7485841130551694
-1.6587381400347059
-1.6342421043799262
-1.611603695328353
-1.4287158233084172
-1.320451213806454
-1.3568148501700903
-1.320451213806454
-1.2840875774428178
-1.1840634908604488
-1.1840634908604488
-1.2204271272240852
-1.1108340201025677
-1.1108340201025677
-1.023239482514086
-0.9350203425962261
-0.8986567062325899
-0.8986567062325899
-0.8986567062325899
-0.8986567062325899
-1.2420936737184518
-1.0232394825140858
-0.9350203425962261
-0.8986567062325899
-0.9350203425962261
-0.8986567062325899
-0.8986567062325899
-0.9350203425962261
-0.8986567062325899
-0.8986567062325899
-0.8986567062325899
-0.8986567062325899
-0.8986567062325899
-0.8986567062325899
-0.8986567062325899
-0.8986567062325899
-0.8986567062325899
-0.8986567062325899
-0.6840384356390417
-1.029916359848474
-0.89865670623259
-0.89865670623259
-0.89865670623259
-0.89865670623259
-0.89865670623259
-0.89865670623259
-0.89865670623259
-1.3969635989431162
-1.4743492764739115
-1.3568148501700905
-1.4153472310587016
-1.5534131954847616
-1.3568148501700905
-1.3931784865337271
-1.429542122897363
-1.3568148501700905
-1.3568148501700905
-1.3568148501700905
-1.3568148501700905
-1.3568148501700905
-1.3568148501700905
-1.3568148501700905
-1.646427976963637
-1.4287158233084174
-1.6917047950667836
-1.306879627263421
-1.2705159908997847
-1.306879627263421
-1.306879627263421
-1.2705159908997847
-1.2705159908997847
-1.2705159908997847
-1.2705159908997847
-1.306879627263421
-1.2705159908997847
-1.2705159908997847
-1.2705159908997847
-1.2341523545361484
-1.2204271272240854
-1.2204271272240854
-1.1108340201025677
-1.1108340201025677
