-3.321928094887362
-2.5219280948873624
-3.121928094887362
-2.0464393446710156
-2.5219280948873624
-2.3709505944546687
-2.6464393446710153
-2.321928094887362
-2.4464393446710155
-1.295461844238322
-1.7709505944546688
-2.0464393446710156
-1.6854752972273346
-2.321928094887362
-1.3609640474436813
-2.1609640474436813
-1.1567796494470395
-1.295461844238322
-1.7709505944546688
-1.5709505944546687
-1.9609640474436814
-2.1609640474436813
-2.1709505944546685
-1.1567796494470395
-1.6854752972273346
-1.7709505944546688
-1.1567796494470395
-1.5709505944546687
-1.6854752972273346
-1.5709505944546687
-1.5709505944546687
-1.1567796494470395
-0.8812908992306927
-1.0
-1.6854752972273346
-0.8812908992306927
-1.295461844238322
-1.3609640474436813
-1.6854752972273346
-1.295461844238322
-1.9609640474436814
-1.6854752972273346
-0.8812908992306927
-1.5709505944546687
-1.5709505944546687
-1.295461844238322
-1.295461844238322
-1.5709505944546687
-1.6854752972273346
-0.7219280948873623
-1.3567796494470397
-1.9609640474436814
-0.8812908992306927
-0.8812908992306927
-1.295461844238322
-1.6854752972273344
-2.321928094887362
-1.3567796494470397
-1.295461844238322
-2.0464393446710156
-0.8812908992306927
-1.295461844238322
-1.9609640474436814
-1.5709505944546687
-1.295461844238322
-1.6854752972273346
-1.1567796494470395
-1.295461844238322
-1.9609640474436814
-1.5709505944546687
-1.3567796494470397
-1.1567796494470395
-0.9219280948873623
-0.7219280948873623
-1.1567796494470395
-0.8812908992306927
-1.7219280948873623
-2.0464393446710156
-0.8812908992306927
-0.8812908992306927
-0.8812908992306927
-0.8812908992306927
-0.8812908992306927
-1.5709505944546687
-1.1567796494470395
-1.295461844238322
-0.8812908992306927
-1.295461844238322
-0.8812908992306927
-0.8812908992306927
-1.295461844238322
-2.1219280948873624
-1.295461844238322
-0.7219280948873623
-0.8812908992306927
-1.1567796494470395
-0.8812908992306927
-0.8812908992306927
-1.1567796494470395
-0.8812908992306927
-0.8812908992306927
-0.8812908992306927
-0.8812908992306927
-0.9709505944546686
-1.295461844238322
-0.8812908992306927
-0.8812908992306927
-0.8812908992306927
-0.9709505944546686
-0.8812908992306927
-0.8812908992306927
-1.295461844238322
-0.8812908992306927
-1.360964047443681
-0.9219280948873623
-0.8812908992306927
-0.8812908992306927
-1.3609640474436813
-0.7219280948873623
-1.295461844238322
-0.8812908992306927
-0.8812908992306927
-0.8812908992306927
-0.9709505944546686
-0.8812908992306927
-0.8812908992306927
-1.6854752972273344
-0.9709505944546686
-1.295461844238322
-0.9219280948873623
-1.1567796494470395
-0.8812908992306927
-0.8812908992306927
-0.8812908992306927
-0.8812908992306927
-0.8812908992306927
-0.9709505944546686
-0.8812908992306927
-0.8812908992306927
-0.9709505944546686
-0.9709505944546686
-0.8812908992306927
-0.9709505944546686
-0.8812908992306927
-0.8812908992306927
-0.8812908992306927
-0.8812908992306927
-0.7219280948873623
-0.8812908992306927
-1.1567796494470395
-0.8812908992306927
-0.8812908992306927
-0.9709505944546686
-0.9709505944546686
-0.8812908992306927
-1.360964047443681
-0.9709505944546686
-0.7219280948873623
-0.9709505944546686
-0.8812908992306927
-0.8812908992306927
-1.295461844238322
-0.9709505944546686
-0.8812908992306927
-0.9709505944546686
-0.8812908992306927
-0.9709505944546686
-0.8812908992306927
-0.8812908992306927
-0.8812908992306927
-0.8812908992306927
-0.8812908992306927
-0.4689955935892812
-0.8812908992306927
-0.7219280948873623
-0.8812908992306927
-0.8812908992306927
-0.8812908992306927
-0.8812908992306927
-0.8812908992306927
-0.8812908992306927
-0.7219280948873623
-0.8812908992306927
-0.8812908992306927
-0.8812908992306927
-0.8812908992306927
-0.9709505944546686
-0.9709505944546686
-0.8812908992306927
-0.8812908992306927
-0.8812908992306927
-0.8812908992306927
-0.8812908992306927
-0.9709505944546686
-0.8812908992306927
-0.8812908992306927
-0.8812908992306927
-0.8812908992306927
-0.8812908992306927
-0.8812908992306927
-0.8812908992306927
-0.9709505944546686
-0.9709505944546686
-0.8812908992306927
-0.9709505944546686
-0.9709505944546686
-0.7219280948873623
-0.7219280948873623
-0.8812908992306927
-0.9709505944546686
-0.9709505944546686
-0.8812908992306927
-0.8812908992306927
-0.8812908992306927
-0.9709505944546686
-0.8812908992306927
-0.9709505944546686
-0.9709505944546686
-0.8812908992306927
-0.7219280948873623
-0.8812908992306927
-0.9709505944546686
-0.8812908992306927
-0.8812908992306927
-0.8812908992306927
-0.8812908992306927
-0.9709505944546686
-0.7219280948873623
-0.8812908992306927
-0.8812908992306927
-0.9709505944546686
-0.8812908992306927
-0.8812908992306927
-1.0
-0.8812908992306927
-0.8812908992306927
-0.8812908992306927
-0.8812908992306927
-0.8812908992306927
-0.8812908992306927
-0.8812908992306927
-0.8812908992306927
-0.8812908992306927
-0.8812908992306927
-0.8812908992306927
-0.9709505944546686
-0.8812908992306927
-0.8812908992306927
-0.8812908992306927
-0.7219280948873623
-0.8812908992306927
-0.9709505944546686
-0.4689955935892812
-0.8812908992306927
-0.8812908992306927
-0.7219280948873623
-0.8812908992306927
-0.8812908992306927
-0.8812908992306927
-0.8812908992306927
-0.8812908992306927
-0.7219280948873623
-0.8812908992306927
-0.8812908992306927
-0.8812908992306927
-0.8812908992306927
-0.7219280948873623
-1.0
-0.8812908992306927
-0.9709505944546686
-0.7219280948873623
-0.8812908992306927
-0.8812908992306927
-0.8812908992306927
-0.9709505944546686
-0.8812908992306927
-0.9709505944546686
-0.9709505944546686
-0.8812908992306927
-0.9709505944546686
-0.8812908992306927
-0.8812908992306927
-0.7219280948873623
-0.8812908992306927
-0.8812908992306927
-0.8812908992306927
-0.8812908992306927
-0.8812908992306927
-0.8812908992306927
-0.7219280948873623
-0.8812908992306927
-0.9709505944546686
-0.7219280948873623
-0.8812908992306927
-0.8812908992306927
-0.8812908992306927
-0.8812908992306927
-0.8812908992306927
-0.8812908992306927
-0.8812908992306927
-0.8812908992306927
-0.7219280948873623
-0.9709505944546686
-0.8812908992306927
-0.8812908992306927
-0.8812908992306927
-0.8812908992306927
-0.8812908992306927
-0.7219280948873623
-0.8812908992306927
-0.8812908992306927
-0.8812908992306927
-0.8812908992306927
-0.9709505944546686
-0.8812908992306927
-0.8812908992306927
-0.8812908992306927
-0.8812908992306927
-0.8812908992306927
-0.9709505944546686
-0.8812908992306927
-0.8812908992306927
-0.8812908992306927
-0.8812908992306927
-0.9709505944546686
-0.7219280948873623
-1.0
-0.9709505944546686
-0.9709505944546686
-0.7219280948873623
-0.9709505944546686
-0.8812908992306927
-0.8812908992306927
-0.8812908992306927
-0.8812908992306927
-0.8812908992306927
-0.8812908992306927
-1.0
-0.8812908992306927
-0.8812908992306927
-0.8812908992306927
-0.8812908992306927
-0.8812908992306927
-0.8812908992306927
-0.8812908992306927
-0.8812908992306927
-0.9709505944546686
-0.9709505944546686
-0.8812908992306927
-0.8812908992306927
-0.8812908992306927
-0.9709505944546686
-0.8812908992306927
-0.8812908992306927
-0.8812908992306927
-0.8812908992306927
-0.8812908992306927
-0.9709505944546686
-0.8812908992306927
-0.9709505944546686
-0.8812908992306927
-0.9709505944546686
-0.9709505944546686
-0.8812908992306927
-0.8812908992306927
-0.8812908992306927
-0.8812908992306927
-1.0
-0.8812908992306927
-0.8812908992306927
-0.8812908992306927
-0.8812908992306927
-0.9709505944546686
-0.9709505944546686
-0.8812908992306927
-0.7219280948873623
-0.8812908992306927
-0.8812908992306927
-0.8812908992306927
-0.9709505944546686
-0.8812908992306927
-0.8812908992306927
-0.8812908992306927
-0.8812908992306927
-0.8812908992306927
-0.8812908992306927
-0.8812908992306927
-0.8812908992306927
-0.8812908992306927
-0.8812908992306927
-0.8812908992306927
-0.8812908992306927
-0.8812908992306927
-0.8812908992306927
-0.8812908992306927
-0.8812908992306927
-0.8812908992306927
-0.8812908992306927
-0.7219280948873623
-0.8812908992306927
