3.121928094887362
3.321928094887362
3.321928094887362
2.8464393446710154
3.121928094887362
3.121928094887362
2.5219280948873624
3.121928094887362
3.321928094887362
3.321928094887362
3.121928094887362
3.121928094887362
2.5219280948873624
2.8464393446710154
2.5219280948873624
3.321928094887362
2.5219280948873624
2.8464393446710154
2.521928094887362
3.121928094887362
2.6464393446710157
2.8464393446710154
2.6464393446710153
2.8464393446710154
2.5219280948873624
2.5219280948873624
2.0464393446710156
1.5709505944546687
2.9219280948873623
1.5709505944546687
3.321928094887362
2.1609640474436813
2.1609640474436813
2.3219280948873626
1.5709505944546687
2.1609640474436813
2.1609640474436813
2.5219280948873624
2.0464393446710156
1.9609640474436814
2.1609640474436813
1.5709505944546687
1.9609640474436814
1.1567796494470395
2.5219280948873624
1.7709505944546688
2.6464393446710157
2.6464393446710157
0.4689955935892812
1.3567796494470397
2.1609640474436813
2.8464393446710154
2.321928094887362
1.7709505944546688
3.121928094887362
2.1609640474436813
1.7709505944546688
1.6854752972273344
1.9609640474436814
2.5219280948873624
1.5709505944546687
1.3567796494470397
1.5709505944546687
1.5709505944546687
1.3567796494470397
2.5219280948873624
1.1567796494470395
1.1567796494470395
1.295461844238322
1.1567796494470395
0.7219280948873623
2.0464393446710156
0.7219280948873623
1.5709505944546687
1.5709505944546687
1.5709505944546687
0.4689955935892812
1.5709505944546687
0.8812908992306927
1.9609640474436814
1.9609640474436814
2.0464393446710156
1.3567796494470397
1.295461844238322
1.3567796494470397
0.9219280948873623
0.7219280948873623
1.6854752972273344
0.7219280948873623
1.5709505944546687
0.7219280948873623
1.1567796494470395
2.1609640474436813
2.6464393446710153
0.7219280948873623
0.9219280948873623
1.1567796494470395
1.295461844238322
1.5709505944546687
1.7709505944546688
1.1567796494470395
1.5709505944546687
1.1567796494470395
1.3567796494470397
1.1567796494470395
1.3609640474436813
1.295461844238322
1.5709505944546687
1.1567796494470395
1.9609640474436814
0.7219280948873623
1.6854752972273344
1.1567796494470395
1.3567796494470397
1.1567796494470395
0.7219280948873623
1.5709505944546687
0.7219280948873623
0.7219280948873623
1.5709505944546687
0.9219280948873623
0.9219280948873623
0.7219280948873623
0.7219280948873623
1.295461844238322
0.7219280948873623
0.7219280948873623
1.5709505944546687
1.295461844238322
0.9219280948873623
1.1567796494470395
1.5709505944546687
1.5709505944546687
1.7219280948873623
0.8812908992306927
1.3567796494470397
0.4689955935892812
0.9219280948873623
1.6854752972273344
1.3567796494470397
1.9609640474436814
1.1567796494470395
1.1567796494470395
0.8812908992306927
0.8812908992306927
1.295461844238322
0.7219280948873623
0.7219280948873623
0.7219280948873623
1.1567796494470395
0.7219280948873623
1.5709505944546687
0.8812908992306927
0.9219280948873623
1.295461844238322
1.1567796494470395
1.1567796494470395
0.7219280948873623
1.1567796494470395
0.7219280948873623
1.5709505944546687
0.7219280948873623
0.8812908992306927
0.8812908992306927
0.7219280948873623
1.295461844238322
0.7219280948873623
0.8812908992306927
0.7219280948873623
1.5709505944546687
0.7219280948873623
0.8812908992306927
0.8812908992306927
0.7219280948873623
0.8812908992306927
1.6854752972273344
0.7219280948873623
1.295461844238322
1.3609640474436813
0.7219280948873623
1.1567796494470395
1.3567796494470397
0.7219280948873623
0.8812908992306927
0.7219280948873623
1.570950594454669
1.3567796494470397
0.7219280948873623
0.7219280948873623
0.9709505944546686
0.8812908992306927
0.7219280948873623
1.1567796494470395
1.6854752972273346
1.1567796494470395
0.7219280948873623
0.7219280948873623
0.7219280948873623
1.1567796494470395
1.9609640474436814
1.3567796494470397
1.9609640474436814
1.1567796494470395
1.5709505944546687
0.7219280948873623
0.7219280948873623
0.7219280948873623
0.8812908992306927
1.5709505944546687
1.295461844238322
0.7219280948873623
1.295461844238322
1.3567796494470397
0.8812908992306927
1.3567796494470397
1.3567796494470397
1.295461844238322
1.1567796494470395
1.4854752972273344
1.5709505944546687
1.3567796494470397
0.7219280948873623
1.1567796494470395
0.8812908992306927
0.7219280948873623
1.1567796494470395
1.5709505944546687
2.0464393446710156
1.1567796494470395
0.7219280948873623
1.1567796494470395
1.3567796494470397
1.295461844238322
1.1567796494470395
1.1567796494470395
1.1567796494470395
0.9219280948873623
1.1567796494470395
0.9709505944546686
0.7219280948873623
0.8812908992306927
0.8812908992306927
1.1567796494470395
1.295461844238322
0.9219280948873623
1.9609640474436814
1.1567796494470395
0.7219280948873623
0.7219280948873623
0.9219280948873623
2.1609640474436813
1.5709505944546687
1.3567796494470397
1.5709505944546687
1.1567796494470395
1.3567796494470397
0.8812908992306927
1.5709505944546687
0.9219280948873623
0.7219280948873623
0.7219280948873623
1.3609640474436813
1.5709505944546687
1.5709505944546687
0.7219280948873623
2.0464393446710156
1.6854752972273346
1.3567796494470397
1.7709505944546688
1.7609640474436812
1.9609640474436814
2.5219280948873624
1.3567796494470397
1.7709505944546688
1.3609640474436813
1.7709505944546688
1.3567796494470397
1.1567796494470395
1.5709505944546687
2.321928094887362
1.1567796494470395
1.5709505944546687
1.1567796494470395
0.7219280948873623
2.1609640474436813
1.1567796494470395
2.1609640474436813
2.321928094887362
0.7219280948873623
0.7219280948873623
1.5709505944546687
1.1567796494470395
1.7709505944546688
1.3609640474436813
1.5709505944546687
1.9609640474436814
1.7709505944546688
0.9219280948873623
2.321928094887362
1.5709505944546687
1.5709505944546687
1.5709505944546687
0.9219280948873623
1.1567796494470395
1.5709505944546687
1.5709505944546687
1.6854752972273346
1.7709505944546688
0.7219280948873623
1.5709505944546687
2.0464393446710156
1.5709505944546687
0.9219280948873623
0.9219280948873623
0.7219280948873623
0.7219280948873623
1.3567796494470397
1.3567796494470397
1.295461844238322
1.1567796494470395
1.1567796494470395
2.321928094887362
1.1567796494470395
1.3567796494470397
2.5219280948873624
1.1567796494470395
1.5709505944546687
1.3567796494470397
1.295461844238322
0.9219280948873623
1.1567796494470395
1.9609640474436814
0.9219280948873623
1.9609640474436814
2.1609640474436813
1.7709505944546688
1.5709505944546687
2.0464393446710156
0.7219280948873623
1.570950594454669
1.295461844238322
0.9219280948873623
1.1567796494470395
0.7219280948873623
0.7219280948873623
1.1567796494470395
1.5709505944546687
1.1567796494470395
1.1567796494470395
0.8812908992306927
1.7709505944546688
0.7219280948873623
1.5709505944546687
0.9219280948873623
1.9609640474436814
0.7219280948873623
2.0464393446710156
1.1567796494470395
0.8812908992306927
1.5709505944546687
0.7219280948873623
0.7219280948873623
1.295461844238322
0.9219280948873623
1.7709505944546688
1.9609640474436814
1.5709505944546687
1.295461844238322
1.5709505944546687
1.9609640474436814
1.5709505944546687
1.9609640474436814
1.1567796494470395
1.7709505944546688
0.7219280948873623
0.8812908992306927
1.1567796494470395
1.5709505944546687
0.9219280948873623
1.9609640474436814
0.9219280948873623
0.8812908992306927
1.3567796494470397
1.1567796494470395
1.1567796494470395
1.1567796494470395
0.9219280948873623
1.3567796494470397
1.295461844238322
1.5709505944546687
1.7709505944546688
1.3567796494470397
1.7709505944546688
1.9609640474436814
1.9609640474436814
1.9609640474436814
1.9609640474436814
1.5709505944546687
2.1609640474436813
1.3567796494470397
