-2.9219280948873623
-2.9219280948873623
-2.9219280948873623
-1.5709505944546687
-2.3709505944546683
-1.9609640474436814
-2.6464393446710157
-2.321928094887362
-1.3609640474436813
-2.321928094887362
-2.321928094887362
-1.6854752972273346
-1.9609640474436814
-2.5219280948873624
-2.521928094887362
-2.3219280948873626
-1.1567796494470395
-2.0464393446710156
-1.295461844238322
-1.3609640474436813
-2.046439344671015
-2.4464393446710155
-1.295461844238322
-1.7219280948873623
-1.1567796494470395
-1.6854752972273346
-1.295461844238322
-1.6854752972273346
-1.6854752972273346
-1.295461844238322
-2.321928094887362
-1.1567796494470395
-1.1567796494470395
-1.5709505944546687
-1.295461844238322
-1.6854752972273346
-1.5709505944546687
-1.5709505944546687
-2.046439344671015
-1.6854752972273346
-0.7219280948873623
-1.9609640474436814
-1.295461844238322
-1.5709505944546687
-1.295461844238322
-1.9609640474436814
-1.295461844238322
-2.046439344671015
-0.8812908992306927
-1.295461844238322
-0.8812908992306927
-1.5709505944546687
-1.6854752972273344
-1.5709505944546687
-1.295461844238322
-0.7219280948873623
-0.7219280948873623
-1.295461844238322
-0.8812908992306927
-1.1567796494470395
-1.6854752972273344
-0.8812908992306927
-0.9709505944546686
-1.5709505944546687
-1.3609640474436813
-1.295461844238322
-1.6854752972273346
-2.0464393446710156
-0.7219280948873623
-0.8812908992306927
-1.295461844238322
-0.8812908992306927
-1.5709505944546687
-1.6854752972273346
-1.1567796494470395
-0.9709505944546686
-2.0464393446710156
-0.8812908992306927
-1.1567796494470395
-1.3609640474436813
-0.8812908992306927
-1.295461844238322
-0.8812908992306927
-1.9609640474436814
-1.7219280948873623
-1.1567796494470395
-0.8812908992306927
-0.8812908992306927
-0.8812908992306927
-0.8812908992306927
-0.8812908992306927
-1.295461844238322
-1.1567796494470395
-1.295461844238322
-0.8812908992306927
-0.8812908992306927
-0.8812908992306927
-0.8812908992306927
-0.8812908992306927
-0.9709505944546686
-0.9709505944546686
-0.8812908992306927
-0.8812908992306927
-0.8812908992306927
-0.9709505944546686
-0.9709505944546686
-1.295461844238322
-0.8812908992306927
-0.8812908992306927
-0.9709505944546686
-0.9709505944546686
-0.8812908992306927
-0.8812908992306927
-0.8812908992306927
-0.8812908992306927
-0.8812908992306927
-0.8812908992306927
-0.9709505944546686
-0.8812908992306927
-0.8812908992306927
-0.8812908992306927
-0.8812908992306927
-0.7219280948873623
-0.8812908992306927
-0.9709505944546686
-0.9709505944546686
-0.9709505944546686
-0.8812908992306927
-0.9709505944546686
-0.8812908992306927
-0.8812908992306927
-0.8812908992306927
-1.1567796494470395
-1.721928094887362
-1.3609640474436813
-1.1567796494470395
-1.295461844238322
-0.8812908992306927
-0.8812908992306927
-1.3609640474436813
-0.8812908992306927
-0.8812908992306927
-0.8812908992306927
-0.9709505944546686
-1.1567796494470395
-0.8812908992306927
-0.8812908992306927
-1.295461844238322
-0.8812908992306927
-0.9709505944546686
-0.7219280948873623
-1.295461844238322
-1.1567796494470395
-0.9709505944546686
-0.7219280948873623
-0.8812908992306927
-1.295461844238322
-0.9709505944546686
-0.8812908992306927
-1.295461844238322
-0.8812908992306927
-1.1567796494470395
-0.8812908992306927
-0.8812908992306927
-0.8812908992306927
-0.8812908992306927
-0.8812908992306927
-1.295461844238322
-0.7219280948873623
-1.1567796494470395
-1.3609640474436813
-0.8812908992306927
-0.8812908992306927
-1.1567796494470395
-0.8812908992306927
-0.9709505944546686
-0.8812908992306927
-1.295461844238322
-0.9709505944546686
-0.8812908992306927
-0.8812908992306927
-0.8812908992306927
-0.8812908992306927
-0.8812908992306927
-0.9709505944546686
-0.8812908992306927
-0.8812908992306927
-0.8812908992306927
-0.8812908992306927
-1.295461844238322
-1.295461844238322
-0.8812908992306927
-0.8812908992306927
-0.8812908992306927
-1.295461844238322
-0.8812908992306927
-1.0
-1.295461844238322
-1.5709505944546687
-1.295461844238322
-1.295461844238322
-0.7219280948873623
-0.7219280948873623
-1.295461844238322
-0.8812908992306927
-0.7219280948873623
-1.1567796494470395
-0.8812908992306927
-0.8812908992306927
-0.8812908992306927
-0.9219280948873623
-1.0
-0.8812908992306927
-0.9219280948873623
-1.295461844238322
-0.7219280948873623
-1.6854752972273346
-0.9709505944546686
-0.9709505944546686
-1.360964047443681
-1.295461844238322
-1.295461844238322
-1.295461844238322
-1.360964047443681
-1.0
-1.295461844238322
-1.295461844238322
-0.9709505944546686
-0.8812908992306927
-1.295461844238322
-0.8812908992306927
-0.8812908992306927
-1.295461844238322
-0.8812908992306927
-1.6854752972273346
-0.8812908992306927
-0.8812908992306927
-0.8812908992306927
-0.8812908992306927
-1.295461844238322
-0.8812908992306927
-0.8812908992306927
-1.295461844238322
-0.8812908992306927
-1.0
-0.8812908992306927
-1.295461844238322
-0.8812908992306927
-1.295461844238322
-0.8812908992306927
-0.8812908992306927
-1.3609640474436813
-0.8812908992306927
-0.7219280948873623
-1.295461844238322
-0.8812908992306927
-0.8812908992306927
-0.8812908992306927
-0.8812908992306927
-0.8812908992306927
-1.1567796494470395
-1.3709505944546687
-0.8812908992306927
-1.1567796494470395
-0.9219280948873623
-0.8812908992306927
-0.9709505944546686
-0.9709505944546686
-0.8812908992306927
-1.295461844238322
-0.8812908992306927
-0.8812908992306927
-0.8812908992306927
-0.8812908992306927
-0.8812908992306927
-0.8812908992306927
-0.8812908992306927
-1.295461844238322
-1.295461844238322
-0.8812908992306927
-0.8812908992306927
-0.9709505944546686
-0.7219280948873623
-0.9709505944546686
-0.8812908992306927
-0.8812908992306927
-0.8812908992306927
-0.8812908992306927
-1.295461844238322
-1.3609640474436813
-0.8812908992306927
-1.1567796494470395
-1.295461844238322
-0.9709505944546686
-0.7219280948873623
-0.8812908992306927
-0.9709505944546686
-0.8812908992306927
-0.8812908992306927
-0.8812908992306927
-0.8812908992306927
-0.8812908992306927
-0.9709505944546686
-0.9709505944546686
-0.9709505944546686
-0.8812908992306927
-0.8812908992306927
-0.8812908992306927
-0.9709505944546686
-0.8812908992306927
-0.8812908992306927
-0.7219280948873623
-1.295461844238322
-0.9709505944546686
-0.8812908992306927
-0.8812908992306927
-0.7219280948873623
-0.8812908992306927
-0.8812908992306927
-0.8812908992306927
-1.1567796494470395
-0.8812908992306927
-1.295461844238322
-0.8812908992306927
-1.295461844238322
-0.9709505944546686
-0.8812908992306927
-0.8812908992306927
-0.8812908992306927
-0.8812908992306927
-0.8812908992306927
-0.8812908992306927
-0.8812908992306927
-0.9709505944546686
-0.8812908992306927
-0.8812908992306927
-1.295461844238322
-1.1567796494470395
-1.3609640474436813
-1.295461844238322
-1.295461844238322
-0.8812908992306927
-1.295461844238322
-1.295461844238322
-1.3609640474436813
-0.8812908992306927
-1.1567796494470395
-0.8812908992306927
-1.295461844238322
-0.8812908992306927
-0.8812908992306927
-1.295461844238322
-1.295461844238322
-1.6854752972273346
-1.1567796494470395
-1.1567796494470395
-1.1567796494470395
-0.7219280948873623
-1.1567796494470395
-1.295461844238322
-0.9709505944546686
-1.295461844238322
-0.8812908992306927
-1.295461844238322
-0.8812908992306927
-0.8812908992306927
-0.8812908992306927
-0.8812908992306927
-0.8812908992306927
-0.8812908992306927
-0.8812908992306927
-0.8812908992306927
-0.9709505944546686
-0.8812908992306927
-0.8812908992306927
-1.295461844238322
-1.295461844238322
-0.8812908992306927
-1.295461844238322
-0.8812908992306927
-1.5709505944546687
-1.5709505944546687
-0.8812908992306927
-1.6854752972273346
-1.295461844238322
-0.8812908992306927
-0.9709505944546686
-0.8812908992306927
-1.295461844238322
-1.295461844238322
-0.8812908992306927
-1.295461844238322
-0.8812908992306927
-1.5709505944546687
-0.8812908992306927
-0.9709505944546686
-1.295461844238322
-0.9709505944546686
-0.8812908992306927
-0.8812908992306927
