-3.321928094887362
-1.9609640474436814
-2.6464393446710153
-2.8464393446710154
-3.121928094887362
-2.0464393446710156
-1.6854752972273344
-2.0464393446710156
-2.8464393446710154
-2.3219280948873626
-2.0464393446710156
-2.0464393446710156
-2.6464393446710153
-2.321928094887362
-1.6854752972273346
-2.0464393446710156
-1.7219280948873623
-2.1709505944546685
-1.3609640474436813
-2.3709505944546683
-2.121928094887362
-2.321928094887362
-1.7219280948873623
-1.0
-1.6854752972273344
-1.7219280948873623
-1.7219280948873623
-2.0464393446710156
-1.360964047443681
-1.9609640474436814
-1.0
-1.295461844238322
-1.4854752972273344
-1.7219280948873623
-2.0464393446710156
-1.3609640474436813
-2.321928094887362
-1.360964047443681
-1.0
-1.3609640474436813
-0.9709505944546686
-1.0
-0.9219280948873623
-1.7219280948873623
-0.9709505944546686
-1.3609640474436813
-0.9709505944546686
-1.7219280948873623
-1.0
-1.3609640474436813
-1.3609640474436813
-0.8812908992306927
-1.295461844238322
-1.0
-1.0
-1.360964047443681
-1.7219280948873623
-1.7219280948873623
-1.3609640474436813
-1.0
-1.0
-1.0
-1.360964047443681
-1.6854752972273346
-2.0464393446710156
-1.360964047443681
-0.9709505944546686
-1.0
-2.0464393446710156
-1.0
-1.3609640474436813
-1.3609640474436813
-1.6854752972273344
-1.3609640474436813
-1.0
-2.0464393446710156
-1.0
-1.6854752972273346
-1.721928094887362
-1.3609640474436813
-1.6854752972273346
-1.0
-1.3609640474436813
-1.0
-0.9709505944546686
-1.0
-1.3609640474436813
-1.7219280948873623
-1.3609640474436813
-0.9709505944546686
-1.3609640474436813
-1.7219280948873623
-0.9709505944546686
-1.0
-1.3609640474436813
-1.0
-0.9709505944546686
-1.0
-1.0
-1.0
-1.0
-1.0
-1.0
-1.0
-1.0
-1.0
-0.9709505944546686
-1.3609640474436813
-1.0
-1.0
-1.0
-0.8812908992306927
-1.0
-1.0
-1.0
-0.9709505944546686
-1.3609640474436813
-1.295461844238322
-1.0
-1.3609640474436813
-1.295461844238322
-0.9709505944546686
-1.0
-1.0
-1.0
-0.9709505944546686
-0.9709505944546686
-1.0
-0.9709505944546686
-1.0
-1.0
-1.0
-0.9709505944546686
-1.3609640474436813
-1.0
-1.0
-0.9709505944546686
-1.0
-1.0
-1.0
-1.0
-1.0
-1.0
-1.0
-1.0
-1.0
-0.8812908992306927
-1.0
-1.3609640474436813
-1.0
-1.360964047443681
-1.0
-1.0
-1.295461844238322
-1.0
-0.9709505944546686
-1.0
-1.0
-0.8812908992306927
-1.0
-0.9709505944546686
-1.0
-1.0
-0.9709505944546686
-1.0
-1.3609640474436813
-1.0
-0.9709505944546686
-1.0
-1.0
-0.9709505944546686
-1.0
-0.9709505944546686
-1.0
-1.0
-0.8812908992306927
-0.9709505944546686
-1.0
-1.0
-1.0
-0.9709505944546686
-1.0
-0.9709505944546686
-1.0
-0.9709505944546686
-1.0
-0.9709505944546686
-1.0
-1.0
-0.9709505944546686
-1.0
-0.9709505944546686
-1.0
-1.0
-1.0
-1.0
-1.0
-0.9709505944546686
-0.9709505944546686
-0.9709505944546686
-1.0
-1.0
-1.0
-1.0
-1.0
-1.0
-1.0
-1.0
-1.0
-1.0
-1.0
-1.0
-1.0
-1.0
-1.0
-0.9709505944546686
-1.0
-1.0
-1.0
-1.0
-1.0
-1.0
-1.0
-0.9709505944546686
-1.0
-1.0
-1.0
-0.9709505944546686
-1.0
-1.0
-1.0
-1.0
-0.9709505944546686
-0.9709505944546686
-1.0
-1.0
-0.9709505944546686
-0.8812908992306927
-1.0
-0.9709505944546686
-0.9709505944546686
-1.0
-0.9709505944546686
-1.0
-1.0
-0.9709505944546686
-0.9709505944546686
-1.0
-1.0
-1.0
-1.0
-0.9709505944546686
-0.9709505944546686
-1.0
-1.0
-1.0
-0.9709505944546686
-1.0
-1.0
-1.0
-1.0
-1.0
-0.9709505944546686
-1.0
-0.9709505944546686
-1.0
-0.9709505944546686
-1.0
-0.9709505944546686
-1.0
-1.0
-0.9709505944546686
-0.9709505944546686
-1.0
-0.9709505944546686
-1.0
-1.0
-1.0
-1.0
-1.0
-1.0
-1.0
-1.0
-1.0
-1.0
-1.0
-0.9709505944546686
-0.9709505944546686
-1.0
-0.9709505944546686
-1.0
-1.0
-1.0
-0.9709505944546686
-0.9709505944546686
-0.9709505944546686
-0.9709505944546686
-0.8812908992306927
-0.9709505944546686
-1.0
-1.0
-1.0
-1.0
-1.0
-0.9709505944546686
-1.0
-1.0
-1.0
-1.0
-1.0
-1.0
-1.0
-0.9709505944546686
-0.9709505944546686
-1.0
-0.9709505944546686
-1.0
-1.0
-0.8812908992306927
-0.9709505944546686
-1.0
-0.9709505944546686
-1.0
-0.9709505944546686
-0.9709505944546686
-1.0
-1.0
-1.0
-0.9709505944546686
-1.0
-1.0
-0.9709505944546686
-1.0
-0.9709505944546686
-0.9709505944546686
-1.0
-1.0
-1.0
-0.9709505944546686
-1.0
-1.0
-1.0
-0.9709505944546686
-1.0
-0.9709505944546686
-1.0
-1.0
-1.0
-1.0
-1.0
-1.0
-1.0
-1.0
-0.9709505944546686
-0.9709505944546686
-0.9709505944546686
-1.0
-1.0
-1.0
-1.0
-1.0
-1.0
-1.0
-1.0
-1.0
-0.9709505944546686
-1.0
-0.8812908992306927
-0.9709505944546686
-1.0
-1.0
-0.9709505944546686
-0.9709505944546686
-1.0
-1.0
-1.0
-1.0
-1.0
-1.0
-1.0
-0.8812908992306927
-1.0
-0.9709505944546686
-1.0
-0.9709505944546686
-1.0
-0.8812908992306927
-1.0
-1.0
-1.0
-1.0
-0.9709505944546686
-1.0
-1.0
-1.0
-1.0
-1.0
-0.9709505944546686
-1.0
-1.0
