3.321928094887362
3.321928094887362
3.321928094887362
3.321928094887362
3.321928094887362
3.321928094887362
3.321928094887362
3.121928094887362
3.121928094887362
3.121928094887362
2.9219280948873623
3.121928094887362
2.3219280948873626
3.321928094887362
2.0464393446710156
3.121928094887362
2.6464393446710153
2.321928094887362
2.3709505944546687
2.6464393446710157
3.121928094887362
2.6464393446710157
3.121928094887362
3.321928094887362
2.0464393446710156
2.321928094887362
1.360964047443681
2.5219280948873624
2.6464393446710153
1.9609640474436814
2.6464393446710157
2.321928094887362
2.6464393446710157
3.121928094887362
2.6464393446710153
1.7219280948873623
2.6464393446710153
2.9219280948873623
2.0464393446710156
2.9219280948873623
2.6464393446710157
2.1609640474436813
3.321928094887362
2.9219280948873623
2.1609640474436813
2.3219280948873626
2.0464393446710156
2.6464393446710153
3.321928094887362
2.9219280948873623
2.8464393446710154
3.121928094887362
1.721928094887362
1.6854752972273346
2.1609640474436813
2.321928094887362
1.6854752972273346
3.121928094887362
0.9709505944546686
1.3609640474436813
1.6854752972273344
2.1609640474436813
2.3709505944546687
2.321928094887362
2.0464393446710156
1.9609640474436814
2.1609640474436813
1.9609640474436814
1.295461844238322
1.7219280948873623
1.6854752972273346
1.7709505944546688
2.6464393446710157
2.1609640474436813
2.1609640474436813
1.6854752972273346
1.9609640474436814
2.6464393446710157
1.7709505944546688
1.295461844238322
2.0464393446710156
1.295461844238322
1.9609640474436814
1.9609640474436814
2.3709505944546687
2.6464393446710157
1.6854752972273344
1.1567796494470395
1.1567796494470395
1.295461844238322
1.7219280948873623
1.5709505944546687
1.360964047443681
2.0464393446710156
2.0464393446710156
1.7219280948873623
1.3609640474436813
2.1219280948873624
1.3609640474436813
1.3609640474436813
2.321928094887362
1.3609640474436813
2.046439344671015
2.3709505944546687
2.0464393446710156
2.0464393446710156
2.046439344671015
1.3567796494470397
2.3219280948873626
1.9609640474436814
1.7709505944546688
1.721928094887362
1.295461844238322
2.0464393446710156
1.3609640474436813
1.7219280948873623
0.9709505944546686
1.0
1.7709505944546688
2.0464393446710156
1.3609640474436813
2.0464393446710156
1.5709505944546687
1.6854752972273346
1.9609640474436814
1.3609640474436813
1.3567796494470394
1.3609640474436813
2.0464393446710156
0.9709505944546686
1.9609640474436814
1.9609640474436814
1.3609640474436813
1.7219280948873623
1.7219280948873623
1.3609640474436813
2.0464393446710156
1.3567796494470397
1.295461844238322
1.9609640474436814
0.9709505944546686
0.9709505944546686
1.6854752972273346
1.9609640474436814
1.6854752972273344
1.5709505944546687
2.321928094887362
0.8812908992306927
1.9609640474436814
0.9709505944546686
1.3609640474436813
1.295461844238322
1.3609640474436813
0.9709505944546686
1.5709505944546687
1.5709505944546687
1.360964047443681
1.6854752972273346
1.3567796494470397
2.0464393446710156
2.0464393446710156
1.5709505944546687
1.6854752972273346
1.6854752972273344
1.295461844238322
2.0464393446710156
1.1567796494470395
1.9609640474436814
1.9609640474436814
1.0
0.9709505944546686
1.9609640474436814
2.6464393446710153
1.3567796494470397
1.3609640474436813
1.295461844238322
1.3609640474436813
1.6854752972273346
0.9709505944546686
1.295461844238322
2.321928094887362
1.5709505944546687
2.1609640474436813
2.0464393446710156
1.5709505944546687
1.295461844238322
1.295461844238322
1.295461844238322
1.9609640474436814
1.3609640474436813
1.6854752972273346
1.295461844238322
1.721928094887362
1.5709505944546687
1.6854752972273344
1.6854752972273346
1.3567796494470397
1.295461844238322
1.295461844238322
2.8464393446710154
1.295461844238322
1.5709505944546687
1.3609640474436813
0.9709505944546686
2.0464393446710156
1.295461844238322
2.321928094887362
1.1567796494470395
1.0
1.1567796494470395
1.360964047443681
1.295461844238322
1.5709505944546687
2.3709505944546687
1.5709505944546687
1.7219280948873623
1.295461844238322
1.9609640474436814
1.295461844238322
2.0464393446710156
2.321928094887362
1.5709505944546687
1.5709505944546687
1.6854752972273346
1.5709505944546687
1.3609640474436813
0.8812908992306927
1.3609640474436813
1.3609640474436813
1.7709505944546688
1.295461844238322
2.321928094887362
1.6854752972273344
0.9709505944546686
2.0464393446710156
1.7219280948873623
1.6854752972273346
1.6854752972273346
1.6854752972273344
1.3609640474436813
0.9709505944546686
1.6854752972273346
1.7709505944546688
1.6854752972273344
0.9709505944546686
1.5709505944546687
2.5219280948873624
1.295461844238322
1.1567796494470395
1.5709505944546687
1.3609640474436813
1.5709505944546687
2.8464393446710154
1.295461844238322
0.9709505944546686
0.8812908992306927
1.3567796494470397
1.7709505944546688
1.9609640474436814
1.7709505944546688
2.3219280948873626
2.0464393446710156
0.9219280948873623
1.295461844238322
2.6464393446710153
1.3567796494470397
2.321928094887362
1.1567796494470395
1.7709505944546688
0.9709505944546686
0.9709505944546686
1.9609640474436814
2.046439344671015
1.295461844238322
2.0464393446710156
1.3609640474436813
1.295461844238322
1.6854752972273346
1.5709505944546687
0.8812908992306927
1.295461844238322
1.295461844238322
1.295461844238322
1.1567796494470395
1.5709505944546687
1.6854752972273346
1.1567796494470395
1.295461844238322
0.9709505944546686
0.8812908992306927
1.9609640474436814
1.1567796494470395
1.295461844238322
1.0
0.9709505944546686
1.3609640474436813
1.1567796494470395
1.295461844238322
1.3609640474436813
1.3609640474436813
2.3709505944546687
1.295461844238322
0.9219280948873623
1.1567796494470395
2.6464393446710153
1.295461844238322
1.3609640474436813
1.295461844238322
1.7219280948873623
1.295461844238322
1.1567796494470395
0.9709505944546686
1.5709505944546687
0.7219280948873623
1.3609640474436813
0.9709505944546686
1.1567796494470395
0.9709505944546686
1.3609640474436813
1.295461844238322
1.1567796494470395
0.9709505944546686
1.295461844238322
1.5709505944546687
1.0
1.3609640474436813
1.3567796494470397
0.7219280948873623
0.9709505944546686
1.0
0.9709505944546686
0.8812908992306927
0.9709505944546686
0.9219280948873623
0.9709505944546686
1.3609640474436813
0.8812908992306927
1.295461844238322
0.9709505944546686
1.295461844238322
1.3609640474436813
1.0
0.9709505944546686
1.7219280948873623
1.360964047443681
1.295461844238322
0.9709505944546686
1.360964047443681
0.9709505944546686
0.9709505944546686
1.3567796494470397
0.8812908992306927
1.7709505944546688
1.5709505944546687
1.7709505944546688
2.1609640474436813
1.5709505944546687
1.7219280948873623
1.6854752972273344
0.9219280948873623
1.295461844238322
1.9609640474436814
1.3609640474436813
1.7709505944546688
2.1609640474436813
2.8464393446710154
1.6854752972273344
1.6854752972273344
1.5709505944546687
1.295461844238322
2.6464393446710153
0.9709505944546686
1.360964047443681
0.9709505944546686
1.3567796494470397
1.295461844238322
0.9709505944546686
2.0464393446710156
1.295461844238322
1.295461844238322
1.295461844238322
1.5709505944546687
2.1609640474436813
1.3567796494470397
1.3609640474436813
2.0464393446710156
0.9709505944546686
1.3567796494470397
2.321928094887362
1.3609640474436813
1.1567796494470395
1.3609640474436813
1.295461844238322
1.7609640474436812
0.9709505944546686
1.6854752972273344
1.1567796494470395
1.3609640474436813
1.3609640474436813
1.295461844238322
