3529
3282
2832
2705
2729
2384
2816
2384
2384
2384
2384
2384
2384
2384
2384
2384
2384
2384
2384
2384
2384
2384
2384
2384
2384
2384
2384
2384
2384
2384
2384
2384
2384
2384
2384
2384
2384
2384
2384
2384
2336
2384
2384
2384
2365
2384
2384
2384
2384
2384
2384
2384
2384
2384
2384
2384
2384
2177
2384
2384
2384
2384
2336
2336
2336
2336
2336
2336
2336
2336
2336
2177
2177
2177
2177
2177
2177
2177
2177
2177
2177
2177
2177
2177
2177
2177
2177
2177
2177
2177
2177
2177
2177
2177
2177
2177
2177
2177
2177
2177
2177
2177
2177
2177
2177
2177
2177
2177
2177
2177
2177
2177
2177
2177
2177
2177
2177
2177
2177
2177
2177
2177
2177
2177
2177
2177
2177
2177
2177
2177
2177
2177
2177
2177
2177
2177
2177
2177
2177
2177
2177
2177
2177
2177
2177
2177
2177
2177
2177
2177
2177
2177
2177
2177
2177
2177
2177
2177
2177
2177
2177
2177
2177
2177
2177
2177
2177
2177
2177
2177
2177
2177
2177
2177
2177
2177
2177
2177
2177
2177
2177
2177
2177
2177
2177
2177
2177
2177
2177
2177
2177
2177
2177
2177
2177
2177
2177
2177
2177
2177
2177
2177
2177
2177
2177
2177
2177
2177
2177
2177
2177
2177
2177
2177
2177
2177
2177
2177
2177
2177
2177
2177
2177
2177
2177
2177
2177
2177
2177
2177
2177
2177
2177
2177
2177
2177
2177
2177
2177
2177
2177
2177
2177
2177
2177
2177
2177
2177
2177
2177
2177
2177
2177
2177
2177
2177
2177
2177
2177
2177
2177
2177
2177
2177
2177
2177
2177
2177
2177
2177
2177
2177
2177
2177
2177
2177
2177
2177
2177
2177
2177
2177
2177
2177
2177
2177
2177
2177
2177
2177
2177
2177
2177
2177
2177
2177
2177
2177
2177
2177
2177
2177
2177
2177
2177
2177
2177
2177
2177
2177
2177
2177
2177
2177
2177
2177
2177
2177
2177
2177
2177
2177
2177
2177
2177
2177
2177
2177
2177
2177
2177
2177
2177
2177
2177
2177
2177
2177
2177
2177
2177
2177
2177
2177
2177
2177
2177
2177
2177
2177
2177
2177
2177
2177
2177
2177
2177
2177
2177
2177
2177
2177
2177
2177
2177
2177
2177
2177
2177
2177
2177
2177
2177
2177
2177
2177
2177
2177
2177
2177
2177
2177
2177
2177
2177
2177
2177
2177
2177
2177
2177
2177
2177
2177
2177
2177
2177
2177
2177
2177
