3325
3010
3010
2937
3010
2898
2898
2898
2898
2898
2898
2898
2898
2862
2825
2718
2718
2718
2898
2835
2898
2898
2862
2898
2898
2898
2898
2898
2898
2898
2898
2898
2748
2898
2898
2898
2898
2898
2898
2898
2898
2898
2898
2898
2862
2898
2549
2633
2565
2633
2633
2633
2633
2633
2633
2633
2633
2633
2633
2633
2633
2633
2633
2633
2633
2633
2633
2633
2633
2633
2633
2565
2633
2565
2565
2565
2565
2565
2565
2565
2565
2565
2565
2565
2565
2565
2565
2565
2565
2565
2565
2565
2337
2565
2476
2476
2476
2476
2476
2476
2436
2476
2476
2476
2476
2476
2476
2476
2436
2436
2436
2436
2436
2436
2436
2436
2436
2436
2436
2436
2436
2436
2436
2436
2436
2436
2436
2436
2436
2436
2436
2436
2436
2436
2436
2436
2436
2436
2436
2436
2436
2436
2436
2436
2436
2436
2436
2436
2436
2436
2436
2436
2436
2436
2436
2436
2436
2436
2436
2436
2436
2436
2436
2436
2436
2436
2436
2436
2436
2436
2436
2436
2436
2436
2436
2436
2436
2436
2436
2436
2436
2436
2436
2436
2436
2436
2436
2436
2436
2436
2436
2436
2436
2436
2436
2436
2436
2436
2436
2393
2393
2393
2393
2393
2393
2393
2393
2393
2393
2393
2393
2393
2393
2393
2393
2393
2393
2393
2393
2393
2393
2393
2393
2393
2393
2393
2393
2393
2393
2393
2393
2393
2393
2393
2393
2393
2393
2393
2393
2393
2393
2393
2393
2393
2393
2393
2393
2393
2393
2393
2393
2393
2393
2393
2393
2393
2393
2393
2393
2393
2393
2393
2393
2393
2393
2393
2393
2393
2393
2393
2393
2393
2393
2393
2393
2393
2393
2393
2393
2393
2393
2393
2393
2393
2393
2393
2393
2393
2393
2393
2393
2393
2393
2393
2393
2393
2393
2393
2393
2393
2393
2393
2393
2393
2393
2393
2393
2393
2393
2393
2393
2393
2393
2393
2393
2393
2393
2393
2393
2393
2393
2393
2393
2393
2393
2393
2393
2393
2393
2393
2393
2393
2393
2393
2393
2393
2393
2393
2393
2393
2393
2393
2393
2393
2393
2393
2393
2393
2393
2393
2393
2393
2393
2393
2393
2393
2393
2393
2393
2393
2393
2393
2393
2393
2393
2393
2393
2393
2393
2393
2393
2393
2393
2393
2393
2393
2393
2393
2393
2393
2393
2393
2393
2393
2393
2393
2393
2393
2393
2393
2393
2393
2393
2393
2393
2393
2393
2393
2393
2393
