2353
2527
2394
2831
2386
2625
2240
2103
2240
2329
2240
2240
2240
2240
2240
2210
2240
2240
2240
2240
2240
2240
2240
2240
2240
2240
2240
2240
2240
2240
2240
2240
2240
2240
2240
2240
2240
2240
2240
2240
2240
2240
2240
2240
2240
2240
2240
2240
2240
2240
2240
2240
2240
2240
2240
2240
2240
2240
2240
2240
2240
2240
2240
2240
2240
2240
2240
2240
2240
2240
2240
2240
2240
2240
2240
2240
2240
2240
2240
2240
2240
2240
2240
2240
2240
2240
2240
2240
2240
2240
2240
2240
2240
2240
2240
2240
2240
2240
2240
2240
2240
2240
2240
2240
2240
2240
2240
2240
2240
2240
2240
2240
2240
2240
2240
2240
2240
2240
2240
2240
2240
2240
2240
2240
2240
2240
2240
2240
2240
2240
2240
2240
2240
2240
2240
2240
2240
2240
2240
2240
2240
2240
2240
2240
2240
2240
2240
2240
2240
2240
2240
2240
2240
2240
2240
2240
2240
2240
2240
2240
2240
2240
2240
2240
2240
2240
2240
2240
2240
2240
2240
2240
2240
2240
2240
2240
2240
2240
2240
2240
2240
2240
2240
2240
2240
2240
2240
2240
2240
2240
2240
2240
2240
2240
2240
2240
2240
2240
2240
2240
2240
2240
2240
2240
2240
2240
2240
2240
2240
2240
2240
2240
2240
2240
2240
2240
2240
2240
2240
2240
2240
2240
2240
2240
2240
2240
2240
2240
2240
2240
2240
2240
2240
2240
2240
2240
2240
2240
2240
2240
2240
2240
2240
2240
2240
2240
2240
2240
2240
2240
2240
2240
2240
2240
2240
2240
2240
2240
2240
2240
2240
2240
2240
2240
2240
2240
2240
2240
2240
2240
2240
2240
2240
2240
2240
2240
2240
2240
2240
2240
2240
2240
2240
2240
2240
2240
2240
2240
2240
2240
2240
2240
2240
2240
2240
2240
2240
2240
2240
2240
2240
2240
2240
2240
2240
2240
2240
2240
2240
2240
2240
2240
2240
2240
2240
2240
2240
2240
2240
2240
2240
2240
2240
2240
2240
2240
2240
2240
2240
2240
2240
2240
2240
2240
2240
2240
2240
2240
2240
2240
2240
2240
2240
2240
2240
2240
2240
2240
2240
2240
2240
2240
2240
2240
2240
2240
2240
2240
2240
2240
2240
2240
2240
2240
2240
2240
2240
2240
2240
2240
2240
2240
2240
2240
2240
2240
2240
2240
2240
2240
2240
2240
2240
2240
2240
2240
2240
2240
2240
2240
2240
2240
2240
2240
2240
2240
2240
2240
2240
2240
