3534
3018
2693
2662
2626
2614
2513
2513
2513
2513
2502
2513
2513
2513
2513
2513
2513
2513
2513
2513
2513
2513
2513
2513
2513
2513
2513
2513
2513
2513
2513
2513
2513
2513
2513
2513
2513
2513
2513
2513
2513
2513
2513
2513
2513
2483
2282
2282
2282
2282
2282
2282
2282
2282
2282
2282
2282
2282
2282
2282
2282
2282
2282
2282
2282
2282
2282
2282
2282
2282
2282
2282
2282
2282
2282
2282
2282
2282
2282
2282
2282
2282
2282
2282
2282
2282
2282
2282
2282
2282
2282
2282
2282
2282
2282
2282
2282
2282
2282
2282
2282
2282
2282
2282
2282
2282
2282
2282
2282
2282
2282
2282
2282
2282
2282
2282
2282
2282
2282
2282
2282
2282
2282
2282
2282
2282
2282
2282
2282
2282
2282
2282
2282
2282
2282
2282
2282
2282
2282
2282
2282
2282
2282
2282
2282
2282
2282
2282
2282
2282
2282
2282
2282
2282
2282
2282
2282
2282
2282
2282
2282
2282
2282
2282
2282
2282
2282
2282
2282
2282
2282
2282
2282
2282
2282
2282
2282
2282
2282
2282
2282
2282
2282
2282
2282
2282
2282
2282
2282
2282
2282
2282
2282
2282
2282
2282
2282
2282
2282
2282
2282
2282
2282
2282
2282
2282
2282
2282
2282
2282
2282
2282
2282
2282
2282
2282
2282
2282
2282
2282
2282
2282
2282
2282
2282
2282
2282
2282
2282
2282
2282
2282
2282
2282
2282
2282
2282
2282
2282
2282
2282
2282
2282
2282
2282
2282
2282
2282
2282
2282
2282
2282
2282
2282
2282
2282
2282
2282
2282
2282
2282
2282
2282
2282
2282
2282
2282
2282
2282
2282
2282
2282
2282
2282
2282
2282
2282
2282
2282
2282
2282
2282
2282
2282
2282
2282
2282
2282
2282
2282
2282
2282
2282
2282
2282
2282
2282
2282
2282
2282
2282
2282
2282
2282
2282
2282
2282
2282
2282
2282
2282
2282
2282
2282
2282
2282
2282
2282
2282
2282
2282
2282
2282
2282
2282
2282
2282
2282
2282
2282
2282
2282
2282
2282
2282
2282
2282
2282
2282
2282
2282
2282
2282
2282
2282
2282
2282
2282
2282
2282
2282
2282
2282
2282
2282
2282
2282
2282
2282
2282
2282
2282
2282
2282
2282
2282
2282
2282
2282
2282
2282
2282
2282
2282
2282
2282
2282
2282
2282
2282
2282
2282
2282
2282
2282
2282
2282
2282
2282
2282
2282
2282
2282
2282
2282
2282
2282
2282
2282
2282
