6138.972773134146
6317.285861465453
8436.493787370191
9536.4644491314
9536.4644491314
432.9615214112681
432.9615214112681
432.9615214112681
432.9615214112681
432.9615214112681
432.9615214112681
432.9615214112681
1771.1467645051505
1771.1467645051505
1771.1467645051505
1771.1467645051505
1771.1467645051505
1771.1467645051505
1771.1467645051505
1771.1467645051505
1771.1467645051505
1771.1467645051505
1771.1467645051505
1771.1467645051505
1771.1467645051505
1771.1467645051505
1771.1467645051505
1771.1467645051505
1771.1467645051505
1771.1467645051505
1771.1467645051505
1771.1467645051505
1771.1467645051505
1771.1467645051505
1771.1467645051505
1771.1467645051505
1771.1467645051505
1771.1467645051505
1771.1467645051505
1771.1467645051505
1771.1467645051505
1771.1467645051505
1771.1467645051505
1771.1467645051505
1771.1467645051505
1771.1467645051505
1771.1467645051505
1771.1467645051505
1771.1467645051505
1771.1467645051505
1771.1467645051505
1771.1467645051505
1771.1467645051505
1771.1467645051505
1771.1467645051505
1771.1467645051505
1771.1467645051505
1771.1467645051505
1771.1467645051505
1771.1467645051505
1771.1467645051505
1771.1467645051505
1771.1467645051505
2787.670027816436
2787.670027816436
2787.670027816436
2787.670027816436
2787.670027816436
2787.670027816436
2787.670027816436
2787.670027816436
2787.670027816436
2787.670027816436
2787.670027816436
2787.670027816436
2787.670027816436
2787.670027816436
2787.670027816436
2787.670027816436
2787.670027816436
2787.670027816436
2787.670027816436
2787.670027816436
2787.670027816436
2787.670027816436
2787.670027816436
2787.670027816436
2787.670027816436
2787.670027816436
2787.670027816436
2787.670027816436
2787.670027816436
2787.670027816436
2787.670027816436
2787.670027816436
2787.670027816436
2787.670027816436
2787.670027816436
2787.670027816436
2787.670027816436
2787.670027816436
2787.670027816436
2787.670027816436
2787.670027816436
2787.670027816436
2787.670027816436
2787.670027816436
2787.670027816436
2787.670027816436
2787.670027816436
2787.670027816436
2787.670027816436
2787.670027816436
2787.670027816436
2787.670027816436
2787.670027816436
2787.670027816436
2787.670027816436
2787.670027816436
2787.670027816436
2787.670027816436
2787.670027816436
2787.670027816436
2787.670027816436
2787.670027816436
2787.670027816436
2787.670027816436
2787.670027816436
2787.670027816436
2787.670027816436
2787.670027816436
2787.670027816436
2787.670027816436
2787.670027816436
2787.670027816436
2787.670027816436
2787.670027816436
2787.670027816436
2787.670027816436
2787.670027816436
2787.670027816436
2787.670027816436
2787.670027816436
2787.670027816436
2787.670027816436
2787.670027816436
2787.670027816436
2787.670027816436
2787.670027816436
2787.670027816436
2787.670027816436
2787.670027816436
2787.670027816436
2787.670027816436
2787.670027816436
2787.670027816436
2787.670027816436
2787.670027816436
2787.670027816436
2787.670027816436
2787.670027816436
2787.670027816436
2787.670027816436
2787.670027816436
2787.670027816436
2787.670027816436
2787.670027816436
2787.670027816436
2787.670027816436
2787.670027816436
2787.670027816436
2787.670027816436
2787.670027816436
2787.670027816436
2787.670027816436
2787.670027816436
2787.670027816436
2787.670027816436
2787.670027816436
2787.670027816436
2787.670027816436
2787.670027816436
2787.670027816436
2787.670027816436
2787.670027816436
2787.670027816436
2787.670027816436
2787.670027816436
2787.670027816436
2787.670027816436
2787.670027816436
2787.670027816436
2787.670027816436
2787.670027816436
2787.670027816436
2787.670027816436
2787.670027816436
2787.670027816436
2787.670027816436
2787.670027816436
2787.670027816436
2787.670027816436
2787.670027816436
2787.670027816436
2787.670027816436
2787.670027816436
2787.670027816436
2787.670027816436
2787.670027816436
2787.670027816436
2787.670027816436
2787.670027816436
2787.670027816436
2787.670027816436
2787.670027816436
2787.670027816436
2787.670027816436
2787.670027816436
2787.670027816436
2787.670027816436
2787.670027816436
2787.670027816436
2787.670027816436
2787.670027816436
2787.670027816436
2787.670027816436
2787.670027816436
2787.670027816436
2787.670027816436
2787.670027816436
2787.670027816436
2787.670027816436
2787.670027816436
2787.670027816436
2787.670027816436
2787.670027816436
2787.670027816436
2787.670027816436
2787.670027816436
2787.670027816436
590.9032541437675
590.9032541437675
590.9032541437675
590.9032541437675
590.9032541437675
590.9032541437675
590.9032541437675
590.9032541437675
590.9032541437675
590.9032541437675
590.9032541437675
590.9032541437675
590.9032541437675
590.9032541437675
590.9032541437675
590.9032541437675
590.9032541437675
590.9032541437675
590.9032541437675
590.9032541437675
590.9032541437675
590.9032541437675
590.9032541437675
590.9032541437675
590.9032541437675
590.9032541437675
590.9032541437675
590.9032541437675
590.9032541437675
590.9032541437675
590.9032541437675
590.9032541437675
590.9032541437675
590.9032541437675
590.9032541437675
590.9032541437675
590.9032541437675
590.9032541437675
590.9032541437675
590.9032541437675
590.9032541437675
590.9032541437675
590.9032541437675
590.9032541437675
590.9032541437675
590.9032541437675
590.9032541437675
590.9032541437675
590.9032541437675
590.9032541437675
590.9032541437675
590.9032541437675
590.9032541437675
590.9032541437675
590.9032541437675
590.9032541437675
590.9032541437675
590.9032541437675
590.9032541437675
590.9032541437675