4021.425292947051
4612.181458209361
381.4205225122269
381.4205225122269
381.4205225122269
381.4205225122269
381.4205225122269
381.4205225122269
381.4205225122269
381.4205225122269
381.4205225122269
381.4205225122269
381.4205225122269
381.4205225122269
381.4205225122269
381.4205225122269
381.4205225122269
381.4205225122269
381.4205225122269
381.4205225122269
381.4205225122269
381.4205225122269
381.4205225122269
381.4205225122269
381.4205225122269
381.4205225122269
381.4205225122269
381.4205225122269
381.4205225122269
381.4205225122269
381.4205225122269
381.4205225122269
381.4205225122269
381.4205225122269
1224.983758380722
1224.983758380722
1224.983758380722
1224.983758380722
1224.983758380722
1224.983758380722
1224.983758380722
1224.983758380722
1224.983758380722
1224.983758380722
1224.983758380722
1224.983758380722
1224.983758380722
1224.983758380722
1224.983758380722
1224.983758380722
1224.983758380722
1224.983758380722
1224.983758380722
1224.983758380722
1224.983758380722
1224.983758380722
1224.983758380722
842.7216272639726
842.7216272639726
842.7216272639726
842.7216272639726
842.7216272639726
842.7216272639726
842.7216272639726
842.7216272639726
842.7216272639726
842.7216272639726
842.7216272639726
842.7216272639726
842.7216272639726
842.7216272639726
842.7216272639726
842.7216272639726
842.7216272639726
842.7216272639726
842.7216272639726
842.7216272639726
842.7216272639726
842.7216272639726
842.7216272639726
842.7216272639726
842.7216272639726
842.7216272639726
842.7216272639726
842.7216272639726
842.7216272639726
842.7216272639726
842.7216272639726
842.7216272639726
842.7216272639726
842.7216272639726
842.7216272639726
842.7216272639726
842.7216272639726
842.7216272639726
842.7216272639726
842.7216272639726
842.7216272639726
842.7216272639726
842.7216272639726
842.7216272639726
842.7216272639726
842.7216272639726
842.7216272639726
842.7216272639726
842.7216272639726
4738.652433417278
4738.652433417278
4738.652433417278
4738.652433417278
4738.652433417278
4738.652433417278
4738.652433417278
4738.652433417278
4738.652433417278
4738.652433417278
4738.652433417278
4738.652433417278
4738.652433417278
4738.652433417278
4738.652433417278
4738.652433417278
4738.652433417278
4738.652433417278
4738.652433417278
4738.652433417278
4738.652433417278
4738.652433417278
4738.652433417278
4738.652433417278
4738.652433417278
4738.652433417278
4738.652433417278
4738.652433417278
4738.652433417278
4738.652433417278
4738.652433417278
4738.652433417278
4738.652433417278
4738.652433417278
4738.652433417278
4738.652433417278
4738.652433417278
4738.652433417278
4738.652433417278
4738.652433417278
4738.652433417278
4738.652433417278
4738.652433417278
4738.652433417278
4738.652433417278
4738.652433417278
4738.652433417278
4738.652433417278
4738.652433417278
4738.652433417278
4738.652433417278
4738.652433417278
4738.652433417278
4738.652433417278
4738.652433417278
4738.652433417278
4738.652433417278
4738.652433417278
4738.652433417278
4738.652433417278
4738.652433417278
4738.652433417278
4738.652433417278
4738.652433417278
4738.652433417278
4738.652433417278
4738.652433417278
4738.652433417278
4738.652433417278
4738.652433417278
4738.652433417278
4738.652433417278
4738.652433417278
4738.652433417278
4738.652433417278
4738.652433417278
4738.652433417278
4738.652433417278
4738.652433417278
4738.652433417278
4738.652433417278
4738.652433417278
4738.652433417278
4738.652433417278
4738.652433417278
4738.652433417278
4738.652433417278
4738.652433417278
4738.652433417278
4738.652433417278
4738.652433417278
4738.652433417278
4738.652433417278
4738.652433417278
4738.652433417278
4738.652433417278
4738.652433417278
4738.652433417278
4738.652433417278
4738.652433417278
4738.652433417278
4738.652433417278
4738.652433417278
4738.652433417278
4738.652433417278
4738.652433417278
4738.652433417278
4738.652433417278
4738.652433417278
4738.652433417278
4738.652433417278
4738.652433417278
4738.652433417278
4738.652433417278
4738.652433417278
4738.652433417278
4738.652433417278
4738.652433417278
4738.652433417278
4738.652433417278
4738.652433417278
4738.652433417278
4738.652433417278
4738.652433417278
4738.652433417278
4738.652433417278
4738.652433417278
4738.652433417278
4738.652433417278
4738.652433417278
4738.652433417278
4738.652433417278
4738.652433417278
4738.652433417278
4738.652433417278
4738.652433417278
4738.652433417278
4738.652433417278
4738.652433417278
4738.652433417278
4738.652433417278
4738.652433417278
4738.652433417278
4738.652433417278
4738.652433417278
4738.652433417278
4738.652433417278
4738.652433417278
4738.652433417278
4738.652433417278
4738.652433417278
4738.652433417278
4738.652433417278
4738.652433417278
4738.652433417278
4738.652433417278
4738.652433417278
4738.652433417278
4738.652433417278
4738.652433417278
4738.652433417278
4738.652433417278
4738.652433417278
4738.652433417278
4738.652433417278
4738.652433417278
4738.652433417278
4738.652433417278
4738.652433417278
4738.652433417278
4738.652433417278
4738.652433417278
4738.652433417278
4738.652433417278
4738.652433417278
4738.652433417278
4738.652433417278
4738.652433417278
4738.652433417278
4738.652433417278
4738.652433417278
4738.652433417278
4738.652433417278
4738.652433417278
4738.652433417278
4738.652433417278
4738.652433417278
4738.652433417278
4738.652433417278
4738.652433417278
4738.652433417278
4738.652433417278
4738.652433417278
4738.652433417278