3557.3396967666104
4404.490582356997
4404.490582356997
4404.490582356997
881.9268782795564
881.9268782795564
881.9268782795564
3391.6110572264256
3391.6110572264256
3391.6110572264256
3391.6110572264256
3391.6110572264256
3391.6110572264256
3391.6110572264256
3391.6110572264256
3391.6110572264256
3391.6110572264256
3391.6110572264256
3391.6110572264256
3391.6110572264256
3391.6110572264256
3391.6110572264256
3391.6110572264256
3391.6110572264256
3391.6110572264256
2499.3578040368793
2499.3578040368793
2499.3578040368793
2499.3578040368793
2499.3578040368793
2499.3578040368793
2499.3578040368793
2499.3578040368793
6434.730332751514
6434.730332751514
6434.730332751514
6434.730332751514
6434.730332751514
6434.730332751514
566.6476281258804
566.6476281258804
566.6476281258804
566.6476281258804
566.6476281258804
566.6476281258804
566.6476281258804
566.6476281258804
566.6476281258804
566.6476281258804
566.6476281258804
566.6476281258804
566.6476281258804
566.6476281258804
566.6476281258804
566.6476281258804
1009.6146475907764
1009.6146475907764
1009.6146475907764
1009.6146475907764
1009.6146475907764
1009.6146475907764
1009.6146475907764
1009.6146475907764
1009.6146475907764
1009.6146475907764
1009.6146475907764
1009.6146475907764
1009.6146475907764
1009.6146475907764
1009.6146475907764
1009.6146475907764
1009.6146475907764
1009.6146475907764
1009.6146475907764
1009.6146475907764
1009.6146475907764
1009.6146475907764
1009.6146475907764
1009.6146475907764
1009.6146475907764
1009.6146475907764
1009.6146475907764
1009.6146475907764
1009.6146475907764
1009.6146475907764
1009.6146475907764
1009.6146475907764
1009.6146475907764
1009.6146475907764
1009.6146475907764
1009.6146475907764
1009.6146475907764
1009.6146475907764
1009.6146475907764
1009.6146475907764
1009.6146475907764
1009.6146475907764
1009.6146475907764
1009.6146475907764
1009.6146475907764
1009.6146475907764
1009.6146475907764
1009.6146475907764
1009.6146475907764
1009.6146475907764
1009.6146475907764
1009.6146475907764
1009.6146475907764
1009.6146475907764
1009.6146475907764
1009.6146475907764
1009.6146475907764
1009.6146475907764
1009.6146475907764
1009.6146475907764
1009.6146475907764
1009.6146475907764
1009.6146475907764
1009.6146475907764
1009.6146475907764
1009.6146475907764
1009.6146475907764
1009.6146475907764
1009.6146475907764
1009.6146475907764
1009.6146475907764
1009.6146475907764
1009.6146475907764
1009.6146475907764
1009.6146475907764
1009.6146475907764
1009.6146475907764
1009.6146475907764
1009.6146475907764
1009.6146475907764
1009.6146475907764
1009.6146475907764
1009.6146475907764
1009.6146475907764
1009.6146475907764
1009.6146475907764
1009.6146475907764
1009.6146475907764
1009.6146475907764
1009.6146475907764
1009.6146475907764
1009.6146475907764
1009.6146475907764
1009.6146475907764
1009.6146475907764
1009.6146475907764
1009.6146475907764
1009.6146475907764
1009.6146475907764
1009.6146475907764
1009.6146475907764
1009.6146475907764
1009.6146475907764
1009.6146475907764
1009.6146475907764
1009.6146475907764
1009.6146475907764
1009.6146475907764
1009.6146475907764
1009.6146475907764
1009.6146475907764
1009.6146475907764
1009.6146475907764
1009.6146475907764
1009.6146475907764
1009.6146475907764
1009.6146475907764
1009.6146475907764
1009.6146475907764
1009.6146475907764
1009.6146475907764
1009.6146475907764
1009.6146475907764
1009.6146475907764
1009.6146475907764
1009.6146475907764
1009.6146475907764
1009.6146475907764
1009.6146475907764
1009.6146475907764
1009.6146475907764
1009.6146475907764
1009.6146475907764
1009.6146475907764
1009.6146475907764
1009.6146475907764
1009.6146475907764
1009.6146475907764
1009.6146475907764
1009.6146475907764
1009.6146475907764
1009.6146475907764
1009.6146475907764
1009.6146475907764
1009.6146475907764
1009.6146475907764
1009.6146475907764
1009.6146475907764
1009.6146475907764
1009.6146475907764
1009.6146475907764
1009.6146475907764
1009.6146475907764
1009.6146475907764
1009.6146475907764
1009.6146475907764
1009.6146475907764
1009.6146475907764
1009.6146475907764
1009.6146475907764
1009.6146475907764
1009.6146475907764
1009.6146475907764
1009.6146475907764
1009.6146475907764
1009.6146475907764
1009.6146475907764
1009.6146475907764
1009.6146475907764
1009.6146475907764
1009.6146475907764
1009.6146475907764
1009.6146475907764
1009.6146475907764
1009.6146475907764
1009.6146475907764
1009.6146475907764
1009.6146475907764
1009.6146475907764
1009.6146475907764
1009.6146475907764
1009.6146475907764
1009.6146475907764
1009.6146475907764
1009.6146475907764
1009.6146475907764
1009.6146475907764
1009.6146475907764
1009.6146475907764
1009.6146475907764
1009.6146475907764
1009.6146475907764
1009.6146475907764
1009.6146475907764
1009.6146475907764
1009.6146475907764
1009.6146475907764
1009.6146475907764
1009.6146475907764
1009.6146475907764
1009.6146475907764
1009.6146475907764
1009.6146475907764
1009.6146475907764
1009.6146475907764
1009.6146475907764
1009.6146475907764
1009.6146475907764
1009.6146475907764
1009.6146475907764
1009.6146475907764
1009.6146475907764
1009.6146475907764
1009.6146475907764
1009.6146475907764
1009.6146475907764
1009.6146475907764
1009.6146475907764
1009.6146475907764
1009.6146475907764
1009.6146475907764
1009.6146475907764
1009.6146475907764
1009.6146475907764
1009.6146475907764
1009.6146475907764
1009.6146475907764
1009.6146475907764
1009.6146475907764
1009.6146475907764
1009.6146475907764
1009.6146475907764
1009.6146475907764
1009.6146475907764
1009.6146475907764
1009.6146475907764
1009.6146475907764
1009.6146475907764
1009.6146475907764
1009.6146475907764
1009.6146475907764
1009.6146475907764
1009.6146475907764
1009.6146475907764
1009.6146475907764