2326.0931968941513
2326.0931968941513
2326.0931968941513
2326.0931968941513
5084.388330277845
5084.388330277845
5084.388330277845
5084.388330277845
5084.388330277845
5084.388330277845
5084.388330277845
5084.388330277845
5084.388330277845
5084.388330277845
5084.388330277845
5084.388330277845
5084.388330277845
5084.388330277845
5084.388330277845
5084.388330277845
5084.388330277845
5084.388330277845
5084.388330277845
5084.388330277845
5084.388330277845
5084.388330277845
5084.388330277845
5084.388330277845
5084.388330277845
5084.388330277845
8701.387336130147
8701.387336130147
8701.387336130147
8701.387336130147
8701.387336130147
3406.6914192803333
3406.6914192803333
3406.6914192803333
3406.6914192803333
3406.6914192803333
3406.6914192803333
3406.6914192803333
9851.229536033252
9851.229536033252
9851.229536033252
9851.229536033252
9851.229536033252
251.07251924257002
251.07251924257002
251.07251924257002
251.07251924257002
251.07251924257002
251.07251924257002
251.07251924257002
251.07251924257002
251.07251924257002
251.07251924257002
251.07251924257002
251.07251924257002
251.07251924257002
251.07251924257002
251.07251924257002
251.07251924257002
251.07251924257002
251.07251924257002
251.07251924257002
251.07251924257002
251.07251924257002
251.07251924257002
251.07251924257002
251.07251924257002
251.07251924257002
251.07251924257002
251.07251924257002
251.07251924257002
251.07251924257002
251.07251924257002
251.07251924257002
251.07251924257002
251.07251924257002
251.07251924257002
251.07251924257002
251.07251924257002
251.07251924257002
251.07251924257002
251.07251924257002
251.07251924257002
251.07251924257002
251.07251924257002
251.07251924257002
251.07251924257002
251.07251924257002
251.07251924257002
251.07251924257002
251.07251924257002
251.07251924257002
251.07251924257002
251.07251924257002
251.07251924257002
251.07251924257002
251.07251924257002
251.07251924257002
251.07251924257002
251.07251924257002
251.07251924257002
251.07251924257002
251.07251924257002
251.07251924257002
251.07251924257002
251.07251924257002
251.07251924257002
251.07251924257002
251.07251924257002
251.07251924257002
251.07251924257002
251.07251924257002
251.07251924257002
251.07251924257002
251.07251924257002
251.07251924257002
251.07251924257002
251.07251924257002
251.07251924257002
251.07251924257002
251.07251924257002
251.07251924257002
251.07251924257002
251.07251924257002
251.07251924257002
251.07251924257002
251.07251924257002
251.07251924257002
251.07251924257002
251.07251924257002
251.07251924257002
251.07251924257002
251.07251924257002
251.07251924257002
251.07251924257002
251.07251924257002
251.07251924257002
251.07251924257002
251.07251924257002
251.07251924257002
251.07251924257002
251.07251924257002
251.07251924257002
251.07251924257002
251.07251924257002
251.07251924257002
251.07251924257002
251.07251924257002
251.07251924257002
251.07251924257002
251.07251924257002
251.07251924257002
251.07251924257002
251.07251924257002
251.07251924257002
251.07251924257002
251.07251924257002
251.07251924257002
251.07251924257002
251.07251924257002
251.07251924257002
251.07251924257002
251.07251924257002
251.07251924257002
251.07251924257002
251.07251924257002
251.07251924257002
251.07251924257002
251.07251924257002
251.07251924257002
251.07251924257002
251.07251924257002
251.07251924257002
251.07251924257002
251.07251924257002
251.07251924257002
251.07251924257002
251.07251924257002
251.07251924257002
251.07251924257002
251.07251924257002
251.07251924257002
251.07251924257002
251.07251924257002
251.07251924257002
251.07251924257002
251.07251924257002
251.07251924257002
251.07251924257002
251.07251924257002
251.07251924257002
251.07251924257002
251.07251924257002
251.07251924257002
251.07251924257002
251.07251924257002
251.07251924257002
251.07251924257002
251.07251924257002
251.07251924257002
251.07251924257002
251.07251924257002
251.07251924257002
251.07251924257002
251.07251924257002
251.07251924257002
251.07251924257002
251.07251924257002
251.07251924257002
251.07251924257002
251.07251924257002
251.07251924257002
251.07251924257002
251.07251924257002
251.07251924257002
251.07251924257002
251.07251924257002
251.07251924257002
251.07251924257002
251.07251924257002
251.07251924257002
251.07251924257002
251.07251924257002
251.07251924257002
251.07251924257002
251.07251924257002
251.07251924257002
251.07251924257002
251.07251924257002
251.07251924257002
251.07251924257002
251.07251924257002
251.07251924257002
251.07251924257002
251.07251924257002
251.07251924257002
251.07251924257002
251.07251924257002
251.07251924257002
251.07251924257002
251.07251924257002
251.07251924257002
251.07251924257002
251.07251924257002
251.07251924257002
251.07251924257002
251.07251924257002
251.07251924257002
251.07251924257002
251.07251924257002
251.07251924257002
251.07251924257002
251.07251924257002
251.07251924257002
251.07251924257002
251.07251924257002
251.07251924257002
251.07251924257002
251.07251924257002
251.07251924257002
251.07251924257002
251.07251924257002
251.07251924257002
251.07251924257002
251.07251924257002
251.07251924257002
251.07251924257002
251.07251924257002
251.07251924257002
251.07251924257002
251.07251924257002
251.07251924257002
251.07251924257002
251.07251924257002
251.07251924257002
251.07251924257002
251.07251924257002
251.07251924257002
251.07251924257002
251.07251924257002
251.07251924257002
251.07251924257002
251.07251924257002
251.07251924257002
251.07251924257002
251.07251924257002
251.07251924257002
251.07251924257002
251.07251924257002
251.07251924257002
251.07251924257002
251.07251924257002
251.07251924257002
251.07251924257002
251.07251924257002
251.07251924257002