896.9232797420212
2914.8801316379545
2914.8801316379545
2914.8801316379545
2914.8801316379545
2914.8801316379545
2914.8801316379545
2914.8801316379545
2914.8801316379545
2914.8801316379545
2914.8801316379545
2914.8801316379545
2914.8801316379545
2914.8801316379545
2914.8801316379545
2914.8801316379545
2914.8801316379545
9417.241650870928
9417.241650870928
9417.241650870928
9417.241650870928
4319.876457568157
4319.876457568157
4319.876457568157
4319.876457568157
4319.876457568157
4319.876457568157
4319.876457568157
4319.876457568157
4319.876457568157
4319.876457568157
4319.876457568157
4319.876457568157
4319.876457568157
4319.876457568157
4319.876457568157
4319.876457568157
4319.876457568157
4319.876457568157
4319.876457568157
4319.876457568157
4319.876457568157
4319.876457568157
4319.876457568157
4319.876457568157
4319.876457568157
4319.876457568157
4319.876457568157
4319.876457568157
4319.876457568157
4319.876457568157
4319.876457568157
4319.876457568157
4319.876457568157
4319.876457568157
4319.876457568157
4319.876457568157
4319.876457568157
4319.876457568157
4319.876457568157
7168.986644398906
7168.986644398906
7168.986644398906
7168.986644398906
7168.986644398906
7168.986644398906
7168.986644398906
7168.986644398906
7168.986644398906
7168.986644398906
7168.986644398906
7168.986644398906
7168.986644398906
7168.986644398906
7168.986644398906
7168.986644398906
7168.986644398906
7168.986644398906
7168.986644398906
7168.986644398906
7168.986644398906
7168.986644398906
7168.986644398906
7168.986644398906
7168.986644398906
7168.986644398906
7168.986644398906
7168.986644398906
7168.986644398906
7168.986644398906
7168.986644398906
7168.986644398906
7168.986644398906
7168.986644398906
7168.986644398906
7168.986644398906
7168.986644398906
7168.986644398906
7168.986644398906
7168.986644398906
7168.986644398906
7168.986644398906
7168.986644398906
7168.986644398906
7168.986644398906
7168.986644398906
7168.986644398906
624.3228692328262
624.3228692328262
624.3228692328262
624.3228692328262
624.3228692328262
624.3228692328262
624.3228692328262
624.3228692328262
624.3228692328262
624.3228692328262
624.3228692328262
624.3228692328262
624.3228692328262
624.3228692328262
624.3228692328262
624.3228692328262
624.3228692328262
624.3228692328262
624.3228692328262
624.3228692328262
624.3228692328262
624.3228692328262
624.3228692328262
624.3228692328262
624.3228692328262
624.3228692328262
624.3228692328262
624.3228692328262
624.3228692328262
624.3228692328262
624.3228692328262
624.3228692328262
624.3228692328262
624.3228692328262
624.3228692328262
624.3228692328262
624.3228692328262
624.3228692328262
624.3228692328262
624.3228692328262
624.3228692328262
624.3228692328262
624.3228692328262
624.3228692328262
624.3228692328262
624.3228692328262
624.3228692328262
624.3228692328262
624.3228692328262
624.3228692328262
624.3228692328262
624.3228692328262
624.3228692328262
624.3228692328262
624.3228692328262
624.3228692328262
624.3228692328262
624.3228692328262
624.3228692328262
624.3228692328262
624.3228692328262
624.3228692328262
624.3228692328262
624.3228692328262
624.3228692328262
624.3228692328262
624.3228692328262
624.3228692328262
624.3228692328262
624.3228692328262
624.3228692328262
624.3228692328262
624.3228692328262
624.3228692328262
624.3228692328262
624.3228692328262
624.3228692328262
624.3228692328262
624.3228692328262
624.3228692328262
624.3228692328262
624.3228692328262
624.3228692328262
624.3228692328262
624.3228692328262
624.3228692328262
624.3228692328262
624.3228692328262
624.3228692328262
624.3228692328262
624.3228692328262
624.3228692328262
624.3228692328262
624.3228692328262
624.3228692328262
624.3228692328262
624.3228692328262
624.3228692328262
624.3228692328262
624.3228692328262
624.3228692328262
624.3228692328262
624.3228692328262
624.3228692328262
624.3228692328262
624.3228692328262
624.3228692328262
624.3228692328262
624.3228692328262
624.3228692328262
624.3228692328262
624.3228692328262
624.3228692328262
624.3228692328262
624.3228692328262
624.3228692328262
624.3228692328262
624.3228692328262
624.3228692328262
624.3228692328262
624.3228692328262
624.3228692328262
624.3228692328262
624.3228692328262
624.3228692328262
624.3228692328262
624.3228692328262
624.3228692328262
624.3228692328262
624.3228692328262
624.3228692328262
624.3228692328262
624.3228692328262
624.3228692328262
624.3228692328262
624.3228692328262
624.3228692328262
624.3228692328262
624.3228692328262
624.3228692328262
624.3228692328262
624.3228692328262
624.3228692328262
624.3228692328262
624.3228692328262
624.3228692328262
624.3228692328262
624.3228692328262
624.3228692328262
624.3228692328262
624.3228692328262
624.3228692328262
624.3228692328262
624.3228692328262
624.3228692328262
624.3228692328262
624.3228692328262
624.3228692328262
624.3228692328262
624.3228692328262
624.3228692328262
624.3228692328262
624.3228692328262
624.3228692328262
624.3228692328262
624.3228692328262
624.3228692328262
624.3228692328262
624.3228692328262
624.3228692328262
624.3228692328262
624.3228692328262
624.3228692328262
624.3228692328262
624.3228692328262
624.3228692328262
624.3228692328262
624.3228692328262
624.3228692328262
624.3228692328262
624.3228692328262
624.3228692328262
624.3228692328262
624.3228692328262
624.3228692328262
624.3228692328262
624.3228692328262
624.3228692328262
624.3228692328262
624.3228692328262
624.3228692328262
624.3228692328262
624.3228692328262