3704.2161894189885
3704.2161894189885
3704.2161894189885
3704.2161894189885
3704.2161894189885
3704.2161894189885
3704.2161894189885
3704.2161894189885
3704.2161894189885
3704.2161894189885
3704.2161894189885
3704.2161894189885
3704.2161894189885
3704.2161894189885
3704.2161894189885
3704.2161894189885
3704.2161894189885
3704.2161894189885
3704.2161894189885
4146.786453932627
4146.786453932627
4146.786453932627
4146.786453932627
4146.786453932627
4146.786453932627
4146.786453932627
4146.786453932627
4146.786453932627
4146.786453932627
4938.776886983786
6137.319926954236
6137.319926954236
6137.319926954236
6137.319926954236
6137.319926954236
6137.319926954236
6137.319926954236
7618.040317045561
7618.040317045561
7618.040317045561
7618.040317045561
7618.040317045561
7618.040317045561
7618.040317045561
7618.040317045561
7618.040317045561
7618.040317045561
7618.040317045561
7618.040317045561
3112.281048840175
3112.281048840175
3112.281048840175
3112.281048840175
3112.281048840175
3112.281048840175
3112.281048840175
3112.281048840175
3112.281048840175
3112.281048840175
3112.281048840175
3112.281048840175
3112.281048840175
3112.281048840175
3112.281048840175
363.3204918186683
363.3204918186683
363.3204918186683
363.3204918186683
363.3204918186683
363.3204918186683
363.3204918186683
363.3204918186683
363.3204918186683
363.3204918186683
363.3204918186683
363.3204918186683
363.3204918186683
363.3204918186683
363.3204918186683
363.3204918186683
363.3204918186683
363.3204918186683
363.3204918186683
363.3204918186683
363.3204918186683
363.3204918186683
363.3204918186683
363.3204918186683
363.3204918186683
363.3204918186683
363.3204918186683
363.3204918186683
363.3204918186683
363.3204918186683
363.3204918186683
363.3204918186683
363.3204918186683
363.3204918186683
363.3204918186683
363.3204918186683
363.3204918186683
363.3204918186683
363.3204918186683
363.3204918186683
363.3204918186683
363.3204918186683
363.3204918186683
363.3204918186683
363.3204918186683
363.3204918186683
363.3204918186683
363.3204918186683
363.3204918186683
363.3204918186683
363.3204918186683
363.3204918186683
363.3204918186683
363.3204918186683
363.3204918186683
363.3204918186683
363.3204918186683
363.3204918186683
363.3204918186683
363.3204918186683
363.3204918186683
363.3204918186683
363.3204918186683
363.3204918186683
363.3204918186683
363.3204918186683
363.3204918186683
363.3204918186683
363.3204918186683
363.3204918186683
363.3204918186683
363.3204918186683
363.3204918186683
363.3204918186683
363.3204918186683
363.3204918186683
363.3204918186683
363.3204918186683
363.3204918186683
363.3204918186683
363.3204918186683
363.3204918186683
363.3204918186683
363.3204918186683
363.3204918186683
363.3204918186683
363.3204918186683
363.3204918186683
363.3204918186683
363.3204918186683
363.3204918186683
363.3204918186683
363.3204918186683
363.3204918186683
363.3204918186683
363.3204918186683
363.3204918186683
654.6087293791869
654.6087293791869
654.6087293791869
654.6087293791869
654.6087293791869
654.6087293791869
654.6087293791869
654.6087293791869
654.6087293791869
654.6087293791869
654.6087293791869
654.6087293791869
654.6087293791869
654.6087293791869
654.6087293791869
654.6087293791869
654.6087293791869
654.6087293791869
2199.0335375865166
2199.0335375865166
2199.0335375865166
2199.0335375865166
2199.0335375865166
2199.0335375865166
2199.0335375865166
2199.0335375865166
2199.0335375865166
2199.0335375865166
2199.0335375865166
2199.0335375865166
2199.0335375865166
2199.0335375865166
2199.0335375865166
2199.0335375865166
2199.0335375865166
2199.0335375865166
2199.0335375865166
2199.0335375865166
2199.0335375865166
2199.0335375865166
2199.0335375865166
2199.0335375865166
2199.0335375865166
2199.0335375865166
2199.0335375865166
2199.0335375865166
2199.0335375865166
2199.0335375865166
9283.861892422154
9283.861892422154
9283.861892422154
9283.861892422154
9283.861892422154
9283.861892422154
9283.861892422154
9283.861892422154
9283.861892422154
9283.861892422154
9283.861892422154
9283.861892422154
9283.861892422154
9283.861892422154
9283.861892422154
9283.861892422154
9283.861892422154
9283.861892422154
9283.861892422154
9283.861892422154
9283.861892422154
9283.861892422154
9283.861892422154
9283.861892422154
9283.861892422154
9283.861892422154
9283.861892422154
9283.861892422154
9283.861892422154
9283.861892422154
9283.861892422154
9283.861892422154
9283.861892422154
9283.861892422154
9283.861892422154
9283.861892422154
9283.861892422154
9283.861892422154
9283.861892422154
9283.861892422154
9283.861892422154
9283.861892422154
9283.861892422154
9283.861892422154
9283.861892422154
9283.861892422154
9283.861892422154
9283.861892422154
9283.861892422154
9283.861892422154
9283.861892422154
9283.861892422154
9283.861892422154
9283.861892422154
9283.861892422154
9283.861892422154
9283.861892422154
9283.861892422154
9283.861892422154
9283.861892422154
9283.861892422154
9283.861892422154
9283.861892422154
9283.861892422154
9283.861892422154
9283.861892422154
9283.861892422154
9283.861892422154
9283.861892422154
9283.861892422154
9283.861892422154
9283.861892422154
9283.861892422154
9283.861892422154
9283.861892422154
9283.861892422154
9283.861892422154
9283.861892422154
9283.861892422154
9283.861892422154
9283.861892422154
9283.861892422154
9283.861892422154
9283.861892422154
9283.861892422154
9283.861892422154
9283.861892422154
9283.861892422154
9283.861892422154
9283.861892422154
9283.861892422154