3467.7309201721505
2258.406899101254
2258.406899101254
485.16179072632946
485.16179072632946
485.16179072632946
485.16179072632946
485.16179072632946
485.16179072632946
485.16179072632946
485.16179072632946
485.16179072632946
485.16179072632946
485.16179072632946
485.16179072632946
166.915039836385
166.915039836385
166.915039836385
94.469469353603
94.469469353603
94.469469353603
94.469469353603
94.469469353603
94.469469353603
94.469469353603
94.469469353603
94.469469353603
94.469469353603
94.469469353603
94.469469353603
94.469469353603
94.469469353603
94.469469353603
94.469469353603
94.469469353603
94.469469353603
94.469469353603
94.469469353603
94.469469353603
94.469469353603
94.469469353603
94.469469353603
94.469469353603
94.469469353603
94.469469353603
94.469469353603
94.469469353603
94.469469353603
94.469469353603
94.469469353603
94.469469353603
94.469469353603
94.469469353603
94.469469353603
94.469469353603
94.469469353603
94.469469353603
94.469469353603
94.469469353603
94.469469353603
94.469469353603
94.469469353603
94.469469353603
94.469469353603
94.469469353603
94.469469353603
94.469469353603
94.469469353603
94.469469353603
94.469469353603
94.469469353603
94.469469353603
94.469469353603
94.469469353603
94.469469353603
94.469469353603
94.469469353603
94.469469353603
94.469469353603
94.469469353603
94.469469353603
94.469469353603
94.469469353603
94.469469353603
94.469469353603
94.469469353603
94.469469353603
94.469469353603
94.469469353603
94.469469353603
94.469469353603
94.469469353603
94.469469353603
94.469469353603
94.469469353603
94.469469353603
94.469469353603
94.469469353603
94.469469353603
94.469469353603
94.469469353603
94.469469353603
94.469469353603
94.469469353603
94.469469353603
94.469469353603
94.469469353603
94.469469353603
30.37359852446464
30.37359852446464
30.37359852446464
30.37359852446464
30.37359852446464
30.37359852446464
30.37359852446464
30.37359852446464
30.37359852446464
30.37359852446464
30.37359852446464
30.37359852446464
30.37359852446464
30.37359852446464
30.37359852446464
30.37359852446464
30.37359852446464
30.37359852446464
30.37359852446464
30.37359852446464
30.37359852446464
30.37359852446464
30.37359852446464
30.37359852446464
30.37359852446464
30.37359852446464
30.37359852446464
30.37359852446464
30.37359852446464
30.37359852446464
30.37359852446464
30.37359852446464
30.37359852446464
30.37359852446464
30.37359852446464
30.37359852446464
30.37359852446464
30.37359852446464
30.37359852446464
30.37359852446464
30.37359852446464
30.37359852446464
30.37359852446464
30.37359852446464
30.37359852446464
30.37359852446464
30.37359852446464
30.37359852446464
30.37359852446464
30.37359852446464
30.37359852446464
30.37359852446464
30.37359852446464
30.37359852446464
30.37359852446464
30.37359852446464
30.37359852446464
30.37359852446464
30.37359852446464
30.37359852446464
30.37359852446464
30.37359852446464
30.37359852446464
30.37359852446464
30.37359852446464
30.37359852446464
30.37359852446464
30.37359852446464
30.37359852446464
30.37359852446464
30.37359852446464
30.37359852446464
30.37359852446464
30.37359852446464
30.37359852446464
30.37359852446464
30.37359852446464
29.32126970364046
29.32126970364046
29.32126970364046
29.32126970364046
29.32126970364046
29.32126970364046
29.32126970364046
29.32126970364046
29.32126970364046
29.32126970364046
29.32126970364046
29.32126970364046
29.32126970364046
29.32126970364046
29.32126970364046
29.32126970364046
29.32126970364046
29.32126970364046
29.32126970364046
29.32126970364046
29.32126970364046
29.32126970364046
29.32126970364046
29.32126970364046
29.32126970364046
29.32126970364046
29.32126970364046
29.32126970364046
29.32126970364046
29.32126970364046
29.32126970364046
29.32126970364046
29.32126970364046
29.32126970364046
29.32126970364046
29.32126970364046
29.32126970364046
29.32126970364046
29.32126970364046
29.32126970364046
29.32126970364046
29.32126970364046
29.32126970364046
29.32126970364046
29.32126970364046
29.32126970364046
29.32126970364046
29.32126970364046
29.32126970364046
29.32126970364046
29.32126970364046
29.32126970364046
29.32126970364046
29.32126970364046
29.32126970364046
29.32126970364046
29.32126970364046
29.32126970364046
29.32126970364046
29.32126970364046
29.32126970364046
29.32126970364046
29.32126970364046
29.32126970364046
29.32126970364046
29.32126970364046
29.32126970364046
29.32126970364046
29.32126970364046
29.32126970364046
29.32126970364046
29.32126970364046
29.32126970364046
29.32126970364046
29.32126970364046
29.32126970364046
29.32126970364046
29.32126970364046
29.32126970364046
29.32126970364046
29.32126970364046
29.32126970364046
29.32126970364046
29.32126970364046
29.32126970364046
29.32126970364046
29.32126970364046
29.32126970364046
29.32126970364046
29.32126970364046
29.32126970364046
29.32126970364046
29.32126970364046
29.32126970364046
29.32126970364046
29.32126970364046
29.32126970364046
29.32126970364046
29.32126970364046
29.32126970364046
29.32126970364046
29.32126970364046
29.32126970364046
29.32126970364046
29.32126970364046
29.32126970364046
9.35376601474136
9.35376601474136
9.35376601474136
9.35376601474136
9.35376601474136
9.35376601474136
9.35376601474136
9.35376601474136
9.35376601474136