5362.353817557279
5362.353817557279
5362.353817557279
5362.353817557279
2124.204582551963
2124.204582551963
2124.204582551963
1703.5590711095228
1089.7379138670503
1089.7379138670503
1089.7379138670503
1089.7379138670503
1089.7379138670503
1089.7379138670503
1089.7379138670503
1089.7379138670503
1089.7379138670503
521.6662920319449
521.6662920319449
521.6662920319449
521.6662920319449
521.6662920319449
521.6662920319449
521.6662920319449
321.5629251215313
321.5629251215313
321.5629251215313
321.5629251215313
321.5629251215313
321.5629251215313
321.5629251215313
321.5629251215313
321.5629251215313
321.5629251215313
321.5629251215313
321.5629251215313
321.5629251215313
321.5629251215313
321.5629251215313
321.5629251215313
321.5629251215313
321.5629251215313
321.5629251215313
321.5629251215313
321.5629251215313
321.5629251215313
321.5629251215313
59.96109347952028
59.96109347952028
59.96109347952028
59.96109347952028
59.96109347952028
59.96109347952028
59.96109347952028
59.96109347952028
59.96109347952028
59.96109347952028
59.96109347952028
59.96109347952028
59.96109347952028
59.96109347952028
59.96109347952028
59.96109347952028
59.96109347952028
59.96109347952028
59.96109347952028
59.96109347952028
59.96109347952028
59.96109347952028
59.96109347952028
59.96109347952028
59.96109347952028
59.96109347952028
59.96109347952028
59.96109347952028
59.96109347952028
59.96109347952028
59.96109347952028
59.96109347952028
59.96109347952028
59.96109347952028
59.96109347952028
59.96109347952028
59.96109347952028
59.96109347952028
59.96109347952028
59.96109347952028
59.96109347952028
59.96109347952028
59.96109347952028
59.96109347952028
59.96109347952028
59.96109347952028
59.96109347952028
59.96109347952028
59.96109347952028
59.96109347952028
59.96109347952028
59.96109347952028
59.96109347952028
59.96109347952028
59.96109347952028
59.96109347952028
59.96109347952028
59.96109347952028
59.96109347952028
59.96109347952028
59.96109347952028
59.96109347952028
59.96109347952028
59.96109347952028
59.96109347952028
59.96109347952028
59.96109347952028
59.96109347952028
59.96109347952028
59.96109347952028
59.96109347952028
59.96109347952028
59.96109347952028
59.96109347952028
59.96109347952028
59.96109347952028
59.96109347952028
59.96109347952028
59.96109347952028
59.96109347952028
59.96109347952028
59.96109347952028
59.96109347952028
59.96109347952028
59.96109347952028
59.96109347952028
59.96109347952028
59.96109347952028
59.96109347952028
59.96109347952028
59.96109347952028
59.96109347952028
59.96109347952028
59.96109347952028
59.96109347952028
59.96109347952028
59.96109347952028
59.96109347952028
59.96109347952028
59.96109347952028
59.96109347952028
59.96109347952028
59.96109347952028
59.96109347952028
59.96109347952028
59.96109347952028
59.96109347952028
59.96109347952028
59.96109347952028
59.96109347952028
59.96109347952028
59.96109347952028
59.96109347952028
59.96109347952028
59.96109347952028
59.96109347952028
59.96109347952028
59.96109347952028
59.96109347952028
59.96109347952028
59.96109347952028
59.96109347952028
59.96109347952028
59.96109347952028
59.96109347952028
59.96109347952028
59.96109347952028
59.96109347952028
59.96109347952028
59.96109347952028
59.96109347952028
59.96109347952028
59.96109347952028
59.96109347952028
59.96109347952028
59.96109347952028
59.96109347952028
59.96109347952028
59.96109347952028
59.96109347952028
59.96109347952028
59.96109347952028
59.96109347952028
59.96109347952028
59.96109347952028
59.96109347952028
59.96109347952028
59.96109347952028
59.96109347952028
59.96109347952028
59.96109347952028
59.96109347952028
59.96109347952028
59.96109347952028
59.96109347952028
59.96109347952028
59.96109347952028
59.96109347952028
59.96109347952028
59.96109347952028
59.96109347952028
59.96109347952028
59.96109347952028
59.96109347952028
59.96109347952028
59.96109347952028
59.96109347952028
59.96109347952028
59.96109347952028
59.96109347952028
59.96109347952028
59.96109347952028
59.96109347952028
59.96109347952028
59.96109347952028
59.96109347952028
59.96109347952028
59.96109347952028
59.96109347952028
59.96109347952028
59.96109347952028
59.96109347952028
59.96109347952028
59.96109347952028
59.96109347952028
59.96109347952028
59.96109347952028
59.96109347952028
59.96109347952028
59.96109347952028
59.96109347952028
59.96109347952028
59.96109347952028
59.96109347952028
59.96109347952028
59.96109347952028
59.96109347952028
59.96109347952028
59.96109347952028
59.96109347952028
59.96109347952028
59.96109347952028
59.96109347952028
59.96109347952028
59.96109347952028
59.96109347952028
59.96109347952028
59.96109347952028
59.96109347952028
59.96109347952028
59.96109347952028
59.96109347952028
59.96109347952028
59.96109347952028
59.96109347952028
59.96109347952028
59.96109347952028
59.96109347952028
59.96109347952028
59.96109347952028
59.96109347952028
59.96109347952028
59.96109347952028
59.96109347952028
59.96109347952028
59.96109347952028
59.96109347952028
59.96109347952028
59.96109347952028
59.96109347952028
59.96109347952028
59.96109347952028
59.96109347952028
59.96109347952028
59.96109347952028
59.96109347952028
59.96109347952028
59.96109347952028
59.96109347952028
59.96109347952028
59.96109347952028
59.96109347952028
59.96109347952028
59.96109347952028
59.96109347952028
59.96109347952028
59.96109347952028
59.96109347952028
59.96109347952028
59.96109347952028
59.96109347952028
59.96109347952028
59.96109347952028