5193.972010395543
5193.972010395543
4941.290966696991
4941.290966696991
3816.337726559561
1284.6489919520177
1284.6489919520177
1284.6489919520177
1284.6489919520177
1284.6489919520177
1284.6489919520177
1284.6489919520177
1284.6489919520177
1284.6489919520177
1284.6489919520177
1284.6489919520177
1284.6489919520177
1284.6489919520177
1284.6489919520177
1284.6489919520177
1284.6489919520177
1284.6489919520177
1284.6489919520177
1284.6489919520177
1019.7871872713293
1019.7871872713293
1019.7871872713293
1019.7871872713293
1019.7871872713293
1019.7871872713293
1019.7871872713293
1019.7871872713293
1019.7871872713293
1019.7871872713293
1019.7871872713293
1019.7871872713293
1019.7871872713293
1019.7871872713293
1019.7871872713293
1019.7871872713293
1019.7871872713293
1019.7871872713293
1019.7871872713293
1019.7871872713293
1019.7871872713293
1019.7871872713293
1019.7871872713293
1019.7871872713293
1019.7871872713293
1019.7871872713293
1019.7871872713293
1019.7871872713293
466.2415568533274
466.2415568533274
466.2415568533274
466.2415568533274
466.2415568533274
254.12092017631173
254.12092017631173
254.12092017631173
22.073909743666185
22.073909743666185
22.073909743666185
22.073909743666185
22.073909743666185
22.073909743666185
22.073909743666185
22.073909743666185
22.073909743666185
22.073909743666185
22.073909743666185
22.073909743666185
22.073909743666185
22.073909743666185
22.073909743666185
22.073909743666185
22.073909743666185
22.073909743666185
22.073909743666185
22.073909743666185
22.073909743666185
22.073909743666185
22.073909743666185
22.073909743666185
22.073909743666185
22.073909743666185
22.073909743666185
22.073909743666185
22.073909743666185
22.073909743666185
22.073909743666185
22.073909743666185
22.073909743666185
22.073909743666185
22.073909743666185
22.073909743666185
22.073909743666185
22.073909743666185
22.073909743666185
22.073909743666185
22.073909743666185
22.073909743666185
22.073909743666185
22.073909743666185
22.073909743666185
22.073909743666185
22.073909743666185
22.073909743666185
22.073909743666185
22.073909743666185
22.073909743666185
22.073909743666185
22.073909743666185
22.073909743666185
22.073909743666185
22.073909743666185
22.073909743666185
22.073909743666185
22.073909743666185
22.073909743666185
22.073909743666185
22.073909743666185
22.073909743666185
22.073909743666185
22.073909743666185
22.073909743666185
22.073909743666185
22.073909743666185
22.073909743666185
22.073909743666185
22.073909743666185
22.073909743666185
22.073909743666185
22.073909743666185
22.073909743666185
22.073909743666185
22.073909743666185
22.073909743666185
22.073909743666185
22.073909743666185
22.073909743666185
22.073909743666185
22.073909743666185
22.073909743666185
22.073909743666185
22.073909743666185
22.073909743666185
22.073909743666185
22.073909743666185
22.073909743666185
22.073909743666185
22.073909743666185
22.073909743666185
22.073909743666185
22.073909743666185
22.073909743666185
22.073909743666185
22.073909743666185
22.073909743666185
22.073909743666185
22.073909743666185
22.073909743666185
22.073909743666185
22.073909743666185
22.073909743666185
22.073909743666185
22.073909743666185
22.073909743666185
22.073909743666185
22.073909743666185
22.073909743666185
22.073909743666185
22.073909743666185
22.073909743666185
22.073909743666185
22.073909743666185
22.073909743666185
22.073909743666185
22.073909743666185
22.073909743666185
22.073909743666185
8.996563973547866
8.996563973547866
8.996563973547866
8.996563973547866
8.996563973547866
8.996563973547866
8.996563973547866
8.996563973547866
8.996563973547866
8.996563973547866
8.996563973547866
8.996563973547866
8.996563973547866
8.996563973547866
8.996563973547866
8.996563973547866
8.996563973547866
8.996563973547866
8.996563973547866
8.996563973547866
8.996563973547866
8.996563973547866
8.996563973547866
8.996563973547866
8.996563973547866
8.996563973547866
8.996563973547866
8.996563973547866
8.996563973547866
8.996563973547866
8.996563973547866
8.996563973547866
8.996563973547866
8.996563973547866
8.996563973547866
8.996563973547866
8.996563973547866
8.996563973547866
8.996563973547866
8.996563973547866
8.996563973547866
8.996563973547866
8.996563973547866
8.996563973547866
8.996563973547866
8.996563973547866
8.996563973547866
8.996563973547866
8.996563973547866
8.996563973547866
8.996563973547866
8.996563973547866
8.996563973547866
8.996563973547866
8.996563973547866
8.996563973547866
8.996563973547866
8.996563973547866
8.996563973547866
8.996563973547866
8.996563973547866
8.996563973547866
8.996563973547866
8.996563973547866
8.996563973547866
8.996563973547866
8.996563973547866
8.996563973547866
8.996563973547866
8.996563973547866
8.996563973547866
8.996563973547866
8.996563973547866
8.996563973547866
8.996563973547866
8.996563973547866
8.996563973547866
8.996563973547866
8.996563973547866
8.996563973547866
8.996563973547866
8.996563973547866
8.996563973547866
8.996563973547866
8.996563973547866
8.996563973547866
8.996563973547866
8.996563973547866
8.996563973547866
8.996563973547866
8.996563973547866
8.996563973547866
8.996563973547866
8.996563973547866
8.996563973547866
8.996563973547866
8.996563973547866
8.996563973547866
8.996563973547866
8.996563973547866
8.996563973547866
8.996563973547866
8.996563973547866
8.996563973547866
8.996563973547866
8.996563973547866
8.996563973547866
8.996563973547866
8.996563973547866
8.996563973547866
8.996563973547866
8.996563973547866
8.996563973547866
8.996563973547866
8.996563973547866
8.996563973547866
8.996563973547866
8.996563973547866
8.996563973547866