1.9900484704961734
2.993020964370439
1.7978058357747375
2.615292209524715
1.8312922332673642
1.9017830892612095
2.228345749297077
2.2868494596747837
1.324127325406228
1.0120382240609964
1.2091422912652066
1.004313013110818
2.9514126513657852
1.469983978838834
2.8373237081109277
1.3506286443805209
1.7383087865837172
2.9058403144192546
2.8463970386262956
2.669244229227971
1.0002352506905183
2.7155295497663587
2.9480042871592382
1.0670750863686018
2.9565299061955597
2.0254211225741034
2.9820034435626743
2.939880558665668
2.5661821813882897
2.2009245600993865
2.5813472354587437
2.4450442204068334
2.210884199608677
2.942353173749882
1.983548883060613
2.3302042356741346
2.2976638591325327
2.159619638339426
1.1025837352340857
2.817038186460113
1.3239607156067625
2.586684842479002
1.7629285954674363
2.4665724374029843
2.3479215222129253
1.5793953417196265
2.387239749324377
1.9128024052144341
1.1136560912204612
2.683195680112952
1.990771901692018
2.1135869262059686
2.035458553591915
1.2659288447650598
2.5730854715112743
2.8934692772381476
1.0387768877766899
1.038830940499171
2.4605992978258935
2.9614016390808056
2.1135420021998637
1.0694077106578235
1.1833791650487018
1.2546958781188589
2.715045036546961
1.7719917657566722
2.079263075773721
1.919144401973492
1.3371444395376577
1.5635504446175177
2.0891793701811054
1.9298641879765739
1.0800271255403187
1.494414387181036
2.999726358241043
1.238153796156991
2.909272336218565
1.6603762426803443
2.054031771408754
2.114335625405968
2.113467128340533
1.0514550458049685
1.9902142563605372
2.219087033483639
1.9724544463137172
1.3503650583224078
2.467012305446322
1.6871004517139303
1.1397614729455965
2.8981994996727956
2.9949530956511436
1.290352576710805
2.246508399287214
2.0179581113754477
2.720964602351246
1.1103207420725438
1.5626285348193103
1.2262429726543966
2.142447880117564
1.7902946109471265
1.2265103844302216
1.329401773063381
1.5472618010046808
1.1270039316380607
1.7290797031571747
1.82487401053555
1.9375682002424681
2.929923151111542
1.2903631960034376
2.9747699060867916
2.5137974391088274
2.7326673823647827
2.3474410387955666
1.3773061608300725
2.5876486750710526
2.177069588810701
2.868659779453198
2.1589202886340955
2.898537137270942
1.4489505819725583
1.5321083051893343
2.141522872594769
1.000006041856542
1.2203640052068812
2.972507356403886
1.2984831873902394
2.806427319636246
1.0060284395098997
2.97644149642407
2.9982903094502653
1.5955074284437707
2.99885954402483
2.5517786918562373
1.4851168030582085
1.6779922967076273
2.913227962788331
1.2267683762517074
2.070947681981618
1.68678553131254
2.9956210151182505
2.0441222184183365
2.287629058618748
1.2497397335849039
2.476531043695303
1.1223451882139677
1.1988293244382184
1.087116266490964
1.6941703531155525
2.978459686203074
1.0035931057499663
2.877177594101351
1.014952250963332
1.0027658884314148
2.8064807924110684
2.253327658015883
2.972507356403886
2.901188205541087
1.6873295063387477
1.595080164653728
1.11343287167988
1.929804047863152
1.2911282082303988
2.5073400940526387
1.204458915646227
2.8934692772381476
1.2151129954759674
2.7960613276157917
1.4116198567793856
1.8078872339446894
2.7631042057985953
2.6513177550816955
1.5630758749042337
2.855972279260698
2.972581015385175
2.8112950887757893
1.9481957847721918
2.096986893179337
1.0409048833559567
2.7631139464895282
1.6110377953177795
1.1447142260095857
1.0022137325258735
1.1187491064614408
2.9852676565185803
2.9163647326634967
1.000100128308166
1.0339328205319456
2.778643956041903
2.419606191510738
2.785624253229022
2.1765355383717333
2.1764613605838674
2.9881591543764214
2.6957878989859703
1.1355773451931586
1.7448356530841844
1.2911601018616583
1.1359337174953539
1.0876091506934207
1.6777639958646304
1.3239829282496718
1.6121766865931102
2.429272006652634
1.027086982911203
2.9834542227032235
1.8600887254904883
2.337893674652959
1.8242359595383268
2.8010534036686887
1.2049706036449657
2.4605992978258935
2.212033244710841
1.8951965583812855
1.2377438976975617
1.0000997021942155
2.166360021440692
2.732605831816362
1.0490711819125356
1.0874796401567024
1.572866405483846
1.177590078838146
1.5718990559061277
2.8412673367805867
2.0079319389221983
2.990619717209242
1.4557512697163384
2.9892681446332166
2.5428824136332486
2.9949121795776215
2.9787264505513944
1.6212430045057604
1.177538635251092
2.92698254954097
2.419154663026369
1.4196219977014795
1.38376959756951
2.035955618236346
2.413189352070294
2.3307163507920587
1.168133234380521
2.528481432767003
2.677171314205126
1.0387062591301128
2.9017688051398856
2.2117533760474997
2.0887440101173
1.9129225239897298
2.3797471745859564
1.0195284624826177
1.412131833994463
1.1676400468176502
1.7108556004355622
2.36331179208766
1.0081269111657014
2.615719848734397
2.9421714708140314
1.0670588061602535
2.7447612295288972
2.9615838997041743
1.8493330359141749
2.280167948824372
1.9724695127738863
2.7855496457984765
2.80068334473654
1.3365578101090008
1.8768456746010795
2.2697449064009936
1.0271706687465891
1.9654602858679384
1.0271497353525731
2.9821823351587327
2.4284550622094585
2.986600555596141
2.8005207832420362
2.9203387701148005
2.664118563577344
1.3373588864908594
2.2183957964318295
2.6156960957556956
1.5401232767678574
1.1221790891190588
1.5250333058205596
1.8076801582643083
2.5375646068177433
1.7624600629806562
1.912547157036613
2.991753761417787
1.2378707383979113
1.350078640277467
2.9865291477068743
1.0072808525230352
1.6111905389506267
2.0715189697337024
2.800981221063239
2.9747093129615383
1.0388559003571254
1.336456319453211
2.9334395271733373
2.953593949622106
1.2905012614101206
