 2749 2749 2749
 7227 7227 7227
 12310 12310 12310
 20958 20958 20958
 3491 3491 3491
 8570 8570 8570
 2276 2276 2276
 21729 21729 21729
 10221 10221 10221
 3996 3996 3996
 945 945 945
 3126 3126 3126
 27342 27342 27342
 6701 6701 6701
 8714 8714 8714
 893 893 893
 20002 20002 20002
 20321 20321 20321
 4791 4791 4791
 21474 21474 21474
 28488 28488 28488
 5825 5825 5825
 9788 9788 9788
 24410 24410 24410
 12712 12712 12712
 24455 24455 24455
 30110 30110 30110
 13666 13666 13666
 496 496 496
 29862 29862 29862
 25479 25479 25479
 28047 28047 28047
 8183 8183 8183
 26425 26425 26425
 4150 4150 4150
 29491 29491 29491
 22180 22180 22180
 20652 20652 20652
 972 972 972
 31703 31703 31703
 2119 2119 2119
 9227 9227 9227
 29832 29832 29832
 27296 27296 27296
 19921 19921 19921
 10110 10110 10110
 31405 31405 31405
 20580 20580 20580
 8791 8791 8791
 10603 10603 10603
 31106 31106 31106
 1067 1067 1067
 26116 26116 26116
 15685 15685 15685
 14657 14657 14657
 31080 31080 31080
 29620 29620 29620
 28422 28422 28422
 12241 12241 12241
 26655 26655 26655
 27319 27319 27319
 23440 23440 23440
 4432 4432 4432
 20849 20849 20849
 30261 30261 30261
 21358 21358 21358
 31650 31650 31650
 30262 30262 30262
 2317 2317 2317
 21546 21546 21546
 14877 14877 14877
 25482 25482 25482
 18241 18241 18241
 15185 15185 15185
 29091 29091 29091
 15385 15385 15385
 15821 15821 15821
 8511 8511 8511
 26270 26270 26270
 25020 25020 25020
 16739 16739 16739
 10109 10109 10109
 11503 11503 11503
 7976 7976 7976
 8206 8206 8206
 13243 13243 13243
 31114 31114 31114
 1574 1574 1574
 24852 24852 24852
 4775 4775 4775
 20048 20048 20048
 9903 9903 9903
 2448 2448 2448
 51 51 51
 26705 26705 26705
 24284 24284 24284
 25662 25662 25662
 24338 24338 24338
 18804 18804 18804
 6403 6403 6403
 26269 26269 26269
 5224 5224 5224
 23408 23408 23408
 28405 28405 28405
 25277 25277 25277
 11208 11208 11208
 4389 4389 4389
 29134 29134 29134
 11319 11319 11319
 3951 3951 3951
 318 318 318
 15396 15396 15396
 9955 9955 9955
 19473 19473 19473
 11461 11461 11461
 4508 4508 4508
 21887 21887 21887
 23156 23156 23156
 17598 17598 17598
 24196 24196 24196
 26903 26903 26903
 6573 6573 6573
 24762 24762 24762
 9353 9353 9353
 17368 17368 17368
 23137 23137 23137
 18293 18293 18293
 9707 9707 9707
 5489 5489 5489
 21323 21323 21323
 11137 11137 11137
 23747 23747 23747
 21510 21510 21510
 30668 30668 30668
 12308 12308 12308
 7384 7384 7384
 31626 31626 31626
 28462 28462 28462
 2402 2402 2402
 18277 18277 18277
 31098 31098 31098
 2153 2153 2153
 26764 26764 26764
 28714 28714 28714
 31415 31415 31415
 20057 20057 20057
 22566 22566 22566
 30385 30385 30385
 11826 11826 11826
 32629 32629 32629
 8581 8581 8581
 20295 20295 20295
 25944 25944 25944
 6647 6647 6647
 25320 25320 25320
 6369 6369 6369
 6071 6071 6071
 16024 16024 16024
 6011 6011 6011
 12046 12046 12046
 30513 30513 30513
 22007 22007 22007
 10264 10264 10264
 30807 30807 30807
 23165 23165 23165
 384 384 384
 13647 13647 13647
 3904 3904 3904
 24390 24390 24390
 5293 5293 5293
 14697 14697 14697
 29917 29917 29917
 5801 5801 5801
 27654 27654 27654
 15792 15792 15792
 13510 13510 13510
 26415 26415 26415
 4220 4220 4220
 1715 1715 1715
 30099 30099 30099
 25685 25685 25685
 21848 21848 21848
 19718 19718 19718
 26088 26088 26088
 12556 12556 12556
 11119 11119 11119
 11858 11858 11858
 20735 20735 20735
 22547 22547 22547
 31689 31689 31689
 6207 6207 6207
 4892 4892 4892
 17938 17938 17938
 32537 32537 32537
 1315 1315 1315
 431 431 431
 20558 20558 20558
 21672 21672 21672
 2469 2469 2469
 23612 23612 23612
 16245 16245 16245
 26633 26633 26633
 27473 27473 27473
 28907 28907 28907
 31172 31172 31172
 22609 22609 22609
 20754 20754 20754
 7669 7669 7669
 27637 27637 27637
 27728 27728 27728
 16785 16785 16785
 26343 26343 26343
 7695 7695 7695
 5187 5187 5187
 27821 27821 27821
 53 53 53
 15608 15608 15608
 2582 2582 2582
 22927 22927 22927
 1797 1797 1797
 122 122 122
 29607 29607 29607
 6975 6975 6975
 8670 8670 8670
 9783 9783 9783
 7230 7230 7230
 27769 27769 27769
 19128 19128 19128
 6508 6508 6508
 11015 11015 11015
 458 458 458
 12321 12321 12321
 4787 4787 4787
 32430 32430 32430
 2508 2508 2508
 31584 31584 31584
 5475 5475 5475
 16125 16125 16125
 31497 31497 31497
 12510 12510 12510
 5826 5826 5826
 26244 26244 26244
 4266 4266 4266
 10311 10311 10311
 31108 31108 31108
 32579 32579 32579
 12162 12162 12162
 23823 23823 23823
 20434 20434 20434
 6227 6227 6227
 9666 9666 9666
 14010 14010 14010
 6448 6448 6448
 22282 22282 22282
 9457 9457 9457
 4902 4902 4902
 29575 29575 29575
 22026 22026 22026
 30704 30704 30704
 22830 22830 22830
 11385 11385 11385
 24017 24017 24017
 32035 32035 32035
 15473 15473 15473
 20548 20548 20548
 31106 31106 31106
 2193 2193 2193
 12433 12433 12433
 11195 11195 11195
 12452 12452 12452
 10795 10795 10795
 11591 11591 11591
 14427 14427 14427
 8799 8799 8799
 19790 19790 19790
 2301 2301 2301
 22051 22051 22051
 29247 29247 29247
 13274 13274 13274
 23909 23909 23909
 13167 13167 13167
 28817 28817 28817
 30817 30817 30817
 28621 28621 28621
 7722 7722 7722
 31400 31400 31400
 31410 31410 31410
 5756 5756 5756
 21622 21622 21622
 14235 14235 14235
 32385 32385 32385
 7441 7441 7441
 2542 2542 2542
 5239 5239 5239
 13655 13655 13655
 14377 14377 14377
 17277 17277 17277
 5329 5329 5329
 22102 22102 22102
 21860 21860 21860
