2.8212592627797335
2.131993191434398
2.2362220489132083
1.3770821106381799
1.9728612429380128
1.5723486081822653
1.1737142589478329
2.885694006834253
2.715519020527058
2.1773069278378996
1.728484906254423
1.1835096750588598
1.7732099824268968
1.4857371351588085
2.4357306900759808
1.054968062306704
1.193626159733919
2.9949546078969527
1.0545941338189861
2.9056358933830224
2.451003712261948
2.3971704323634913
2.9999850631392566
1.9299694337919724
1.6121211171630803
1.083279620033903
1.2547561751176448
1.515982873029612
1.745374903095344
2.337893674652959
1.1584801574425438
2.9891842981474666
1.4559283035620312
2.7558953994597166
2.0782413509447166
2.2867339473579857
1.7049272470388828
2.1487445648466164
1.4637323662807948
1.0005222913258969
1.0022783461954838
1.8675436735524746
1.2379683280767262
2.444126172889595
1.2615201370637814
1.8777282121510912
2.831071267860462
2.7447712875752472
1.32930115155401
1.4637196447015504
1.4702140566946573
1.0760565068957455
1.188009358230404
2.966312003320417
2.670139683937853
2.677470701365067
2.054137122228165
2.9821369862602705
1.6376713680556712
1.4350235217696472
2.572294703727014
1.7459142322904797
2.3214511415597165
1.0132107588412018
1.8250669241694446
2.5873315562547154
2.9978132479083257
1.110403337568026
2.999918532536303
1.0491411583858286
1.1981443505872882
2.9785932739004948
2.2363831474900633
2.779399972107982
1.4852201730384036
2.9362238504413685
2.5958531005775476
2.4911660181120885
2.6509631418245703
2.670162057827619
1.1677068811403202
1.8770700393495894
2.7563491291724183
2.8981199783968994
2.615743601153604
2.0609274519788485
1.0406875654272199
2.482354436526193
2.936080769422033
1.0059855511843487
1.2155614875927043
2.7680520071044823
1.0670859408987547
2.8174724728753
1.3238940813585827
2.000919402647138
2.482605271224547
2.0534899577426495
2.8168643419549166
2.212106891475203
1.0061030300187128
2.6009161573369486
2.912976001559873
1.7118368817013798
2.9637230108067434
2.4977591753473316
1.0341902369084126
2.4123793899493995
2.459943641092217
1.4644576976084975
2.2187781964479063
1.7207581686445088
2.990716268776796
1.0181534555476035
1.113830624947375
2.0719699698204894
2.5725048033872113
1.1832921815630848
2.913258665910688
2.0792480510078075
2.1320828327205685
1.1218544177538767
1.0386771950885905
1.6374325634699944
2.0718948041611283
2.615684219056542
2.573023711970471
2.543704906418881
2.6430188448649963
2.8981398614699314
1.1733578688444912
2.303676365294357
1.4788863024375782
2.5075219201713055
2.9662304921666194
2.9834542227032235
2.4292992320907922
1.5321083051893343
1.1833530680548652
1.0981595480080955
2.5376789846631302
1.2042945648486523
1.0271357841777327
1.540658713638499
2.2632183133694395
2.9999287702162882
1.3690473208326488
2.994942503601827
2.995651957721935
1.0042878796458297
1.0060913970206853
2.993773315922915
2.951077938779499
2.66935621430658
2.8503329459128195
2.7902392859917517
2.331228368541083
2.4665724374029843
2.8560735671842523
1.0061096824134723
1.9833379015102857
1.4558144933078532
2.0013715676395973
1.0698110353872767
1.4120708719692345
1.029548305656233
2.3868645190295754
1.0635063084538139
2.330545656565598
2.513900880127209
2.9164431578813876
1.3559082852268567
1.7554056047191293
1.4554099157401121
1.1939204141362227
2.873510160167905
2.859584581001647
1.7211779012184087
1.297806806229302
1.0667173624981334
1.4194010873330773
2.396506372670431
2.5873437547999876
1.328921137241466
2.2697449064009936
2.9273157477745575
1.7042072766654601
2.557763662987379
2.970756411727813
2.211355638079283
1.3698310945821124
1.5007121368768919
1.0800803062054047
2.1491320706392725
2.5584515159730468
1.130982037011679
1.531522302788362
1.1450267713293323
2.113781594221565
2.7677237371476417
2.482235606288244
1.4790792744200485
1.1543985489841848
1.0002359049687635
1.0081422595842389
1.0106395604867875
1.6701799144712541
1.8148775761162026
2.7273804338566805
2.9999862732750664
1.0163877882985983
1.183892745158957
1.92938307421184
2.025677265934709
2.23613417422351
2.7206720895036414
2.637272459499605
1.0297559641067102
2.1939909239446607
1.0022570424985515
2.228448465825558
2.942070404877282
1.7720064409460807
2.905674238376056
2.994869574062032
2.8169425811701543
2.913209538425404
2.2456757060512773
1.3974827505413356
1.2200526247631929
1.8324659871473197
1.036132309176957
2.1062572789236613
1.0388018306021394
1.040734389979062
2.3969076002393495
1.6275046169403835
1.0005150108315513
2.1842484627960745
2.3143593432159086
1.9129075090744532
2.846934397462869
2.4763322692282363
2.827548580078262
2.1834188056125603
2.9662460255635374
1.9483162006611807
1.7633239626534447
2.5955383413143274
2.690341577680543
2.974793450704303
1.2049157528349486
2.8934557382673183
2.9964881294270524
2.2972033776005443
2.4441801886083727
2.512853194927103
1.0094959719674077
1.00121726744118
2.6959394412001942
2.3546424325991184
1.1397922152277673
2.93353681727378
2.9680779812818203
2.8735761871536827
2.898232624866946
1.0071831457164873
1.0150406666711085
2.1765058673783066
2.071985002903327
2.1847669319122005
1.738934359757492
2.7566645528111215
1.2733336295909963
1.7388179657368759
1.0081192423646654
1.0271811384262404
1.636940981938857
2.380332709692171
1.0232957942854357
1.9190692880595983
2.06175486060504
1.637474703725295
2.9478650884185758
2.720787020574286
2.6776148107219204
2.4514610295374037
2.3711102070794925
1.0802517812696364
1.6111072229202983
2.663960791609059
2.3638874552952123
1.6042132595186058
1.5630623175560205
2.9991599468584136
1.5319617852871716
2.873392739173091
2.9725704986391794
1.4855561771440529
1.440898503214961
