2.0531889433325814
1.215215738642254
2.5810283382589487
2.9763959423592854
1.6615389589558995
2.131993191434398
2.6768385302796815
2.6428341376600324
1.3561273709082131
1.9470970248328703
2.3047675559806295
2.9983384201107537
2.9360489525876337
2.0085649487928685
1.6207269414923344
2.9234410965478164
2.9663352744403997
2.8312975300827494
2.03559411755288
2.821302257993416
2.0189074971420915
1.0295264885356472
1.4342402985908582
1.9126522585373644
1.4704569589469372
1.0874796401567024
1.5311361865564919
2.035970680662597
2.184752119221664
1.1640384914841124
2.9421563163815168
1.1578862728374535
1.5881973919900023
2.5073400940526387
1.0002408410131263
1.5786980847917316
2.176995418254479
2.4032378358510256
2.8115857761709426
1.4400989983509014
2.7086059672230456
2.071128091166011
1.721800361337793
2.7965171976156253
1.9195950950561187
2.1764910318214463
2.682281628155971
1.0408281181934966
2.916370766621462
1.9376434142890662
1.1451675181148373
1.1585045854570013
2.999554084604461
2.467145575985491
1.3293123311119999
2.993741367446513
2.5074569848677157
2.9999841432214174
2.779135495325908
1.3505713364198053
1.0104735585246796
2.9586416234215616
1.076472170051346
2.767685103892494
2.831062885135095
2.66431010406895
2.7158243024740463
1.113474709637428
1.26673793796781
2.4607063199791788
2.7028474992226195
2.963505458798056
1.102410914139115
1.2544547510830737
1.0027357247554225
1.6945721806796032
2.9995409374310866
2.211149389791551
2.001115340843162
2.1771140906617616
1.0438312604256832
1.0515792034175877
2.727483856060445
1.0315528476569282
1.9200908764291245
1.4407485564033455
2.166047908026346
1.0004817106803578
1.157959436408063
1.0060897360668035
2.7326160906571784
1.0606197239082515
1.060511244979665
1.0666848879360762
2.7443587689531306
2.25283188674547
1.3289658356610308
2.999165496652563
2.708105944738503
2.9765292279123767
1.1218832610774494
1.0273209242070704
1.0000058856989666
1.1981353447848575
1.0080847773740382
1.4342900118893684
1.9026230851239732
1.4644704262487669
2.079082777411644
2.8463087330318455
1.0604802682868488
2.8902977962972622
1.653760568658738
1.2379780879965199
2.9725143757432573
1.0042962493245966
2.2357680089053007
1.0571535962517933
1.4345137471710556
2.2699190637312006
1.3031087175515301
2.9233485288953047
1.9833529716032865
1.7629432379963914
2.595514125269214
2.403141286273014
1.7554932919160895
2.9662227241511627
2.313443480076672
1.5159037407913807
1.9729817761366162
2.148878704057351
2.9707527932909343
2.1134970779616182
2.3709282538440033
1.4119611487380515
2.9787295427914917
2.4029343792038524
1.2095114018974935
1.0762468841387816
2.9514636893566752
1.516616073404305
1.073612243316572
2.0783465323104653
1.105403084339143
2.859630788190275
2.9995495726678194
2.9708431880545914
1.500842733339384
1.0218337738830867
2.6093428359451107
1.012101260103572
1.644047312301776
1.0461613052550214
1.420272704010875
2.4757755712306597
1.2491819688496593
2.8068103954305785
2.536789118556105
2.5370052838675523
2.6009763924974427
2.0716693047276373
1.0216368761617796
2.963444914407768
1.148582230416253
1.6450616423481756
1.0007699311346472
1.1223379643207236
2.6152328008617074
2.2876867991156677
1.0491364917755948
1.8077836950346848
1.3104876149579248
2.7517630156055315
1.0762872965710617
1.455498406261658
1.0297377197980668
1.0871285724229383
2.9880432458127215
1.704855242462055
2.945793240079928
1.3693864872570904
1.3694566746681809
2.1070965044708356
2.8902428814300327
1.5634148408729334
2.727494197371665
1.0296793750388726
1.8949567346551068
1.8777581303755388
1.0764432694077486
2.9637391003763205
1.7554786772514368
2.235328566337163
2.61600484084217
2.296382973714436
2.287066034020616
1.3972542205908158
1.01062640786767
1.895001701137506
1.9123069287015713
1.2424591009723525
2.113631849979841
2.567113596630855
1.4697922770957021
2.49788989298719
2.3140588578275354
1.814907199523406
1.7967136575566878
1.848960543588682
1.7383087865837172
2.3642243644185545
2.5808688561929305
1.8849906008217425
2.8905378966375386
2.2021351203871835
2.2800521983797712
1.8066449085337815
2.98531401768913
2.999989870186591
2.966117770008392
1.0493326753809624
1.0546580073367218
2.3874481828939853
2.99919054639054
1.1733409061493472
2.229211423206433
2.8371011568688087
1.3634712097234831
2.958791632392525
1.670037630267526
1.0132865633404458
1.0764663895031643
2.9458862059407056
1.516602879148598
2.7077227084480677
2.387573233531624
2.3871563703531904
1.0458449834924253
2.0889091486930704
2.6769494736339654
2.419154663026369
1.8590590503497588
2.989294555052583
2.02522524711081
2.942055237605986
2.901566757930584
1.84912443756986
1.4852718608321034
2.9835414819941404
1.0573446045872572
2.682821378393902
2.6638368071814518
1.2089947274927029
1.080133503799186
1.470738268444542
2.9997267107032357
2.989221848530283
2.8210786319659067
2.999733364334374
2.997830150813492
2.2356801242493276
2.08973480483348
1.6777639958646304
2.8371341361744635
1.1451675181148373
1.003539690584427
1.2428527958869924
1.316397195405692
1.4055034367807426
1.0295774074956718
2.7395155954279633
1.0802162892519749
1.7039913182897983
2.8504598277259032
2.779399972107982
1.9195049551244205
2.817463791696256
1.0733967169707403
1.2614998118000917
1.7115626696561237
2.4029205846672905
1.4698050563684752
1.1451127757782855
1.9826296117918283
1.005965808056584
2.1773810941748284
2.2965988907079673
2.7030511779601363
1.779971884403472
2.7441977089643212
2.656747943905987
1.0253783370955674
1.1680997771433552
2.6828323898275794
2.8597539729928743
2.637307304443639
2.9092033200079372
2.9013840945038636
1.6113571805565179
