 4318 4318 4318
 12265 12265 12265
 2052 2052 2052
 28249 28249 28249
 14759 14759 14759
 8316 8316 8316
 22825 22825 22825
 21900 21900 21900
 32125 32125 32125
 22117 22117 22117
 9055 9055 9055
 26605 26605 26605
 9127 9127 9127
 27787 27787 27787
 25142 25142 25142
 31280 31280 31280
 5808 5808 5808
 21800 21800 21800
 25561 25561 25561
 1472 1472 1472
 20080 20080 20080
 23723 23723 23723
 5224 5224 5224
 5181 5181 5181
 21785 21785 21785
 10694 10694 10694
 14043 14043 14043
 14353 14353 14353
 7146 7146 7146
 20776 20776 20776
 23378 23378 23378
 2557 2557 2557
 24673 24673 24673
 23629 23629 23629
 30943 30943 30943
 19399 19399 19399
 8930 8930 8930
 25633 25633 25633
 3884 3884 3884
 22731 22731 22731
 6634 6634 6634
 11081 11081 11081
 31291 31291 31291
 31391 31391 31391
 7795 7795 7795
 24207 24207 24207
 21759 21759 21759
 22363 22363 22363
 18911 18911 18911
 9860 9860 9860
 29299 29299 29299
 8369 8369 8369
 4189 4189 4189
 3819 3819 3819
 9115 9115 9115
 22052 22052 22052
 10515 10515 10515
 19653 19653 19653
 25052 25052 25052
 25631 25631 25631
 25005 25005 25005
 26073 26073 26073
 22031 22031 22031
 5913 5913 5913
 17362 17362 17362
 20823 20823 20823
 20574 20574 20574
 27437 27437 27437
 32728 32728 32728
 5063 5063 5063
 7728 7728 7728
 3239 3239 3239
 27421 27421 27421
 24450 24450 24450
 5267 5267 5267
 28500 28500 28500
 19251 19251 19251
 14150 14150 14150
 31056 31056 31056
 8503 8503 8503
 25759 25759 25759
 9926 9926 9926
 15968 15968 15968
 14077 14077 14077
 28663 28663 28663
 29898 29898 29898
 7287 7287 7287
 2107 2107 2107
 3776 3776 3776
 11123 11123 11123
 14565 14565 14565
 27466 27466 27466
 8661 8661 8661
 25139 25139 25139
 18065 18065 18065
 6186 6186 6186
 3925 3925 3925
 29298 29298 29298
 26664 26664 26664
 25977 25977 25977
 17373 17373 17373
 11730 11730 11730
 31259 31259 31259
 11770 11770 11770
 20868 20868 20868
 1121 1121 1121
 22594 22594 22594
 12108 12108 12108
 28048 28048 28048
 13414 13414 13414
 21337 21337 21337
 14837 14837 14837
 17304 17304 17304
 32684 32684 32684
 17099 17099 17099
 18077 18077 18077
 3023 3023 3023
 32577 32577 32577
 9106 9106 9106
 26830 26830 26830
 27830 27830 27830
 32019 32019 32019
 14460 14460 14460
 11860 11860 11860
 12884 12884 12884
 1019 1019 1019
 11003 11003 11003
 3109 3109 3109
 11365 11365 11365
 27555 27555 27555
 29324 29324 29324
 7042 7042 7042
 4301 4301 4301
 10611 10611 10611
 3497 3497 3497
 2932 2932 2932
 4738 4738 4738
 18239 18239 18239
 6511 6511 6511
 1275 1275 1275
 14007 14007 14007
 29975 29975 29975
 24183 24183 24183
 3014 3014 3014
 19294 19294 19294
 12023 12023 12023
 13297 13297 13297
 21381 21381 21381
 7379 7379 7379
 5301 5301 5301
 18319 18319 18319
 8825 8825 8825
 29987 29987 29987
 28039 28039 28039
 24936 24936 24936
 20428 20428 20428
 8197 8197 8197
 23047 23047 23047
 11650 11650 11650
 25511 25511 25511
 1982 1982 1982
 29418 29418 29418
 13240 13240 13240
 16975 16975 16975
 4224 4224 4224
 25132 25132 25132
 24358 24358 24358
 26878 26878 26878
 18752 18752 18752
 12425 12425 12425
 8209 8209 8209
 3469 3469 3469
 24148 24148 24148
 10999 10999 10999
 29203 29203 29203
 28089 28089 28089
 25675 25675 25675
 13150 13150 13150
 11323 11323 11323
 4465 4465 4465
 27201 27201 27201
 4319 4319 4319
 18435 18435 18435
 28239 28239 28239
 23794 23794 23794
 18762 18762 18762
 20759 20759 20759
 28003 28003 28003
 18409 18409 18409
 15252 15252 15252
 17907 17907 17907
 32355 32355 32355
 28570 28570 28570
 14302 14302 14302
 28647 28647 28647
 18751 18751 18751
 7914 7914 7914
 25032 25032 25032
 17022 17022 17022
 32716 32716 32716
 835 835 835
 27428 27428 27428
 14304 14304 14304
 29848 29848 29848
 30675 30675 30675
 31683 31683 31683
 3334 3334 3334
 10976 10976 10976
 3712 3712 3712
 16656 16656 16656
 18958 18958 18958
 11768 11768 11768
 13015 13015 13015
 7793 7793 7793
 11145 11145 11145
 30819 30819 30819
 23663 23663 23663
 19268 19268 19268
 2170 2170 2170
 11627 11627 11627
 1743 1743 1743
 8221 8221 8221
 3072 3072 3072
 3762 3762 3762
 5480 5480 5480
 32089 32089 32089
 9033 9033 9033
 15937 15937 15937
 26666 26666 26666
 20665 20665 20665
 23026 23026 23026
 31213 31213 31213
 3924 3924 3924
 11603 11603 11603
 31766 31766 31766
 17588 17588 17588
 19280 19280 19280
 15864 15864 15864
 6816 6816 6816
 12281 12281 12281
 10784 10784 10784
 30829 30829 30829
 24546 24546 24546
 16160 16160 16160
 5410 5410 5410
 15152 15152 15152
 8017 8017 8017
 23164 23164 23164
 8983 8983 8983
 1056 1056 1056
 11874 11874 11874
 20925 20925 20925
 3655 3655 3655
 9729 9729 9729
 10953 10953 10953
 19936 19936 19936
 19400 19400 19400
 5048 5048 5048
 13419 13419 13419
 31732 31732 31732
 9589 9589 9589
 29736 29736 29736
 19240 19240 19240
 25501 25501 25501
 6767 6767 6767
 3580 3580 3580
 30749 30749 30749
 1213 1213 1213
 20516 20516 20516
 17299 17299 17299
 9700 9700 9700
 16120 16120 16120
 16613 16613 16613
 12044 12044 12044
 6359 6359 6359
 30034 30034 30034
 12503 12503 12503
 14291 14291 14291
 18267 18267 18267
 18341 18341 18341
 18558 18558 18558
 30299 30299 30299
 29217 29217 29217
 1502 1502 1502
 22573 22573 22573
 6600 6600 6600
 17592 17592 17592
 23078 23078 23078
 8235 8235 8235
 4236 4236 4236
 8931 8931 8931
 2714 2714 2714
 14178 14178 14178
 14722 14722 14722
 9333 9333 9333
 21811 21811 21811
 13946 13946 13946
 18525 18525 18525
 25 25 25
 2599 2599 2599
