 10900 10900 10900
 2678 2678 2678
 28076 28076 28076
 21880 21880 21880
 22707 22707 22707
 26349 26349 26349
 22953 22953 22953
 8020 8020 8020
 29534 29534 29534
 9276 9276 9276
 27696 27696 27696
 23821 23821 23821
 878 878 878
 18422 18422 18422
 847 847 847
 26512 26512 26512
 15645 15645 15645
 17250 17250 17250
 840 840 840
 10217 10217 10217
 16431 16431 16431
 23991 23991 23991
 20568 20568 20568
 30936 30936 30936
 13088 13088 13088
 12287 12287 12287
 4598 4598 4598
 18093 18093 18093
 17431 17431 17431
 20860 20860 20860
 24258 24258 24258
 12373 12373 12373
 20927 20927 20927
 25244 25244 25244
 29881 29881 29881
 18476 18476 18476
 20550 20550 20550
 21387 21387 21387
 25875 25875 25875
 25601 25601 25601
 12219 12219 12219
 18024 18024 18024
 30724 30724 30724
 21122 21122 21122
 32091 32091 32091
 3898 3898 3898
 23269 23269 23269
 5636 5636 5636
 31140 31140 31140
 5002 5002 5002
 29298 29298 29298
 14000 14000 14000
 31382 31382 31382
 19717 19717 19717
 4844 4844 4844
 18245 18245 18245
 12057 12057 12057
 20828 20828 20828
 29800 29800 29800
 24916 24916 24916
 31033 31033 31033
 19953 19953 19953
 10518 10518 10518
 5573 5573 5573
 17479 17479 17479
 10446 10446 10446
 3064 3064 3064
 32582 32582 32582
 24009 24009 24009
 15150 15150 15150
 28738 28738 28738
 3633 3633 3633
 28247 28247 28247
 10279 10279 10279
 15382 15382 15382
 31232 31232 31232
 5696 5696 5696
 19051 19051 19051
 22742 22742 22742
 22029 22029 22029
 2394 2394 2394
 11617 11617 11617
 20773 20773 20773
 25497 25497 25497
 21352 21352 21352
 656 656 656
 24003 24003 24003
 27701 27701 27701
 4583 4583 4583
 1561 1561 1561
 31859 31859 31859
 2362 2362 2362
 22208 22208 22208
 4171 4171 4171
 23296 23296 23296
 25228 25228 25228
 4875 4875 4875
 28315 28315 28315
 3511 3511 3511
 10850 10850 10850
 12355 12355 12355
 7311 7311 7311
 31827 31827 31827
 13691 13691 13691
 19835 19835 19835
 30692 30692 30692
 11981 11981 11981
 21955 21955 21955
 7403 7403 7403
 15508 15508 15508
 12852 12852 12852
 32646 32646 32646
 24227 24227 24227
 15000 15000 15000
 2368 2368 2368
 19109 19109 19109
 9667 9667 9667
 11190 11190 11190
 27340 27340 27340
 13989 13989 13989
 30669 30669 30669
 2799 2799 2799
 3191 3191 3191
 4475 4475 4475
 13919 13919 13919
 13621 13621 13621
 1504 1504 1504
 31808 31808 31808
 32326 32326 32326
 19627 19627 19627
 8437 8437 8437
 17 17 17
 4609 4609 4609
 14024 14024 14024
 8572 8572 8572
 10329 10329 10329
 6243 6243 6243
 25857 25857 25857
 24795 24795 24795
 8318 8318 8318
 30274 30274 30274
 5282 5282 5282
 16246 16246 16246
 8891 8891 8891
 25198 25198 25198
 18140 18140 18140
 23631 23631 23631
 1808 1808 1808
 21989 21989 21989
 20485 20485 20485
 6752 6752 6752
 16447 16447 16447
 3398 3398 3398
 18814 18814 18814
 11779 11779 11779
 8155 8155 8155
 15190 15190 15190
 12198 12198 12198
 4599 4599 4599
 12857 12857 12857
 24383 24383 24383
 24944 24944 24944
 11706 11706 11706
 27010 27010 27010
 29913 29913 29913
 32606 32606 32606
 16489 16489 16489
 32274 32274 32274
 4308 4308 4308
 29447 29447 29447
 31605 31605 31605
 5061 5061 5061
 15470 15470 15470
 32237 32237 32237
 2996 2996 2996
 12224 12224 12224
 2289 2289 2289
 24169 24169 24169
 24203 24203 24203
 13711 13711 13711
 26476 26476 26476
 8298 8298 8298
 24113 24113 24113
 1843 1843 1843
 24051 24051 24051
 23272 23272 23272
 26905 26905 26905
 3901 3901 3901
 3596 3596 3596
 27420 27420 27420
 16350 16350 16350
 17685 17685 17685
 2479 2479 2479
 4033 4033 4033
 32067 32067 32067
 3993 3993 3993
 11642 11642 11642
 27656 27656 27656
 23787 23787 23787
 6953 6953 6953
 16924 16924 16924
 3559 3559 3559
 28572 28572 28572
 8594 8594 8594
 15681 15681 15681
 17519 17519 17519
 2823 2823 2823
 9741 9741 9741
 21459 21459 21459
 1712 1712 1712
 15489 15489 15489
 27367 27367 27367
 11846 11846 11846
 9277 9277 9277
 23359 23359 23359
 25175 25175 25175
 2677 2677 2677
 16376 16376 16376
 599 599 599
 27821 27821 27821
 28697 28697 28697
 20046 20046 20046
 14956 14956 14956
 17133 17133 17133
 7313 7313 7313
 18937 18937 18937
 17046 17046 17046
 13958 13958 13958
 17595 17595 17595
 10033 10033 10033
 8986 8986 8986
 21988 21988 21988
 10581 10581 10581
 11410 11410 11410
 25558 25558 25558
 16196 16196 16196
 20848 20848 20848
 12277 12277 12277
 14184 14184 14184
 12683 12683 12683
 20459 20459 20459
 7714 7714 7714
 30331 30331 30331
 13213 13213 13213
 23282 23282 23282
 7108 7108 7108
 6206 6206 6206
 13799 13799 13799
 28737 28737 28737
 6782 6782 6782
 28046 28046 28046
 24612 24612 24612
 255 255 255
 16028 16028 16028
 15253 15253 15253
 30969 30969 30969
 28333 28333 28333
 20610 20610 20610
 25589 25589 25589
 12238 12238 12238
 8467 8467 8467
 15042 15042 15042
 24191 24191 24191
 15791 15791 15791
 19041 19041 19041
 23062 23062 23062
 10156 10156 10156
 21509 21509 21509
 27569 27569 27569
 148 148 148
 8069 8069 8069
 3133 3133 3133
 14486 14486 14486
 12762 12762 12762
 3856 3856 3856
 7428 7428 7428
 4169 4169 4169
 30229 30229 30229
 677 677 677
 27875 27875 27875
 1894 1894 1894
 31256 31256 31256
 31141 31141 31141
 32554 32554 32554
 16310 16310 16310
 8018 8018 8018
 26478 26478 26478
 4489 4489 4489
 23587 23587 23587
 16319 16319 16319
 19320 19320 19320
 23629 23629 23629
 8338 8338 8338
 9929 9929 9929
 5106 5106 5106
 20590 20590 20590
 4961 4961 4961
 27108 27108 27108
 17484 17484 17484
 2229 2229 2229
