 26084 26084 26084
 9465 9465 9465
 31416 31416 31416
 4367 4367 4367
 10359 10359 10359
 23203 23203 23203
 23192 23192 23192
 3184 3184 3184
 20641 20641 20641
 16663 16663 16663
 3562 3562 3562
 8772 8772 8772
 23311 23311 23311
 4316 4316 4316
 6526 6526 6526
 26059 26059 26059
 15681 15681 15681
 19390 19390 19390
 25751 25751 25751
 6347 6347 6347
 31662 31662 31662
 3998 3998 3998
 32732 32732 32732
 2382 2382 2382
 11747 11747 11747
 14080 14080 14080
 7610 7610 7610
 26196 26196 26196
 24364 24364 24364
 7305 7305 7305
 8402 8402 8402
 29658 29658 29658
 18625 18625 18625
 10410 10410 10410
 20394 20394 20394
 30260 30260 30260
 29627 29627 29627
 18205 18205 18205
 7009 7009 7009
 19646 19646 19646
 54 54 54
 30795 30795 30795
 24465 24465 24465
 21196 21196 21196
 10343 10343 10343
 15713 15713 15713
 21842 21842 21842
 6391 6391 6391
 20746 20746 20746
 7592 7592 7592
 24050 24050 24050
 27541 27541 27541
 13805 13805 13805
 31667 31667 31667
 22824 22824 22824
 393 393 393
 7257 7257 7257
 20075 20075 20075
 28714 28714 28714
 31175 31175 31175
 11835 11835 11835
 22495 22495 22495
 5640 5640 5640
 5177 5177 5177
 27230 27230 27230
 5933 5933 5933
 17141 17141 17141
 9536 9536 9536
 12963 12963 12963
 14131 14131 14131
 16424 16424 16424
 18702 18702 18702
 3111 3111 3111
 2945 2945 2945
 1263 1263 1263
 2104 2104 2104
 15021 15021 15021
 1729 1729 1729
 10125 10125 10125
 17124 17124 17124
 16570 16570 16570
 17870 17870 17870
 9835 9835 9835
 29030 29030 29030
 14066 14066 14066
 9091 9091 9091
 6256 6256 6256
 12636 12636 12636
 27143 27143 27143
 16755 16755 16755
 7626 7626 7626
 29087 29087 29087
 21448 21448 21448
 11259 11259 11259
 11898 11898 11898
 50 50 50
 29823 29823 29823
 32758 32758 32758
 15526 15526 15526
 29744 29744 29744
 22600 22600 22600
 7507 7507 7507
 24195 24195 24195
 7051 7051 7051
 28194 28194 28194
 11393 11393 11393
 5856 5856 5856
 596 596 596
 2473 2473 2473
 27346 27346 27346
 12402 12402 12402
 27287 27287 27287
 2414 2414 2414
 14551 14551 14551
 23047 23047 23047
 20610 20610 20610
 23227 23227 23227
 29833 29833 29833
 4371 4371 4371
 9546 9546 9546
 31195 31195 31195
 28436 28436 28436
 9836 9836 9836
 11789 11789 11789
 32442 32442 32442
 4419 4419 4419
 25795 25795 25795
 5889 5889 5889
 1816 1816 1816
 22494 22494 22494
 1980 1980 1980
 27875 27875 27875
 27258 27258 27258
 10695 10695 10695
 28478 28478 28478
 10011 10011 10011
 31944 31944 31944
 22086 22086 22086
 19101 19101 19101
 20766 20766 20766
 24684 24684 24684
 32093 32093 32093
 16420 16420 16420
 21333 21333 21333
 14875 14875 14875
 5623 5623 5623
 21790 21790 21790
 21432 21432 21432
 13026 13026 13026
 18774 18774 18774
 30812 30812 30812
 8709 8709 8709
 18174 18174 18174
 2876 2876 2876
 22841 22841 22841
 1904 1904 1904
 10008 10008 10008
 25555 25555 25555
 2946 2946 2946
 16237 16237 16237
 18207 18207 18207
 8296 8296 8296
 20774 20774 20774
 19267 19267 19267
 18005 18005 18005
 14445 14445 14445
 14948 14948 14948
 13673 13673 13673
 19796 19796 19796
 3787 3787 3787
 32748 32748 32748
 8437 8437 8437
 1677 1677 1677
 14851 14851 14851
 23121 23121 23121
 21144 21144 21144
 12608 12608 12608
 9647 9647 9647
 8580 8580 8580
 12096 12096 12096
 21633 21633 21633
 8399 8399 8399
 6115 6115 6115
 5195 5195 5195
 9144 9144 9144
 17029 17029 17029
 18261 18261 18261
 30829 30829 30829
 24051 24051 24051
 16178 16178 16178
 2989 2989 2989
 26510 26510 26510
 15438 15438 15438
 29383 29383 29383
 14123 14123 14123
 4734 4734 4734
 21004 21004 21004
 24465 24465 24465
 18646 18646 18646
 9957 9957 9957
 24255 24255 24255
 27841 27841 27841
 11719 11719 11719
 9928 9928 9928
 13764 13764 13764
 3382 3382 3382
 30049 30049 30049
 27365 27365 27365
 13819 13819 13819
 20320 20320 20320
 29249 29249 29249
 14300 14300 14300
 32444 32444 32444
 17614 17614 17614
 1373 1373 1373
 26555 26555 26555
 41 41 41
 16151 16151 16151
 22199 22199 22199
 18453 18453 18453
 13019 13019 13019
 8605 8605 8605
 244 244 244
 20180 20180 20180
 30552 30552 30552
 30509 30509 30509
 28611 28611 28611
 14931 14931 14931
 28165 28165 28165
 24288 24288 24288
 7590 7590 7590
 15443 15443 15443
 14893 14893 14893
 11398 11398 11398
 18503 18503 18503
 24898 24898 24898
 21941 21941 21941
 12203 12203 12203
 10855 10855 10855
 31104 31104 31104
 4666 4666 4666
 26886 26886 26886
 22444 22444 22444
 1308 1308 1308
 17553 17553 17553
 23103 23103 23103
 1958 1958 1958
 32097 32097 32097
 10470 10470 10470
 26163 26163 26163
 18761 18761 18761
 7750 7750 7750
 15360 15360 15360
 23797 23797 23797
 32076 32076 32076
 12962 12962 12962
 2088 2088 2088
 15948 15948 15948
 11299 11299 11299
 28991 28991 28991
 11154 11154 11154
 23434 23434 23434
 27821 27821 27821
 31828 31828 31828
 9619 9619 9619
 4279 4279 4279
 8684 8684 8684
 23359 23359 23359
 13523 13523 13523
 26012 26012 26012
 10733 10733 10733
 23206 23206 23206
 3354 3354 3354
 22417 22417 22417
 6117 6117 6117
 30044 30044 30044
 12123 12123 12123
 12653 12653 12653
 17843 17843 17843
 11690 11690 11690
 11352 11352 11352
 25811 25811 25811
 10821 10821 10821
 28694 28694 28694
 21951 21951 21951
 18465 18465 18465
 7914 7914 7914
 28500 28500 28500
 14303 14303 14303
 26372 26372 26372
 26538 26538 26538
 32150 32150 32150
 20989 20989 20989
 4662 4662 4662
 29575 29575 29575
 25280 25280 25280
 29113 29113 29113
 26773 26773 26773
 22948 22948 22948
 15848 15848 15848
