1.5316022000782992
1.1937777204264939
1.0630736064460917
2.176283329808159
2.877054533791891
2.846822184888042
1.1832921815630848
2.9999200643581307
1.2546958781188589
2.0784517128113644
1.884436648680912
2.183478071192109
2.2017956040670703
1.4118514363257892
1.972529778684343
1.8414963831641924
1.2616014448336959
1.2045502469488998
2.018997913963009
1.0389433217540138
2.1946562427674725
2.7394344246418476
1.1489619017205266
1.4061459603878592
1.2855558153394413
2.732297989204145
1.090238993188994
2.953475884075968
1.9019330834102943
1.1446439461519802
2.9706948683080965
2.623778238442239
1.3976030493089215
1.1134607628471143
1.8769354197464678
2.986479791070657
1.7622404573920214
1.8319310823954258
1.3373588864908594
2.3797471745859564
1.4203341104992644
2.885322854067661
2.9564331512265714
1.0233864427594939
2.5728507679495536
1.0004930025391823
1.0874364902943157
2.9683155480459615
2.183937356701631
1.694686998549005
1.0514073316621255
2.9917266966554568
2.5283406755865725
1.0904957017834573
1.1733069830115612
1.5097795488557706
1.1490806403608194
1.7966693853802211
1.1583906027754072
1.1104721893809457
1.013328225004424
1.3107059739628255
1.2202130087786458
2.9978380824540722
2.623613298479927
1.023334622331853
1.2423607202644038
2.779097701600809
1.2664715393013541
1.0694849733118352
1.1398075875408789
1.0012061412166462
2.460947095323448
1.2092991281697474
2.8269388698670195
2.2868927757158577
2.8005930400705337
1.9203462866789653
2.0086855217207074
1.4204569333578483
2.6510546685353145
1.0902327363436375
1.2090131704481824
1.015077148321552
2.9999200643581307
1.8067484238400322
1.001215038112235
2.778681783739632
1.0489500044988063
2.677426354786242
1.6280362027442759
1.7453311771709172
1.0572792248289757
2.297030679206533
2.3135293546495674
2.745022683749783
1.9374779438509848
1.5888842522966606
2.4350115467234463
2.9614638208906037
2.4604521314367815
2.124769565063713
1.038984984832397
2.6901998062917616
1.8592978020655553
2.94548933832286
1.0000940385842223
1.157967566649709
1.3909798869781191
2.4128461876350342
1.043910736414543
2.403375756039688
2.467252184776852
1.762591832165286
2.9937632357349826
1.0632686728828444
1.0573093956049484
1.0180478309559122
1.0254424837122658
1.8675287341937468
1.4942453459400031
2.898391554784187
2.078692122087152
1.242744502344329
1.0460617754183088
2.8560969366523388
1.9203312624013247
1.7039625249835515
2.963557890767178
2.739485157643996
1.849303235740787
2.7964260597990593
1.8951515909693024
2.800881950967777
1.4790020824289023
1.755668672315177
2.286632870667111
1.1681499641327129
1.0194840258918054
1.3833898186095945
2.9978222046653062
2.262447573651299
1.2425082977846271
2.9999202548136683
2.4199618681177157
1.9119916367557193
1.8150405069341096
2.9396177738821185
1.7206713340806754
2.4519451186000443
2.983503334205861
2.980153102852645
2.8111364474180993
1.0004812430244934
1.4642286028840668
2.4601577606891576
1.1398537091713974
1.0359158212451751
2.7277630134559026
2.9937548293693306
1.1738755918259463
1.0082057242359332
1.9825542623268315
2.817533235928739
2.262767523705599
2.3473421044046723
2.999165496652563
1.8493181358103656
1.2546657319051353
2.1061673573999142
1.060511244979665
1.8417791408241482
1.002774857532704
2.2355629417028675
1.2540731661347042
2.1415974745654527
1.661553141617663
1.113439844172114
1.0027569338288242
1.883897702702836
2.9999275054005756
1.9122468724159283
1.814759084173407
1.008090516469045
1.1058413122204747
2.715045036546961
2.9853654450435374
2.3540645717893933
2.982142657996037
2.993015630609804
2.998863139314439
2.572665442480383
2.2803126311544144
1.2492715735455124
2.6009282046467317
2.8598232424721046
1.557103120435656
1.0436284748718716
1.7628553836270275
2.558276462514875
2.989270346737981
2.9091531107030173
2.228844634315851
2.1936656244683226
1.23102220203694
2.429258393787277
1.0439947040800226
1.0570582080635642
1.0764952943430892
2.444625756667497
1.1484794794524225
1.6947874678265225
2.587465732916699
1.9294732817949898
1.7893957402004421
2.7442480448555484
2.567063939436373
2.958598714715827
1.2780439005482491
2.796252848100193
2.980153102852645
1.1733833142976655
1.419720193798489
2.9059041527842853
1.0462020522346944
2.8113831970627636
2.507353082381334
1.021577667438447
2.3542900945444587
1.397350437706351
1.4946224645832569
2.994866524030415
2.6772378543759805
1.644272682794321
1.003628937688001
1.036132309176957
1.0516269951269444
2.8468542494702804
2.6561453321022115
1.249540470516556
1.0437298101896544
2.8682712342329535
2.0430079363165037
2.4762527526262557
2.9995308363291544
2.739586611046364
1.9122168443890786
1.0732041352544495
2.821628869144302
1.91938476956572
2.9299508627303017
2.9991947850416043
2.043263924825423
1.8942822632224563
2.262563922465302
2.5434265826259206
1.0339717615699557
2.9088704370929195
1.86748391629904
2.3804999774547846
2.0795034695549557
1.1106099536275686
2.3870590908890197
1.0761949404082942
1.7971121257802025
2.4033619644337936
1.0162873949146651
2.9786800402683005
2.983533311154527
2.4513130869116675
2.3638312991397346
2.901312289946131
1.4258651145686452
1.434973778157482
1.0670425278619553
2.131171429425405
2.5578137015876066
2.2358851854542108
2.9999236441703814
1.0004982216834017
1.127253984036832
1.930300211427248
1.6375027976406094
2.9965057760249625
1.3158583577795593
1.0071993845142557
1.8070441937103072
2.9634529898382094
1.0012017050214235
1.0022692038004828
2.939524893748256
2.7854190553171794
1.4553719930878504
1.0181906393820008
2.9991599468584136
1.479130738110134
2.97856534769611
2.6698935309646004
2.444949737086883
2.5870631544984324
