2.229167410258549
2.8648391353898233
1.1938133894575758
2.054001671066191
1.000239189987111
1.5094511615121347
1.8245178799601847
1.1639475172369431
1.7894694114422234
2.4826316725737136
2.92292550767017
2.435092973118647
1.2380854585436616
2.9588558402753513
2.9201028003739813
1.0945495451544027
2.751584084210174
2.6160404591887327
2.9763014420728497
1.8842869380439597
1.2905012614101206
2.2290060254346167
2.999914639379199
2.3309439262664338
2.985200562356669
1.0460979559513075
1.0060036776158148
2.52160244067588
1.0149964264824147
1.47076384492044
2.218557585147491
1.7112451905227672
2.528251095277601
2.297606302715163
1.877099955123421
2.4126402608361417
1.3772354026205504
1.6605888959600044
1.3975549281578301
1.0216649504034674
2.1138864136551976
1.012031230155935
2.999917567765202
1.4349489071245336
2.9513708735571704
2.905789228913143
1.0149834269710811
1.6278683203481092
1.158040747432121
2.996547196021072
2.6506427238254133
2.9534895144964453
2.0186362457690787
2.890579031816513
1.965445222696119
2.994918251614875
1.8149960707522645
1.0734080528849943
1.007262709054178
2.0530835871459994
1.832555142737169
1.494557437239267
2.396866097455308
2.229240764911344
2.9397002759411612
2.999990005413741
1.5092541625303162
1.6535343402495841
1.411156842456296
1.500908035819931
1.7972154378493332
1.2268735207470285
1.0607334694364536
1.8248888498066922
1.6047531432342654
2.3538108340789416
1.8324659871473197
1.0001066290483367
1.266317899001018
1.1833965639714568
1.6776355848787512
2.9991808162798286
1.0182421869203104
2.5525829184258377
1.3037575673390909
1.3773297480311286
1.8669759991232542
2.948042654941566
1.4053216593332714
2.9661683234577865
1.0005184020381037
2.8217319535193894
1.6609575360751645
1.2979785256181775
1.9652945913302415
1.067134796774863
2.846549511670069
2.9978469882087166
2.3214654137620756
2.3308443643668104
1.121876049944718
1.0216025876476365
2.86468775665322
2.9616335337516566
1.5158509881653008
1.0217680433051979
2.4669989778027404
1.7553325335829926
1.8068519412983277
2.0961918028909983
1.198351534318993
1.0875659703567346
1.377023158550494
2.6768385302796815
1.8240430749204481
2.573307778903058
1.3427293742291475
1.3695151681118642
1.0977496845631882
2.9134857078128187
2.6368658388179984
2.7331800705557625
2.0076606479822714
1.4639232045928874
2.4609738460448125
1.7289491291133585
1.122150213088855
1.3632852368647579
2.8010353591092754
1.579819286022923
2.035458553591915
1.0041963506377967
1.2979785256181775
2.998332335036318
1.3293794116621187
2.2014413003163087
2.587307158763901
2.9424943064465934
2.6370052715936514
1.8840923181484448
1.587963912741053
2.131903549066966
1.3636804734370915
2.901233929445969
1.411583295999156
2.968149720336903
1.3772000254249372
2.9090526524396148
1.0027502273911915
1.824829492960838
1.7381924129934996
1.5312826338959602
1.349906833744938
2.9233311664828117
1.1543985489841848
1.1307360496646233
2.841242890990877
2.989186508791184
2.1598725749083334
2.9232211606964924
2.9270277719271576
2.3381631890140326
2.9132156800871694
2.8006562552434557
2.7272873397437603
1.005965808056584
1.464317690589548
2.403017144500885
2.536928994251771
2.985213476830271
1.016190008506587
1.021786813469588
1.7119667798682174
1.054839999832996
1.0121550865151234
2.211959596749397
1.2090685036270865
1.9473679460450959
1.285787864148885
2.2186752459019385
1.823954053528833
2.1764613605838674
2.4986608967230195
2.4610808447412427
1.1398921492370087
2.3379646021705023
2.745113160479352
2.999535900617613
2.9535258527537036
2.0893445023076938
1.5957693434559426
1.4057943438913558
2.9362450344443887
2.1593666912911265
1.0802517812696364
1.0388101466258193
1.6538878309880345
2.939550700722289
1.6041440535444038
1.644808020602722
1.0163877882985983
2.913448909502772
1.0001027040723707
1.516602879148598
1.045881080801105
1.13927769450926
2.476478039553622
2.053610362146532
2.5376408598138673
2.762733931095735
1.6711761135102248
2.9999164025438807
1.745491508105345
2.026129279508802
2.9564111467939758
1.1635508076585444
2.007570217547527
1.470853366376935
1.0906837573880641
1.5411273578633626
1.7625186265200958
2.131888608568099
2.796453403043831
1.273250799330391
2.953593949622106
2.6375627942671684
1.0022651464063461
1.1544226870984469
2.890249746496075
1.9299694337919724
2.615897978245039
2.796489858170486
2.800584008604044
2.6906359412682046
2.8314231718327236
1.3838408220859466
1.5012737820935156
1.579039846324377
2.9978420428339447
2.0533394511416567
2.970549808883105
1.001220243056288
2.985280541895583
1.0458314505759367
2.998296470725547
2.986440241221637
2.8269642939074133
2.916322489127572
1.2197131570687794
2.9821738365913437
1.0906837573880641
2.9999256792129327
2.913191112193907
2.9706912461223807
2.001326351159449
1.002258054693726
2.961571486276263
2.6369006989661075
1.0361523866548639
2.7445197856581314
1.842210743305803
1.0180792009641584
2.412585343462328
2.961472108085816
2.5668280396124583
1.8846462479721993
2.522412348251617
2.287167097024696
2.132187412856408
1.76226973743432
2.966374042080319
1.0802103746472453
1.8672000759295315
1.5560088734693855
2.8938480386716696
2.0607469208753444
1.002212730303797
1.6050992943754898
1.0830389155396687
2.507379058699225
2.97860878067734
2.972419540110523
2.9964868672580014
1.4342651549845766
2.4123793899493995
1.0233994067409315
1.5248741507240533
1.66090081882203
2.9916743756309607
2.303618923157128
2.00102490783056
1.220486723190804
2.997157412072337
1.1058885571870607
2.1666721181959003
2.9534395267554396
2.025812870558007
1.2907030983137195
2.651180502299128
1.2786699371659909
