2.9204271725260593
2.9420855702249233
2.795988346453737
2.279458913482061
1.094735156678109
2.4983734498751247
1.8074583009747478
1.0000064682721166
2.5074569848677157
2.6292439287613263
2.806569899046292
2.2635818115742894
2.2535463594946203
1.035959868847785
1.4343397272440805
2.0438210664507572
1.7216411162187404
1.6941129536245718
1.4054428409210034
1.3555624680157363
2.131320847422895
2.9012012705375496
2.740053080265273
1.0131741565824677
1.215860710447465
2.739292349897678
2.682557057448365
2.5219496015519933
1.0001042217067218
2.3804999774547846
1.5955487812426639
2.228360423243772
2.7965263104021174
1.8425679543759517
2.176283329808159
2.956749412705442
1.1272171972474208
2.936229146762109
1.0460798639506423
1.3974105778494073
2.999988322715563
1.1577806194789113
1.3780612318274108
1.226424415619956
2.1065719974068706
1.08015715260612
2.124231188363347
2.6702179898881093
1.990666400999002
2.7445600330730726
1.7793250091579171
2.953593949622106
1.627938269869956
1.4789634880341926
1.5166556568314724
2.9565343016508434
2.522322381764937
1.3240940006834445
1.1303786337908432
2.9395610220178163
2.142224099350942
2.9997389038014424
1.8598200999506727
1.965866994672672
1.6284979420426784
2.707871769547743
1.5403240460171248
1.6540292410520028
1.0036315039025614
2.9481864113578897
2.2114587586875993
2.0718948041611283
2.951296558677208
1.0273174252536457
2.755974335083557
1.1138096742567805
2.7330365598223523
2.8004304458450644
2.920385923921826
1.1446361382496097
2.7741388051010722
1.3772707810894274
1.9479248517875205
2.9635981978790995
2.995604091193365
1.054633436304012
1.6210477235564593
1.6121489017017738
2.522502308916936
2.708265564999554
1.1538759811060006
1.6782491575394374
2.7025579618662814
2.6826782156333984
1.0052546752795717
2.1846780551405027
2.9929425324069534
1.6449770988622758
1.6604754787110667
1.323549892525992
1.1100250138837042
2.5068724374716886
2.768109916161802
1.661297865479318
2.218542877330613
2.9937749951640935
2.4132854275977347
2.7512161070755607
2.280544109631741
1.8952715045512798
2.7201598832013962
2.113527027479571
2.9300561187111525
2.314502420425603
1.187780693795976
1.2490127532283273
2.3311572607948268
1.9301648923740682
2.412351927887438
1.5791628951052605
2.916020452983415
2.986620221154315
1.660461301902856
2.6773265659881793
2.3212085029573064
1.0233637643336049
1.188255751688281
2.9978341184470905
1.9374629011693671
2.9135102358672205
1.6875442615712555
2.566964618858227
1.003644348556668
1.7895578185137941
1.894207324948883
1.441198451707572
2.6019878325337524
2.9537435911582977
1.7792515067454158
1.016227846582621
1.3694917702990423
2.7446002777768834
1.814492487149078
2.1239918980846295
2.380416345132391
2.9907612923095264
2.9614223718109685
1.4789634880341926
2.9948710987382814
2.078782274393726
2.9479083074077
1.902278078396261
2.9058466991828715
2.72061984155771
2.951161721945149
1.0360199764647857
1.2154586718760607
2.6232833352627165
1.0297450168602849
2.55837649610797
2.9763047038084283
1.153956323317991
1.0001031365464503
2.942443921180164
2.695744595521426
2.9852289668130583
1.7549379734553545
2.9835523733188034
1.2541334001235607
1.5631029898984257
2.354360566181885
1.5012607181967281
1.000776449548734
2.999987280714958
1.0133233202698406
1.0492719111730051
1.0981725728646405
1.2541233607018074
1.3424000197648822
2.702697383267673
1.0731928144972935
1.3288429208766241
1.342456796054439
2.963440876364248
1.1394388677792866
2.0011907016739974
1.0196888491462035
1.3556431469133594
2.90906521261342
1.6774643794516257
2.0715941374375992
1.4403737694221497
2.9615300939870535
2.6562135733339094
1.2983650434956662
1.637334239087147
2.379705344824453
1.0948440438445237
1.3034438854798185
1.9197002591480525
1.1305126114146522
2.5374883494192066
2.41997554669918
1.110251934721516
1.9471120759106704
2.6897961580772862
1.1139354055799215
1.3238052443026995
2.0363773630822397
2.3701442925760166
1.1942327200463676
1.7114039261247758
1.5786024022900234
1.397446663577949
2.9617285777505566
2.920433064350286
2.581715082833535
2.9458862059407056
2.615767353016163
2.7028046121442886
1.1358123505759103
2.2289620103009793
2.7739956714090637
1.4409484895521167
2.8069528487599484
1.842389346270139
1.2667994305757042
1.0022227627242741
2.951222188470612
1.2982683946584617
1.661241140835313
1.9014831076672833
2.4822091983635755
1.198261442598863
1.2200714908128454
1.1543181010859258
2.998858824286173
2.253662994984717
2.6371795332586228
1.4938813230756316
1.4943753759422747
1.0831712617713103
1.183257393363661
1.5008035532086055
1.4055155563572725
2.210987330968041
1.807709739978265
1.0271811384262404
2.873458794732776
2.29654131432484
2.1839225416736547
1.2613169146219771
1.8589396775637848
2.840761774308637
2.840998338496898
2.106332212859991
1.524489590079885
2.774224666323242
2.5731966304802487
2.715066109488691
2.566405787072186
2.9162802353917363
2.905891386758515
2.800511750320651
1.1103689192448325
2.9938001566916013
1.5727301294480878
2.991623837204216
1.7041352888586514
2.0185307587553085
1.51652371591736
1.0831712617713103
1.3829745996151157
2.663904437314572
1.4255196315266625
2.8858339176159578
1.5559548537156886
1.4859956863263593
2.859723181480332
1.0981465239710366
1.7287605309644944
1.637868048518882
1.0071327418425975
1.1221213402476544
1.1780877135100787
1.0804648913209756
1.067145655967366
2.9089081510690806
2.337567383351662
2.9833393477064445
1.350261937197943
1.8421809766491486
2.972363265224521
2.0537006649353096
2.9636948456315997
1.3560005253929894
1.6049469809590475
2.386628230045031
2.99386867235461
2.9682326874198233
