 25959 25959 25959
 29581 29581 29581
 1367 1367 1367
 22615 22615 22615
 32431 32431 32431
 24269 24269 24269
 6824 6824 6824
 25883 25883 25883
 28609 28609 28609
 10710 10710 10710
 16602 16602 16602
 248 248 248
 27193 27193 27193
 25847 25847 25847
 28713 28713 28713
 28430 28430 28430
 16785 16785 16785
 14507 14507 14507
 7856 7856 7856
 31138 31138 31138
 10185 10185 10185
 21710 21710 21710
 20776 20776 20776
 25611 25611 25611
 12371 12371 12371
 26493 26493 26493
 6154 6154 6154
 24532 24532 24532
 2282 2282 2282
 29163 29163 29163
 21540 21540 21540
 24653 24653 24653
 2121 2121 2121
 11634 11634 11634
 29377 29377 29377
 5577 5577 5577
 32026 32026 32026
 23867 23867 23867
 27471 27471 27471
 11852 11852 11852
 23284 23284 23284
 32021 32021 32021
 9708 9708 9708
 30950 30950 30950
 32290 32290 32290
 11386 11386 11386
 13995 13995 13995
 27960 27960 27960
 21032 21032 21032
 1940 1940 1940
 8919 8919 8919
 28538 28538 28538
 1596 1596 1596
 30362 30362 30362
 8324 8324 8324
 27870 27870 27870
 14876 14876 14876
 19491 19491 19491
 18706 18706 18706
 389 389 389
 29603 29603 29603
 31500 31500 31500
 5188 5188 5188
 6665 6665 6665
 5380 5380 5380
 1341 1341 1341
 7059 7059 7059
 30571 30571 30571
 24437 24437 24437
 7569 7569 7569
 18900 18900 18900
 14203 14203 14203
 3067 3067 3067
 21500 21500 21500
 29930 29930 29930
 25863 25863 25863
 1424 1424 1424
 32601 32601 32601
 22629 22629 22629
 10788 10788 10788
 31378 31378 31378
 19339 19339 19339
 22054 22054 22054
 8485 8485 8485
 23562 23562 23562
 20265 20265 20265
 19235 19235 19235
 8001 8001 8001
 7988 7988 7988
 14419 14419 14419
 29669 29669 29669
 32671 32671 32671
 30342 30342 30342
 6123 6123 6123
 2741 2741 2741
 16554 16554 16554
 31709 31709 31709
 4830 4830 4830
 31589 31589 31589
 26279 26279 26279
 14770 14770 14770
 11817 11817 11817
 19017 19017 19017
 14955 14955 14955
 299 299 299
 22550 22550 22550
 12378 12378 12378
 11455 11455 11455
 32316 32316 32316
 13078 13078 13078
 5126 5126 5126
 18273 18273 18273
 20220 20220 20220
 9081 9081 9081
 3976 3976 3976
 23955 23955 23955
 14289 14289 14289
 7182 7182 7182
 32524 32524 32524
 10586 10586 10586
 4195 4195 4195
 9579 9579 9579
 22343 22343 22343
 6574 6574 6574
 12171 12171 12171
 29143 29143 29143
 759 759 759
 17910 17910 17910
 15988 15988 15988
 22651 22651 22651
 11653 11653 11653
 21413 21413 21413
 10004 10004 10004
 24694 24694 24694
 9793 9793 9793
 16370 16370 16370
 24355 24355 24355
 4967 4967 4967
 191 191 191
 16437 16437 16437
 2620 2620 2620
 6713 6713 6713
 25951 25951 25951
 26604 26604 26604
 3549 3549 3549
 1070 1070 1070
 3510 3510 3510
 25325 25325 25325
 741 741 741
 17103 17103 17103
 19881 19881 19881
 13638 13638 13638
 19506 19506 19506
 2889 2889 2889
 12214 12214 12214
 12171 12171 12171
 32752 32752 32752
 13681 13681 13681
 22658 22658 22658
 32392 32392 32392
 12783 12783 12783
 6756 6756 6756
 26425 26425 26425
 10689 10689 10689
 27870 27870 27870
 3322 3322 3322
 9546 9546 9546
 17324 17324 17324
 32402 32402 32402
 19932 19932 19932
 31920 31920 31920
 19994 19994 19994
 20724 20724 20724
 4716 4716 4716
 12687 12687 12687
 29911 29911 29911
 4841 4841 4841
 14190 14190 14190
 20287 20287 20287
 30025 30025 30025
 10516 10516 10516
 4235 4235 4235
 26937 26937 26937
 16537 16537 16537
 9146 9146 9146
 20656 20656 20656
 4493 4493 4493
 30701 30701 30701
 14529 14529 14529
 24723 24723 24723
 11175 11175 11175
 9400 9400 9400
 19465 19465 19465
 9307 9307 9307
 5813 5813 5813
 32516 32516 32516
 5691 5691 5691
 22498 22498 22498
 31910 31910 31910
 15473 15473 15473
 23994 23994 23994
 915 915 915
 28470 28470 28470
 29009 29009 29009
 17587 17587 17587
 28761 28761 28761
 10709 10709 10709
 7285 7285 7285
 3545 3545 3545
 30569 30569 30569
 18706 18706 18706
 29811 29811 29811
 28227 28227 28227
 10953 10953 10953
 19946 19946 19946
 23659 23659 23659
 20403 20403 20403
 9727 9727 9727
 24455 24455 24455
 27265 27265 27265
 24321 24321 24321
 2060 2060 2060
 8873 8873 8873
 21611 21611 21611
 2158 2158 2158
 6410 6410 6410
 14571 14571 14571
 31930 31930 31930
 20084 20084 20084
 31271 31271 31271
 21849 21849 21849
 26451 26451 26451
 10511 10511 10511
 26244 26244 26244
 6505 6505 6505
 5430 5430 5430
 13311 13311 13311
 27672 27672 27672
 18357 18357 18357
 3819 3819 3819
 16753 16753 16753
 12926 12926 12926
 8841 8841 8841
 1157 1157 1157
 23066 23066 23066
 8605 8605 8605
 30800 30800 30800
 3356 3356 3356
 27410 27410 27410
 2414 2414 2414
 24764 24764 24764
 30562 30562 30562
 3268 3268 3268
 17467 17467 17467
 9835 9835 9835
 24414 24414 24414
 24546 24546 24546
 12505 12505 12505
 16009 16009 16009
 18853 18853 18853
 18448 18448 18448
 23207 23207 23207
 21883 21883 21883
 18100 18100 18100
 5977 5977 5977
 10034 10034 10034
 28456 28456 28456
 20489 20489 20489
 20059 20059 20059
 22619 22619 22619
 28519 28519 28519
 7170 7170 7170
 4009 4009 4009
 24490 24490 24490
 18943 18943 18943
 15323 15323 15323
 31182 31182 31182
 25170 25170 25170
 10545 10545 10545
 464 464 464
 11714 11714 11714
 15286 15286 15286
 27432 27432 27432
 27666 27666 27666
 21068 21068 21068
 21925 21925 21925
 4543 4543 4543
 15568 15568 15568
 11390 11390 11390
 14304 14304 14304
 30059 30059 30059
 26120 26120 26120
 18457 18457 18457
 6385 6385 6385
 6688 6688 6688
 21621 21621 21621
 2782 2782 2782
 8114 8114 8114
 12523 12523 12523
 27701 27701 27701
