2.663769171620743
2.993830283472996
2.9637712690066267
2.9949470444076702
2.9948893772299066
1.0052100205518104
1.3831881193733908
1.0002245862597032
1.1053896140219748
2.995598442647996
2.8938277640216565
2.543072265932095
2.3303464996325047
1.8076949490994436
2.996557200104947
2.9134857078128187
2.9201205097063028
1.0296903103826431
2.8770617742274247
2.7625974510229017
1.4943623724257429
1.5950388212357678
1.0273209242070704
1.7459579651505122
1.1736887915301626
1.99069654404256
2.9991832542550814
2.45147447825084
2.8463809847937327
2.9480042871592382
1.2380854585436616
1.0082076512375413
1.1394004853716986
1.4851555659275137
2.664614225793614
2.1665383644854215
2.7151503947552005
2.364196290472324
2.475682769688945
1.2906499777001654
2.49847798234567
2.2968147925437203
1.0671619463481163
1.0053103731279287
2.346946328203578
2.4919273042400762
2.9864773208858875
2.8409575630309862
1.2312342203176088
1.2546054440481222
2.9680515310895594
2.994861947288141
1.4120708719692345
1.168133234380521
2.5809179299715344
1.163856565966884
1.955320661026891
2.920350559821027
1.5470333527286635
2.5869045231178864
2.5072881395853592
2.445098208651224
1.5252853331653773
1.0339483943132795
2.7029225454624553
1.0341121310089452
1.010514937299099
1.3289099630176917
2.527905516143843
1.1882645541295545
1.8417047296536855
1.9910130465150875
2.831129941655711
2.873810819580268
1.3365352555742644
1.7387888678197168
1.057208856334708
1.8670506906358988
2.7786344986752534
2.6017230247730616
1.4850780412478373
2.656668377679426
1.0633056101155836
2.2360902361526716
1.0976847016748899
1.0358677995388592
1.2665944785367902
2.4832255869580644
2.0970318964444092
1.3636223399282668
2.958748799911302
2.8905310400668545
2.184411415766269
2.9999254953448315
1.0873687038883617
1.0052008053705632
1.455839783610755
1.7559463742939092
1.204870048793623
2.4030309383966384
1.0000067976249238
1.6538312691679045
2.9970716023043034
2.715234669624201
1.3032925004835625
2.270862262333831
2.1664046077105015
1.8496161443966255
1.9304505674268135
1.7041784813390424
2.939834225231104
1.6374044703782786
2.0538060176374007
1.4645977193420916
2.33763831969321
1.0094980442576105
2.9234063899712694
1.2087273854143046
2.739444571577752
1.6111627665871795
2.7746346955005885
1.0015767095657933
1.0696727836685234
1.029588324322603
2.986539008276489
1.1538036895501693
2.8412184434792493
1.1681499641327129
1.1985678287533494
1.954597930773553
1.8140037614196813
1.3365916430394167
1.9202561412864796
2.796088692566906
1.7977172713950502
2.901736230194924
1.763133595779226
2.8559177259997153
1.3105094480386197
2.9705461778774254
2.6294313378949514
2.507469972159004
2.8822746509186716
2.821749131635063
1.2613677139391606
1.937583243023436
2.62945476146203
1.0571787112599105
1.7039337319428336
2.5367636850248156
1.8144628661011553
1.8672747697096712
2.246493792200511
2.1422986937457082
2.8311886061953118
1.3694332782933745
1.7117647183430948
1.0095270799615896
1.5318285965397864
1.1942327200463676
2.9851617853645687
1.9368461634723604
1.383508484129682
1.5316288333595598
2.751106663408162
1.6378118524570624
1.1838491963840199
2.669378609496606
2.996534670540889
2.000527526160357
1.9908020447650447
2.9424691164897196
1.242527977712211
2.141582554235636
1.1876664083493678
1.9899580419506129
1.42028498504517
1.6538878309880345
1.0606403972309102
1.6120377656618523
1.1450814987155873
2.338149004739214
1.002254007272487
1.6214941047890803
1.7901914528302236
1.7970826084629616
1.0514359575606114
2.837307227589252
2.9335962385124468
1.0232731593461986
1.000762851463172
2.1309921238895724
2.1772624275566654
1.3293235108223502
2.557776172827504
1.4492398934056587
2.986573492032912
1.8950616567885263
2.4127775477150877
2.269570740246742
2.9454500650470843
1.1877103605982136
2.9865291477068743
2.9907796796294264
1.0297815153978045
2.019043122311613
1.073238102579109
2.354487410054745
2.6297709236368236
2.3542619053274367
2.7277009888947266
2.201647980706376
2.304279441075363
2.6017471009394373
2.7741865075397953
2.9999284099760795
1.034143362836156
2.9535076853579447
2.9129821511041047
1.9827953809571053
2.2878311457831666
2.2705720750278253
2.2365442395710726
1.2729609766439225
2.5065735787413543
1.07369740316001
2.4444502429795922
2.1492065883647014
1.9193096541911396
1.0195848207734601
1.1941702409247172
2.5959862404184992
2.9971596828908997
2.521975313733801
2.778615583406742
1.3695268672302943
2.9997368333146732
2.498138225334113
2.5875511096603514
1.74566642256839
2.8557540090465277
1.7278321997446844
1.0670588061602535
1.824606910454066
2.088608894921859
1.001215780994989
2.985205728817103
2.868473045448281
1.440898503214961
2.2108399997349815
2.5729619491782967
2.5432747444609767
1.3838289509836166
2.2534297203182354
1.2377438976975617
2.2700932122246598
1.0548301548855445
1.0361483707214603
1.4117539232679548
2.8175245560538658
2.9091280010944827
2.9160144069537974
2.4289180404559136
1.6606597842423039
2.9999888981537084
1.349826668733241
2.898504059017433
1.014861505001218
1.3557929981859387
2.7677816817911998
1.4197324689036601
1.0296320114722626
2.9916879561114786
2.419701956938619
1.0216025876476365
1.8139741431570058
1.0360640866989015
1.9475335109145315
2.629290784473734
1.018193501239568
2.953516769489046
1.2616827633342156
2.995570145639936
2.158682193924293
1.6774786461670679
2.9706006198120316
1.5565626689626244
1.930240069463317
2.428495917757773
2.5367255338156642
2.270543054945282
2.167236822226956
1.000007306987999
2.245865634526271
1.6703933548244554
2.513189572319273
2.9724898041914027
2.467038960402341
2.9977982791785807
1.5637403065173334
