 17685 17685 17685
 7406 7406 7406
 31588 31588 31588
 5140 5140 5140
 25916 25916 25916
 26671 26671 26671
 1638 1638 1638
 14844 14844 14844
 6665 6665 6665
 26229 26229 26229
 18322 18322 18322
 31026 31026 31026
 8218 8218 8218
 10579 10579 10579
 21787 21787 21787
 2758 2758 2758
 27459 27459 27459
 14239 14239 14239
 30618 30618 30618
 29076 29076 29076
 28658 28658 28658
 8751 8751 8751
 6125 6125 6125
 31267 31267 31267
 14855 14855 14855
 31053 31053 31053
 26266 26266 26266
 21753 21753 21753
 20719 20719 20719
 7321 7321 7321
 15830 15830 15830
 23579 23579 23579
 11377 11377 11377
 30972 30972 30972
 12164 12164 12164
 21404 21404 21404
 26393 26393 26393
 17166 17166 17166
 31182 31182 31182
 3356 3356 3356
 27095 27095 27095
 30798 30798 30798
 4561 4561 4561
 2827 2827 2827
 15069 15069 15069
 10094 10094 10094
 21970 21970 21970
 4449 4449 4449
 20021 20021 20021
 12545 12545 12545
 22889 22889 22889
 9513 9513 9513
 20658 20658 20658
 11711 11711 11711
 5810 5810 5810
 21943 21943 21943
 800 800 800
 28702 28702 28702
 6037 6037 6037
 24364 24364 24364
 6286 6286 6286
 12901 12901 12901
 12254 12254 12254
 14225 14225 14225
 18609 18609 18609
 8507 8507 8507
 30183 30183 30183
 13661 13661 13661
 11547 11547 11547
 26530 26530 26530
 5858 5858 5858
 10537 10537 10537
 27936 27936 27936
 10567 10567 10567
 4485 4485 4485
 24818 24818 24818
 21650 21650 21650
 2171 2171 2171
 3861 3861 3861
 30645 30645 30645
 23755 23755 23755
 26621 26621 26621
 21572 21572 21572
 30678 30678 30678
 14844 14844 14844
 5067 5067 5067
 14797 14797 14797
 29281 29281 29281
 497 497 497
 21091 21091 21091
 13962 13962 13962
 20446 20446 20446
 14281 14281 14281
 16406 16406 16406
 7619 7619 7619
 3275 3275 3275
 14508 14508 14508
 25933 25933 25933
 30061 30061 30061
 5714 5714 5714
 14801 14801 14801
 28306 28306 28306
 32626 32626 32626
 16564 16564 16564
 9946 9946 9946
 3675 3675 3675
 10361 10361 10361
 24497 24497 24497
 1004 1004 1004
 18797 18797 18797
 23129 23129 23129
 17102 17102 17102
 12845 12845 12845
 17873 17873 17873
 26465 26465 26465
 18453 18453 18453
 12151 12151 12151
 236 236 236
 9287 9287 9287
 2790 2790 2790
 16885 16885 16885
 24714 24714 24714
 20549 20549 20549
 16338 16338 16338
 14457 14457 14457
 26404 26404 26404
 2526 2526 2526
 8089 8089 8089
 20867 20867 20867
 10526 10526 10526
 19563 19563 19563
 23746 23746 23746
 27162 27162 27162
 10290 10290 10290
 15377 15377 15377
 22553 22553 22553
 31208 31208 31208
 3109 3109 3109
 32735 32735 32735
 16790 16790 16790
 8545 8545 8545
 1675 1675 1675
 24858 24858 24858
 15199 15199 15199
 5299 5299 5299
 8790 8790 8790
 4474 4474 4474
 6427 6427 6427
 2142 2142 2142
 1928 1928 1928
 11197 11197 11197
 10575 10575 10575
 19077 19077 19077
 1219 1219 1219
 22389 22389 22389
 6991 6991 6991
 3728 3728 3728
 25638 25638 25638
 21088 21088 21088
 28240 28240 28240
 29595 29595 29595
 2912 2912 2912
 5947 5947 5947
 32087 32087 32087
 9485 9485 9485
 17735 17735 17735
 24338 24338 24338
 19208 19208 19208
 7730 7730 7730
 4078 4078 4078
 2448 2448 2448
 9503 9503 9503
 16666 16666 16666
 26857 26857 26857
 28675 28675 28675
 11354 11354 11354
 3136 3136 3136
 32037 32037 32037
 22346 22346 22346
 31102 31102 31102
 29044 29044 29044
 14825 14825 14825
 11219 11219 11219
 24212 24212 24212
 8340 8340 8340
 5380 5380 5380
 30027 30027 30027
 21626 21626 21626
 23549 23549 23549
 28516 28516 28516
 23188 23188 23188
 20394 20394 20394
 21998 21998 21998
 9266 9266 9266
 31933 31933 31933
 11182 11182 11182
 31792 31792 31792
 409 409 409
 11483 11483 11483
 14447 14447 14447
 14216 14216 14216
 8169 8169 8169
 18894 18894 18894
 4873 4873 4873
 26721 26721 26721
 28115 28115 28115
 29874 29874 29874
 29901 29901 29901
 3012 3012 3012
 13648 13648 13648
 27780 27780 27780
 10060 10060 10060
 9301 9301 9301
 4973 4973 4973
 4624 4624 4624
 30610 30610 30610
 27487 27487 27487
 26990 26990 26990
 30984 30984 30984
 17001 17001 17001
 10575 10575 10575
 9005 9005 9005
 9345 9345 9345
 18057 18057 18057
 3452 3452 3452
 9137 9137 9137
 26780 26780 26780
 3519 3519 3519
 15946 15946 15946
 18832 18832 18832
 27180 27180 27180
 9434 9434 9434
 15056 15056 15056
 20264 20264 20264
 27043 27043 27043
 6468 6468 6468
 6559 6559 6559
 28091 28091 28091
 26256 26256 26256
 18851 18851 18851
 8574 8574 8574
 32749 32749 32749
 28890 28890 28890
 19149 19149 19149
 8011 8011 8011
 14076 14076 14076
 14115 14115 14115
 1204 1204 1204
 7984 7984 7984
 24891 24891 24891
 9680 9680 9680
 7298 7298 7298
 22855 22855 22855
 6572 6572 6572
 4515 4515 4515
 16665 16665 16665
 8043 8043 8043
 24144 24144 24144
 3855 3855 3855
 22526 22526 22526
 1379 1379 1379
 31464 31464 31464
 18610 18610 18610
 21472 21472 21472
 18052 18052 18052
 17457 17457 17457
 16138 16138 16138
 25946 25946 25946
 7292 7292 7292
 18613 18613 18613
 16403 16403 16403
 26007 26007 26007
 21851 21851 21851
 30733 30733 30733
 23481 23481 23481
 28095 28095 28095
 27582 27582 27582
 19047 19047 19047
 21589 21589 21589
 13999 13999 13999
 27025 27025 27025
 24498 24498 24498
 17322 17322 17322
 10587 10587 10587
 28590 28590 28590
 14084 14084 14084
 12167 12167 12167
 30097 30097 30097
 8407 8407 8407
 23760 23760 23760
 37 37 37
 16913 16913 16913
 17060 17060 17060
 17986 17986 17986
 27533 27533 27533
 18927 18927 18927
 12811 12811 12811
 10548 10548 10548
 22168 22168 22168
 21016 21016 21016
