NaN
2.8775825618903728
1.1585290151921037
1.929262798332297
2.909297426825682
1.1988563844530664
1.8588799919401324
2.9364566872907965
1.243197504692072
1.7892042005692215
2.9589242746631386
1.2913302257087418
1.7205845018010735
2.9765876257280235
1.3430134012812116
1.6533646821649717
2.989358246623382
1.3979880973151757
1.5878815147582457
2.9971721561963784
1.4559788891106313
1.524463072004008
2.9999902065507036
1.516695241246997
1.4634270819995638
2.9977982791785807
1.5798329631733572
1.4050793366901053
2.9906073556948702
1.645075733211295
1.3497121598428792
2.978453462818885
1.7120966833349365
1.2976029424972813
2.9613974918795574
1.7805600367885446
1.2490127532283273
2.939524893748256
1.8501227903370534
1.204185030186049
2.912945250727627
1.9204364327214678
1.1633443614639445
2.881791727541322
1.9911486907096059
1.126695359906484
2.8462204041751673
2.061905293994418
1.0944216379933749
2.8064094939122497
2.1323517500977722
1.0666848879360762
2.762558450479605
2.2021351203871835
1.043624071595495
2.7148869687796666
2.2709057883078723
1.0253547242793402
2.6636338842129677
2.3383192109710604
1.0119683759071365
2.6090559761063545
2.4040376453230587
1.0035320924428752
2.5514266812416873
2.467731840247082
1.0000881398927328
2.491034723930223
2.529082686120021
1.0016537725512578
2.428182669496144
2.5877828135603744
1.0082211465568829
2.3631854084160664
2.643538133357
1.0197573591898932
2.296368578709374
2.696069309863902
1.0362046137159182
2.2280669344831
2.745113160479352
1.0574805089491204
2.1586226688046937
2.790423974197811
1.0834784520843654
2.088383699305802
2.8317747426286033
1.1140681927300249
2.017701925105394
2.8689582973139918
1.1490964754658826
1.946931463785968
2.9017883476488144
1.1883878076569858
1.8764268772547807
2.9301004142012896
1.2317453386763368
1.8065413953792766
2.953752652759477
1.2789518461319136
1.7376251462960721
2.972626564974493
1.3297708241566326
1.6700234022594156
2.986627592040484
1.383947668309013
1.6040748498181632
2.9956855884367375
1.441210951148395
1.5401098929868793
2.99975517335862
1.5012737820935156
1.4784489979130822
2.9988159580766443
1.563835244752191
1.4194010873330773
2.9928726480845373
1.628581904520311
1.3632619928608538
2.981955019524587
1.6951893788978039
1.3103129728638347
2.966117770008392
1.7633239626534447
1.2608193033507864
2.9454402445803156
1.8326442996971901
1.2150289489319803
2.9200260381967875
1.9028030932832563
1.1731713205098862
2.8900024767126613
1.9734488459760626
1.1354561259243716
2.8555199789753014
2.044227620661828
1.1020723193107114
2.816751303222334
2.114784813783192
1.0731871544344873
2.773890681557879
2.1847669319122005
1.0489453467456347
2.727152846844823
2.2538233627620174
1.0294683483501066
2.676771956887314
2.321608131764044
1.0148537395317523
2.6230004212937588
2.387781635409442
1.0051747398722637
2.566107636898161
2.452012342671984
1.0004798414192677
2.506378638074657
2.5139784559875737
1.0007925657397965
2.4441126687075094
2.573369523468113
1.0061113460766258
2.3796216829715178
2.62988799427447
1.0164095351977704
2.3132287824330553
2.68325070935362
1.031635538899811
2.245266597302666
2.7331903200732897
1.051713074496291
2.1760756199485805
2.7794566276458763
1.076541552995947
2.1060024990211526
2.8218178366308386
1.1059965830562934
2.0353983027336215
2.8600617162361957
1.1399305941875433
1.9646167600010642
2.89399666360056
1.1781735760848266
1.8940124882488285
2.9234526637284217
1.2205339303842113
1.8239392167700723
2.9482821412699587
1.2667994305757042
1.754748014532355
2.9683606998774454
1.3167382852638796
1.68678553131254
2.983587745434347
1.3701002994487586
1.6203922609724575
2.9938869900344445
1.4266181280096044
1.5559008355753132
2.999206834186353
1.4860086151110594
1.493634358890243
2.9995206253283513
1.5479742128216574
1.433904787633576
2.9948267913584043
1.6122044718366453
1.3770113685576275
2.9851488485104585
1.6783775968374541
1.3232391392162919
2.970535283537486
1.746162058695033
1.2728574999191433
2.9510593107915026
1.815218255439349
1.2261188640289242
2.9268185054177747
1.8852002136745665
1.183257393363661
2.8979343145007057
1.9557573219149211
1.1444878250397563
2.864551448610607
2.0265360871578837
1.1100043956331604
2.826837156799998
2.0971819058932333
1.07997986804911
2.7849803886812885
2.1673408406763706
1.0545646659752332
2.7391908477842133
2.236661393364286
1.033886120254801
2.6896979409353814
2.3047962661308956
1.0180478309559122
2.636749628924149
2.37140410143812
1.0071291483322926
2.5806111842122794
2.4361511922464696
1.0011847752764207
2.521563861911881
2.498713153896401
1.0002444932565582
2.459903490689575
2.5587765492838415
1.004313013110818
2.3959389906572284
2.6160404591887327
1.0133699514457244
2.3299908256737876
2.6702179898881093
1.0273699327575931
2.262389397812645
2.7210377105017427
1.0462428167649556
2.1934733920384426
2.7682450128678022
1.0698940498132519
2.1235880793866073
2.811603387136662
1.098205138591276
2.0530835871459994
2.850895606691642
1.1310342437857424
1.9823131447115807
2.8859248164599856
1.1682168907001365
1.911631313896021
2.9165155191622087
1.2095667932771041
1.841392212565406
2.9425144545582507
1.2548767873970252
1.7719477404991293
2.963791367285216
1.303919868775273
1.7036458163629056
2.9802396594403175
1.3564503302602562
1.6368286346267018
2.991776924639124
1.4122049928325442
1.5718309511610637
2.9983453608739215
1.4709045241389744
1.5089784061015648
2.9999120601031715
1.5322548379549419
1.4485858923827966
2.9964691731217754
1.5959485675644336
1.390955978116713
2.988033948885751
1.6616666056757272
1.3363773907176175
2.9746486480944916
1.7290797031571747
1.2851235703708177
2.956380331463588
1.7978501185843818
1.2374513000893472
2.933320523748845
1.8676333103333482
1.1935994192245467
2.905584755204704
1.9380796627440111
1.1537876268743625
2.8733119827746645
2.0088362377031768
1.1182153811851765
2.8366638939131867
2.0795485428747096
1.0870609000609854
2.7958240965274563
2.1498623077151846
1.0604802682868488
2.7509971990964206
2.219425258379024
1.0386066555401
2.7024077855773494
2.2878888826195642
1.0215496492066118
2.650299290233707
2.3549101758449837
1.0093947053451597
2.594932778023158
2.4201533595807074
1.0022027205501045
2.536585636655429
2.4832915637282307
1.0000097268579788
2.4755501868719154
2.544008464193279
1.0028267112259197
2.4121322179111835
2.601999867677607
1.0106395604867875
2.346649455497017
2.6569752356962444
1.0234091320564396
2.279429970023419
2.7086591401823474
1.0410714500391993
2.2108105329134364
2.7567926433898227
1.0635380257488065
2.1411349293856548
2.8011345951780813
1.090696301038962
2.070752236080267
2.841462841180517
1.1224102122228725
2.0000150721766436
2.8775753358042624
1.158520871755893
1.9292778327610116
2.909291154483778
1.1988473642661743
1.8588949132979147
2.9364514001176505
1.2431876529458714
1.7892189340997797
2.9589199991476356
1.29131959176082
1.720598973689027
2.9765843832906405
1.3430020384078565
1.653378819905666
2.98935605350879
1.3979760624447746
1.5878952475213217
2.9971710233921467
1.455966242538115
1.524476330987959
2.9999901397322173
1.5166820463320296
1.4634398007764262
2.9977992786806
1.579819286022923
1.4050914515385626
2.9906094165098533
1.6450616423481756
1.3497236100672128
2.978456574622106
1.7120822493547316
1.2976136707314758
2.9614016390808056
1.7805453320059907
1.2490227057237144
2.9395300555699087
1.8501078884233955
1.204194157080306
2.912951401308856
1.9204214083356912
1.1633526170311392
2.8817988360675573
1.9911336191243991
1.1267027027860075
0.0
-25.0
-95.0
-120.0
50.0
625.0
1875.0
4130.0
7780.0
13275.0
21125.0
31900.0
46230.0
64805.0
88375.0
117750.0
153800.0
197455.0
249705.0
311600.0
384250.0
468825.0
566555.0
678730.0
806700.0
951875.0
1115725.0
1299780.0
1505630.0
