 24268 24268 24268
 30449 30449 30449
 6706 6706 6706
 1053 1053 1053
 17443 17443 17443
 9474 9474 9474
 22107 22107 22107
 19503 19503 19503
 29620 29620 29620
 19687 19687 19687
 6439 6439 6439
 29365 29365 29365
 6889 6889 6889
 21733 21733 21733
 12628 12628 12628
 9720 9720 9720
 25927 25927 25927
 26745 26745 26745
 10677 10677 10677
 27616 27616 27616
 24545 24545 24545
 32042 32042 32042
 30406 30406 30406
 28651 28651 28651
 31722 31722 31722
 3781 3781 3781
 22530 22530 22530
 10893 10893 10893
 27401 27401 27401
 22526 22526 22526
 10588 10588 10588
 7179 7179 7179
 27651 27651 27651
 28318 28318 28318
 5140 5140 5140
 30121 30121 30121
 25250 25250 25250
 15272 15272 15272
 13037 13037 13037
 17057 17057 17057
 9607 9607 9607
 32662 32662 32662
 31801 31801 31801
 11575 11575 11575
 13663 13663 13663
 10877 10877 10877
 15526 15526 15526
 253 253 253
 11404 11404 11404
 19605 19605 19605
 29855 29855 29855
 12523 12523 12523
 16447 16447 16447
 14312 14312 14312
 1088 1088 1088
 12726 12726 12726
 21188 21188 21188
 27544 27544 27544
 31506 31506 31506
 2522 2522 2522
 26264 26264 26264
 17150 17150 17150
 22371 22371 22371
 29644 29644 29644
 2247 2247 2247
 26614 26614 26614
 5789 5789 5789
 16700 16700 16700
 27753 27753 27753
 7286 7286 7286
 15966 15966 15966
 27332 27332 27332
 18318 18318 18318
 5579 5579 5579
 29812 29812 29812
 13222 13222 13222
 5493 5493 5493
 28040 28040 28040
 21783 21783 21783
 6966 6966 6966
 9370 9370 9370
 8016 8016 8016
 23521 23521 23521
 17317 17317 17317
 20697 20697 20697
 5200 5200 5200
 16879 16879 16879
 1625 1625 1625
 26158 26158 26158
 13479 13479 13479
 4214 4214 4214
 3403 3403 3403
 5292 5292 5292
 18625 18625 18625
 18611 18611 18611
 2271 2271 2271
 13961 13961 13961
 2514 2514 2514
 30116 30116 30116
 10149 10149 10149
 1289 1289 1289
 13645 13645 13645
 5229 5229 5229
 9526 9526 9526
 21620 21620 21620
 23980 23980 23980
 30157 30157 30157
 8129 8129 8129
 27678 27678 27678
 30002 30002 30002
 30076 30076 30076
 29958 29958 29958
 2935 2935 2935
 31759 31759 31759
 24588 24588 24588
 36 36 36
 29362 29362 29362
 21303 21303 21303
 6017 6017 6017
 17421 17421 17421
 29381 29381 29381
 1169 1169 1169
 30471 30471 30471
 17896 17896 17896
 10087 10087 10087
 5312 5312 5312
 5418 5418 5418
 12805 12805 12805
 14863 14863 14863
 32700 32700 32700
 19006 19006 19006
 24647 24647 24647
 31303 31303 31303
 8529 8529 8529
 4797 4797 4797
 463 463 463
 693 693 693
 808 808 808
 31630 31630 31630
 23948 23948 23948
 18653 18653 18653
 18185 18185 18185
 17609 17609 17609
 9846 9846 9846
 20396 20396 20396
 26653 26653 26653
 2164 2164 2164
 14312 14312 14312
 10499 10499 10499
 18419 18419 18419
 27876 27876 27876
 12554 12554 12554
 14862 14862 14862
 14456 14456 14456
 8023 8023 8023
 16408 16408 16408
 16457 16457 16457
 8669 8669 8669
 27125 27125 27125
 11607 11607 11607
 30898 30898 30898
 7764 7764 7764
 25626 25626 25626
 5244 5244 5244
 10727 10727 10727
 11212 11212 11212
 4803 4803 4803
 4807 4807 4807
 26545 26545 26545
 19284 19284 19284
 14171 14171 14171
 466 466 466
 9742 9742 9742
 14577 14577 14577
 6996 6996 6996
 24992 24992 24992
 2038 2038 2038
 26900 26900 26900
 19184 19184 19184
 9907 9907 9907
 494 494 494
 29567 29567 29567
 17409 17409 17409
 31162 31162 31162
 22898 22898 22898
 28045 28045 28045
 8240 8240 8240
 25131 25131 25131
 13139 13139 13139
 22928 22928 22928
 20232 20232 20232
 23893 23893 23893
 11394 11394 11394
 24126 24126 24126
 25238 25238 25238
 13062 13062 13062
 2291 2291 2291
 23478 23478 23478
 15898 15898 15898
 17436 17436 17436
 25116 25116 25116
 25536 25536 25536
 4944 4944 4944
 13004 13004 13004
 4351 4351 4351
 3429 3429 3429
 6832 6832 6832
 18314 18314 18314
 23251 23251 23251
 32188 32188 32188
 25511 25511 25511
 17072 17072 17072
 31976 31976 31976
 15992 15992 15992
 28434 28434 28434
 24623 24623 24623
 32190 32190 32190
 32430 32430 32430
 8415 8415 8415
 13457 13457 13457
 16818 16818 16818
 21734 21734 21734
 4045 4045 4045
 7563 7563 7563
 21704 21704 21704
 24058 24058 24058
 187 187 187
 7430 7430 7430
 12638 12638 12638
 22043 22043 22043
 10946 10946 10946
 31369 31369 31369
 29442 29442 29442
 23435 23435 23435
 17579 17579 17579
 23739 23739 23739
 21058 21058 21058
 4049 4049 4049
 13372 13372 13372
 6945 6945 6945
 20435 20435 20435
 18189 18189 18189
 218 218 218
 12891 12891 12891
 12807 12807 12807
 4606 4606 4606
 28142 28142 28142
 19424 19424 19424
 7410 7410 7410
 4336 4336 4336
 20376 20376 20376
 17519 17519 17519
 1426 1426 1426
 30883 30883 30883
 20588 20588 20588
 7983 7983 7983
 731 731 731
 12565 12565 12565
 5129 5129 5129
 6090 6090 6090
 8672 8672 8672
 14116 14116 14116
 17347 17347 17347
 24845 24845 24845
 19039 19039 19039
 18655 18655 18655
 23715 23715 23715
 28328 28328 28328
 12349 12349 12349
 19613 19613 19613
 4638 4638 4638
 18189 18189 18189
 29215 29215 29215
 8578 8578 8578
 31791 31791 31791
 4883 4883 4883
 1617 1617 1617
 554 554 554
 15797 15797 15797
 3458 3458 3458
 8109 8109 8109
 26552 26552 26552
 949 949 949
 14554 14554 14554
 3731 3731 3731
 29337 29337 29337
 30226 30226 30226
 22014 22014 22014
 18874 18874 18874
 32497 32497 32497
 17070 17070 17070
 19088 19088 19088
 26726 26726 26726
 14819 14819 14819
 8797 8797 8797
 14126 14126 14126
 22471 22471 22471
 29615 29615 29615
 4100 4100 4100
 12259 12259 12259
