1.1058210674248676
1.002801851828547
1.6047531432342654
2.089629724734
2.8934625078525835
1.4409484895521167
2.1245452458939393
1.1219770239099889
2.5288908255832565
1.4644195124176576
1.92039135961863
1.2616319380133865
2.983446030415544
1.7376542346920676
2.167192242321155
1.1541894244115114
2.522733609638986
2.542971014826453
1.9116463271178623
1.5956314893144552
2.9800783348074233
2.817220643286166
1.8943871778169277
1.1105617269466466
2.999990005413741
1.369889610937876
1.0000094627643912
2.669624916443169
1.0515505387328519
1.3562080999991002
1.9376885428906703
1.8142555234806936
1.6874583575653048
2.690090733340565
1.7116925566252577
1.0698110353872767
1.0011921212865982
1.1986669987513885
1.2267970499141567
1.0313915313259732
1.090639861116426
1.3368510739050277
2.079323174651839
2.868547753849314
2.8211044414038815
1.0027468772310089
2.0891943823005645
2.5668901230195322
2.445165691688158
2.800457548973508
1.4342278705882834
1.3834016845310209
1.0002431619884227
2.018410201908358
2.601217298993337
1.0574100205345762
1.7116348284263936
1.3778488095832278
1.0012479395942746
1.531309262068128
2.2284191185064373
1.135554612750675
2.0008591139589504
2.088713984658339
1.779236806413345
2.0544531710514597
2.2285805261958656
2.512892011728334
1.237929290128685
2.026355284294655
2.491113501778176
1.440636108299405
2.252948544783946
2.968243992865542
2.1245901102360913
1.0607852060911713
2.5218981757624395
2.7024721506738314
2.1764465249067366
2.353881319387397
1.5157982372926047
2.572405937642872
1.310738733215318
2.4193872815642328
1.0764837317778007
2.0187417325754025
1.290777473945273
2.1592030140963283
2.2290206970417867
2.9724722464550473
2.623177252080174
2.9269938564007
2.6427995008978833
2.998862420710341
2.995572979411671
2.97471604907367
2.9637230108067434
1.0439195714237477
2.57257894723915
1.4056246386287832
1.7894399428027197
2.4126265316332898
2.1939317801723854
2.4446932573879323
1.9201509724868222
1.102151940957912
2.149504650766768
1.1303786337908432
2.0531889433325814
2.1492214918030785
1.6377837549198107
1.0547907836844161
2.9997406229616095
1.3105967866277948
2.650860162962948
2.566480313037674
1.0082134335939672
1.118813229179354
1.1184643128004446
1.7630457372102901
1.2049431774271966
2.7208288087804084
1.2662462130247423
1.677393046966651
2.9999245725970236
2.418908331058257
1.8777282121510912
1.654609104421631
2.8313729202295685
1.2855558153394413
2.9991698004479654
1.1020789533261113
2.017807413711882
1.8851852411584606
2.9479611069318183
2.3473421044046723
1.7036890019840492
1.110479075673341
1.002282415375137
2.9956603776146253
1.6545383823121496
2.1589798108677822
2.3041789369062755
2.4607732054196307
1.7379160409813132
2.566517574281674
2.670094934330834
1.0027268190874385
1.0904518488970174
2.9965334167478184
1.014952250963332
1.0547366707204149
2.9929031526610066
2.5876364798622915
1.6216615204519789
1.1776586807442875
1.7119090466962188
1.0218181148560346
1.2198451449874743
1.0314065203355758
2.6151496228578
1.2423508831401953
1.449315376837588
2.996519610082524
1.2907987255743176
1.532121625819563
2.9056486758703177
1.0161846066431823
2.9229429141188614
1.0042614293851024
2.9978883056189476
1.001581789942855
1.0492438784622615
2.4827372735877375
1.0007800166239535
2.994916733944585
1.4194624470381365
2.297519966081792
2.99386867235461
2.071173193096966
1.3108370194331107
1.0081307469181673
2.859961733965884
2.80649861520374
2.159530364108903
1.0946839362230398
2.958731660818719
2.8980139043265147
1.0007925657397965
2.353923609614604
1.9195650483391202
2.3634381690755046
2.6956363257941107
2.9683531767720233
1.0104713829423848
1.1306913477981224
2.789610809069604
2.370788280129881
2.7328109770159967
1.8246959423859181
2.2633637171403316
1.0948504508224706
1.588843034091335
2.4289725010804606
1.8940274755429436
1.164046763009691
1.9825090526975464
1.8497353516581576
2.9585514899855854
2.7559052670178983
2.9634247220015224
1.105403084339143
2.989254927287922
1.426186011809082
2.9364196726112017
1.0027793475208622
1.5720761396198568
1.355435701379005
2.614959476007746
1.8942373001855137
1.7965955993551757
1.0196531515420606
1.6942851554390561
2.733098068419694
1.0633108877155584
1.3640875091590754
2.41309327193687
1.3635525844889533
2.841462841180517
2.9971118054230397
1.0232440732565578
1.1537876268743625
2.543097577474863
2.859846328783939
2.7632502979637996
2.9880432458127215
2.6296538386936543
2.7272045781867913
1.1396078084370482
2.614959476007746
1.397903856093843
2.963533695992375
1.3969295525396102
1.1580163521165026
2.054001671066191
2.0012962068329863
1.1940453095877346
2.763016531774799
2.2465522202183648
2.916400933289402
2.2453688785869943
1.5096481855659696
2.9988552221892237
2.5669149554809167
2.656042960201736
1.9473077409978035
2.0002712991771787
2.958915723414311
2.9864970760904304
2.6505740477463653
2.1669247557137963
2.999914836195009
1.0438930690024852
2.7210168232777003
2.184574363663855
1.0762007110944765
1.0904831713531675
2.9422472140838933
2.123917118387001
2.0708875450704753
2.6513291918574176
1.8244882034489636
2.079007652328889
1.0832314524760207
1.0061063557645258
1.5413148513170243
1.8422702770564108
1.8418386704046412
1.0294792453357102
1.0161846066431823
1.790176716139889
1.0027479937245238
2.9616831363436478
2.690287053359527
2.587575501814664
2.124246143769411
2.9763536032287474
1.8242953100110828
2.1320230719824966
1.990018327640999
1.0197335162480843
1.2979999934117967
2.0889391736291945
2.5517912618494476
1.0072844839228428
2.5587015492117655
1.0094794017372992
1.0341746087077575
1.2043036939119176
1.8320945202721373
