2.615684219056542
1.3700183595177575
2.9786986103839093
2.8273539174375744
1.0232053197624742
2.2291527391717962
1.034135553562851
2.970615129282627
1.0015826374662056
2.84642914398312
1.8600439538527187
1.2496799475066644
2.7331698208716784
2.149102263314806
2.816768695837762
1.0012396730431137
2.9978420428339447
2.9707093548458183
1.17318827569321
2.9636787464287826
2.972465221815267
1.3778016108607711
1.0000063066625082
1.0671565160101584
1.9375381147194526
1.8846911627782048
2.6018554369241076
2.2801534802419594
1.2495006260864179
1.9125021138373297
1.3640526134481545
1.2377829224895756
2.4129285524439816
1.2048334888074796
2.610059636630922
2.9892439066538854
1.087411837790829
1.113649112485551
1.0875043017844799
1.9193547233609238
2.6234011920139397
2.942262356958131
1.6215917624281133
2.8596076854747094
2.1834336220878385
1.0634851678453976
1.6212988021654209
2.0086101636559497
2.2636545067232525
1.711894613567043
1.7559463742939092
2.5068854299476224
1.049356055950922
2.983437836117176
2.1671476620744214
2.774377273321589
1.0233022634076256
2.3705923027663047
2.542958357883156
1.0001027040723707
1.0150797558317466
2.3639716870450416
2.0260991454330424
1.0042920634673334
1.0831832982455034
1.0052192438680312
1.110059381677774
2.9634247220015224
1.110465303290625
2.5811264699811427
2.6010366242448333
2.790331639071766
1.546912421565572
1.0105782508233423
1.627980240593295
2.7559348686478273
2.989323129819835
1.0181992256210513
2.999985472197028
2.99710149397969
2.053173892484616
1.0460979559513075
2.923116874849139
2.9965584495966864
2.763143167522176
2.956384734305426
1.1838404871860817
1.2905012614101206
2.287715668972888
2.184707680898583
2.0544230713987535
2.23657352834183
2.9991691863009953
1.130952208911941
1.1449955028122476
1.5157586752978087
1.0698221012301272
1.9128174199911454
2.795906228813085
1.4940243213130935
1.5722941113588829
1.7458704999499344
2.2353578640189666
2.9995381934843275
2.8737155246691883
2.628880719443829
1.1307882108310143
1.2857667655579241
1.2376463478427175
2.5221167222610394
1.0081518596686503
2.6559405762295385
1.113593289882055
1.1487641006541651
2.3713201354167945
1.3915897498594068
2.159024452166091
1.8243991748687334
1.198162362738621
2.253254754643817
1.073674689241558
2.0794433715419944
1.0906461313928086
1.2262334247826119
2.6430881004271867
2.8902634760214423
1.0834543391526519
2.951472966181138
1.5256700815346487
1.3291558311633995
1.2093544947658001
1.3979880973151757
2.141313982793278
1.9652042128896574
2.762792412160098
2.9615176720411376
1.678134994244067
1.3371895817466533
1.2858511638156405
2.451703090691319
1.2780647589302132
1.118314924388811
2.916244009784272
2.989303351334291
1.0631684672393718
1.779810156514215
2.999550928632967
1.2976565852638442
2.4763587739029904
2.6153634953076796
2.936356194624534
1.627938269869956
1.4340166142061568
1.1220347408730582
2.551841540556618
1.040977448606121
2.9801142408357677
2.9202267261926704
1.0106132633396048
2.6956796355804657
2.522438051892278
1.8774739117247217
2.211281979055338
1.35058279771579
1.1876488287415827
2.9567801002626415
2.572801350684829
1.0218306416320426
1.0944983724154809
2.413257977916422
2.958542900840525
1.9471421780986775
1.6116071667981096
1.4697539400062491
2.5138750205732086
1.0004958459392412
2.573295429599301
1.6441177383554837
1.0036186818836277
1.144784521607971
1.377884210109091
1.135630394429735
2.595744155802599
2.5290187356124196
1.130534947240227
1.5567788302228518
2.9800154221118924
1.090633591047002
2.846300704097265
2.089539655289382
1.4553972747323063
1.5316022000782992
2.1412244566662113
2.9200909931070926
1.6273227866875666
2.0178676928264077
1.6372780555399002
1.0389266626364764
1.1579838277068535
1.6781064541524184
1.0072138343376
1.7893515380296414
1.0760795707516895
2.6432612163207527
2.609581824906851
1.2613169146219771
2.601915618798343
2.5136293315224933
2.5726283738683744
2.996474233116671
1.1103000977443567
1.71098545848298
2.890229150691239
2.0615141642680372
1.4114126949269161
2.651100428338398
2.9835687036027627
2.846589624615844
2.498700089773
2.8905378966375386
1.3372798733973355
1.0314252615461186
2.8465575346438534
1.187965374614557
2.951152416161358
2.9663236398701214
1.859596253213693
2.998844381861368
1.4942713510201562
1.1881413367438722
1.5009472186688304
1.000006094363397
2.998320131549243
2.131873668039271
2.840884155152996
1.1448392068409552
2.1943309869523473
2.9852367087826464
1.0105542130957428
2.1939909239446607
1.1103964535018593
2.7680423549844346
2.5128790729131825
1.036056064684707
2.9853165911832527
1.2430005024377009
2.779296087067726
1.154092949186322
2.413230527859589
2.9396229318616425
2.8770110869946874
1.6276165195891
2.262389397812645
2.2014708266356715
2.28003772928831
1.0829547477017099
1.5100160308517252
1.4552455922833336
1.6440613973508065
2.7328417430519636
1.7975106276105541
1.9728160430915307
1.0670533798488824
2.7790410057012824
2.0963868307392177
1.0232020917470894
2.9269768957952293
1.3239051866871168
2.690537832776418
1.0148537395317523
2.768032702687581
1.5958382739688164
2.9983105119114404
2.4126128023367013
1.1936885606674148
2.595175043903201
2.053249146601762
1.0439991256046817
2.7024185134924137
1.8250966037852214
2.9819692685810244
2.989164392241964
2.720128510869383
2.397198097007812
2.543439235003464
1.6780636445599444
1.677321716320733
2.1671625221943427
1.0007534627480523
2.70818043869706
2.387031295964996
1.4851555659275137
2.1063471995784218
2.7083719583961505
1.1021652140883749
2.0008741861367554
2.2110020638292083
2.9204743012452226
2.868592569417074
1.278889189373888
