 26704 26704 26704
 13712 13712 13712
 8826 8826 8826
 21919 21919 21919
 5925 5925 5925
 13068 13068 13068
 14030 14030 14030
 25957 25957 25957
 6399 6399 6399
 18082 18082 18082
 32488 32488 32488
 27931 27931 27931
 23378 23378 23378
 5690 5690 5690
 4743 4743 4743
 7148 7148 7148
 21264 21264 21264
 250 250 250
 31253 31253 31253
 21872 21872 21872
 27701 27701 27701
 22799 22799 22799
 4904 4904 4904
 24037 24037 24037
 7307 7307 7307
 11617 11617 11617
 23235 23235 23235
 1308 1308 1308
 19673 19673 19673
 4192 4192 4192
 21265 21265 21265
 20977 20977 20977
 23143 23143 23143
 30606 30606 30606
 16069 16069 16069
 13472 13472 13472
 6951 6951 6951
 27276 27276 27276
 12797 12797 12797
 13459 13459 13459
 21438 21438 21438
 9645 9645 9645
 10229 10229 10229
 30023 30023 30023
 23998 23998 23998
 11667 11667 11667
 17898 17898 17898
 18222 18222 18222
 21302 21302 21302
 22302 22302 22302
 10975 10975 10975
 20688 20688 20688
 22098 22098 22098
 29951 29951 29951
 19704 19704 19704
 21504 21504 21504
 5539 5539 5539
 13984 13984 13984
 26509 26509 26509
 264 264 264
 2256 2256 2256
 25405 25405 25405
 24034 24034 24034
 28479 28479 28479
 12107 12107 12107
 1087 1087 1087
 7743 7743 7743
 4275 4275 4275
 30814 30814 30814
 10051 10051 10051
 15567 15567 15567
 28260 28260 28260
 17713 17713 17713
 22905 22905 22905
 17501 17501 17501
 28016 28016 28016
 4386 4386 4386
 31306 31306 31306
 16872 16872 16872
 5898 5898 5898
 18668 18668 18668
 15463 15463 15463
 24376 24376 24376
 32724 32724 32724
 5603 5603 5603
 9791 9791 9791
 15925 15925 15925
 17936 17936 17936
 7127 7127 7127
 4737 4737 4737
 28909 28909 28909
 3724 3724 3724
 18046 18046 18046
 12458 12458 12458
 16154 16154 16154
 29516 29516 29516
 14601 14601 14601
 17420 17420 17420
 3697 3697 3697
 21552 21552 21552
 26624 26624 26624
 6359 6359 6359
 6612 6612 6612
 20269 20269 20269
 22743 22743 22743
 25174 25174 25174
 19590 19590 19590
 14388 14388 14388
 7552 7552 7552
 23656 23656 23656
 19885 19885 19885
 29425 29425 29425
 561 561 561
 2276 2276 2276
 2670 2670 2670
 1934 1934 1934
 8889 8889 8889
 17943 17943 17943
 25113 25113 25113
 31280 31280 31280
 3787 3787 3787
 523 523 523
 28001 28001 28001
 13869 13869 13869
 28646 28646 28646
 3494 3494 3494
 13134 13134 13134
 828 828 828
 4255 4255 4255
 381 381 381
 1596 1596 1596
 30068 30068 30068
 12458 12458 12458
 5611 5611 5611
 12527 12527 12527
 16738 16738 16738
 13916 13916 13916
 1694 1694 1694
 8047 8047 8047
 26487 26487 26487
 2148 2148 2148
 10700 10700 10700
 12898 12898 12898
 30267 30267 30267
 18389 18389 18389
 20069 20069 20069
 5886 5886 5886
 13849 13849 13849
 24476 24476 24476
 21485 21485 21485
 13945 13945 13945
 26205 26205 26205
 6065 6065 6065
 7638 7638 7638
 27289 27289 27289
 14466 14466 14466
 9938 9938 9938
 27706 27706 27706
 29902 29902 29902
 14383 14383 14383
 13351 13351 13351
 3964 3964 3964
 15660 15660 15660
 19165 19165 19165
 4758 4758 4758
 31400 31400 31400
 24874 24874 24874
 26332 26332 26332
 9916 9916 9916
 9082 9082 9082
 28918 28918 28918
 27304 27304 27304
 3227 3227 3227
 20110 20110 20110
 28460 28460 28460
 28036 28036 28036
 19442 19442 19442
 10386 10386 10386
 22665 22665 22665
 18425 18425 18425
 540 540 540
 9400 9400 9400
 1664 1664 1664
 31486 31486 31486
 1953 1953 1953
 8934 8934 8934
 80 80 80
 11916 11916 11916
 17848 17848 17848
 22805 22805 22805
 4908 4908 4908
 20972 20972 20972
 14207 14207 14207
 17832 17832 17832
 16557 16557 16557
 17716 17716 17716
 13150 13150 13150
 1812 1812 1812
 1881 1881 1881
 6774 6774 6774
 3003 3003 3003
 29150 29150 29150
 24916 24916 24916
 2508 2508 2508
 28657 28657 28657
 30353 30353 30353
 25184 25184 25184
 12689 12689 12689
 29796 29796 29796
 6442 6442 6442
 28858 28858 28858
 8099 8099 8099
 16541 16541 16541
 9808 9808 9808
 2786 2786 2786
 8917 8917 8917
 30131 30131 30131
 1707 1707 1707
 1061 1061 1061
 27089 27089 27089
 19648 19648 19648
 11055 11055 11055
 24811 24811 24811
 13702 13702 13702
 12523 12523 12523
 25087 25087 25087
 22340 22340 22340
 28354 28354 28354
 12911 12911 12911
 16688 16688 16688
 4510 4510 4510
 26231 26231 26231
 22005 22005 22005
 30764 30764 30764
 14996 14996 14996
 3300 3300 3300
 111 111 111
 20616 20616 20616
 15645 15645 15645
 6299 6299 6299
 1630 1630 1630
 17282 17282 17282
 18312 18312 18312
 32562 32562 32562
 20166 20166 20166
 27084 27084 27084
 5550 5550 5550
 11631 11631 11631
 31069 31069 31069
 27454 27454 27454
 1061 1061 1061
 25494 25494 25494
 14240 14240 14240
 15475 15475 15475
 31240 31240 31240
 19855 19855 19855
 14944 14944 14944
 4852 4852 4852
 4693 4693 4693
 21025 21025 21025
 19798 19798 19798
 4141 4141 4141
 12052 12052 12052
 6424 6424 6424
 20742 20742 20742
 13352 13352 13352
 23673 23673 23673
 18073 18073 18073
 3955 3955 3955
 25683 25683 25683
 23552 23552 23552
 14072 14072 14072
 10600 10600 10600
 3037 3037 3037
 7990 7990 7990
 27382 27382 27382
 3880 3880 3880
 26376 26376 26376
 25999 25999 25999
 27490 27490 27490
 17781 17781 17781
 21046 21046 21046
 5262 5262 5262
 10498 10498 10498
 6727 6727 6727
 1407 1407 1407
 11026 11026 11026
 19466 19466 19466
 19098 19098 19098
 29345 29345 29345
 24140 24140 24140
 1959 1959 1959
 4634 4634 4634
 5855 5855 5855
 16204 16204 16204
 24593 24593 24593
 17263 17263 17263
 20956 20956 20956
 27660 27660 27660
 9684 9684 9684
