 23249 23249 23249
 8570 8570 8570
 10882 10882 10882
 2336 2336 2336
 13977 13977 13977
 13775 13775 13775
 22850 22850 22850
 11983 11983 11983
 21355 21355 21355
 29635 29635 29635
 14854 14854 14854
 10513 10513 10513
 30806 30806 30806
 7654 7654 7654
 11246 11246 11246
 29340 29340 29340
 1371 1371 1371
 30024 30024 30024
 2360 2360 2360
 3147 3147 3147
 26778 26778 26778
 31844 31844 31844
 24517 24517 24517
 16688 16688 16688
 2335 2335 2335
 11799 11799 11799
 4535 4535 4535
 19193 19193 19193
 19381 19381 19381
 10709 10709 10709
 2132 2132 2132
 28061 28061 28061
 1440 1440 1440
 32652 32652 32652
 31199 31199 31199
 28723 28723 28723
 31874 31874 31874
 26942 26942 26942
 8544 8544 8544
 31749 31749 31749
 26955 26955 26955
 2435 2435 2435
 19118 19118 19118
 513 513 513
 24619 24619 24619
 30979 30979 30979
 29906 29906 29906
 12150 12150 12150
 15012 15012 15012
 8189 8189 8189
 19457 19457 19457
 29992 29992 29992
 15358 15358 15358
 17872 17872 17872
 2738 2738 2738
 22511 22511 22511
 25114 25114 25114
 22839 22839 22839
 21582 21582 21582
 32153 32153 32153
 31044 31044 31044
 6246 6246 6246
 4052 4052 4052
 23326 23326 23326
 27165 27165 27165
 13206 13206 13206
 5350 5350 5350
 20814 20814 20814
 12004 12004 12004
 15052 15052 15052
 28050 28050 28050
 16006 16006 16006
 6977 6977 6977
 2301 2301 2301
 21854 21854 21854
 15627 15627 15627
 27308 27308 27308
 3617 3617 3617
 20915 20915 20915
 2028 2028 2028
 21924 21924 21924
 15359 15359 15359
 16322 16322 16322
 10159 10159 10159
 9125 9125 9125
 23122 23122 23122
 32295 32295 32295
 25537 25537 25537
 25212 25212 25212
 27140 27140 27140
 20362 20362 20362
 7359 7359 7359
 26321 26321 26321
 29602 29602 29602
 21154 21154 21154
 21655 21655 21655
 18792 18792 18792
 9849 9849 9849
 4752 4752 4752
 31586 31586 31586
 1935 1935 1935
 32288 32288 32288
 1815 1815 1815
 6422 6422 6422
 6312 6312 6312
 26159 26159 26159
 27923 27923 27923
 6727 6727 6727
 1311 1311 1311
 28779 28779 28779
 15940 15940 15940
 4272 4272 4272
 18843 18843 18843
 13371 13371 13371
 12157 12157 12157
 29107 29107 29107
 25009 25009 25009
 1638 1638 1638
 18145 18145 18145
 7414 7414 7414
 6440 6440 6440
 27689 27689 27689
 6356 6356 6356
 15547 15547 15547
 27332 27332 27332
 10900 10900 10900
 10099 10099 10099
 8855 8855 8855
 16049 16049 16049
 11224 11224 11224
 7940 7940 7940
 27925 27925 27925
 12182 12182 12182
 31395 31395 31395
 10417 10417 10417
 17587 17587 17587
 29180 29180 29180
 4195 4195 4195
 4123 4123 4123
 2748 2748 2748
 30861 30861 30861
 4299 4299 4299
 24039 24039 24039
 14664 14664 14664
 20490 20490 20490
 31529 31529 31529
 32143 32143 32143
 27184 27184 27184
 8627 8627 8627
 6638 6638 6638
 4420 4420 4420
 24335 24335 24335
 1633 1633 1633
 27588 27588 27588
 25470 25470 25470
 7183 7183 7183
 31137 31137 31137
 30950 30950 30950
 25339 25339 25339
 515 515 515
 24407 24407 24407
 4635 4635 4635
 32305 32305 32305
 5585 5585 5585
 4189 4189 4189
 7955 7955 7955
 23580 23580 23580
 2478 2478 2478
 14097 14097 14097
 2286 2286 2286
 4531 4531 4531
 16966 16966 16966
 16163 16163 16163
 15995 15995 15995
 13086 13086 13086
 9895 9895 9895
 22187 22187 22187
 14567 14567 14567
 6778 6778 6778
 2181 2181 2181
 115 115 115
 14804 14804 14804
 12851 12851 12851
 27082 27082 27082
 28456 28456 28456
 31456 31456 31456
 14124 14124 14124
 29002 29002 29002
 21865 21865 21865
 13481 13481 13481
 8358 8358 8358
 15376 15376 15376
 6262 6262 6262
 17712 17712 17712
 9477 9477 9477
 2751 2751 2751
 19815 19815 19815
 24716 24716 24716
 23923 23923 23923
 19429 19429 19429
 28732 28732 28732
 17507 17507 17507
 27289 27289 27289
 9475 9475 9475
 14627 14627 14627
 339 339 339
 4008 4008 4008
 8379 8379 8379
 7953 7953 7953
 19192 19192 19192
 3003 3003 3003
 26133 26133 26133
 2843 2843 2843
 20458 20458 20458
 13012 13012 13012
 12681 12681 12681
 16212 16212 16212
 28190 28190 28190
 12683 12683 12683
 19500 19500 19500
 9309 9309 9309
 31514 31514 31514
 1696 1696 1696
 5277 5277 5277
 10144 10144 10144
 7947 7947 7947
 15305 15305 15305
 10107 10107 10107
 14927 14927 14927
 18289 18289 18289
 4386 4386 4386
 6468 6468 6468
 6208 6208 6208
 17006 17006 17006
 28390 28390 28390
 25099 25099 25099
 27452 27452 27452
 26424 26424 26424
 12566 12566 12566
 28209 28209 28209
 30445 30445 30445
 31641 31641 31641
 21279 21279 21279
 30045 30045 30045
 32446 32446 32446
 11837 11837 11837
 32751 32751 32751
 123 123 123
 18078 18078 18078
 21179 21179 21179
 15563 15563 15563
 28439 28439 28439
 28580 28580 28580
 5617 5617 5617
 20666 20666 20666
 1933 1933 1933
 31041 31041 31041
 17722 17722 17722
 15862 15862 15862
 4337 4337 4337
 7071 7071 7071
 6568 6568 6568
 14504 14504 14504
 26814 26814 26814
 13090 13090 13090
 16194 16194 16194
 10889 10889 10889
 25708 25708 25708
 10465 10465 10465
 29462 29462 29462
 141 141 141
 32050 32050 32050
 4962 4962 4962
 16542 16542 16542
 29210 29210 29210
 18887 18887 18887
 19424 19424 19424
 3122 3122 3122
 18266 18266 18266
 12767 12767 12767
 32346 32346 32346
 3597 3597 3597
 16612 16612 16612
 31071 31071 31071
 8776 8776 8776
 27126 27126 27126
 14708 14708 14708
 7693 7693 7693
 16557 16557 16557
 28250 28250 28250
 10353 10353 10353
 17823 17823 17823
 3656 3656 3656
 20349 20349 20349
 27533 27533 27533
 8100 8100 8100
 4215 4215 4215
 5781 5781 5781
 12624 12624 12624
 8983 8983 8983
