1.0513644073601978
2.3044230125825296
2.0367237915106804
2.995668789364667
2.5517912618494476
2.9204094958073528
1.6276724729505818
2.7085740615154315
1.0669991283919622
1.000006909226536
1.7207292235361205
2.330332273571398
1.0182335906448063
2.27073168108979
1.1021917627952253
2.2527589736046467
2.609581824906851
1.9549442360765008
1.6878163077849195
1.1183362601831603
2.4922028496513686
1.1882909625565943
1.008044660491942
2.330076191699128
1.7116203965413104
2.304236368272734
2.506651547759543
1.3556085693646238
1.1104721893809457
1.6119266352624795
2.637016890050669
1.3691291775589414
2.6826782156333984
1.419757019512422
2.572665442480383
2.0896597477193524
2.6289158747387007
1.7383669748021853
2.053369552559265
1.3109134730323837
1.043624071595495
2.8502139493005174
2.651077548732667
1.013225413868181
1.094607130220774
1.1880005611387308
1.2661745352210838
2.877452461840126
2.513228380029779
2.8169338886646997
2.850364671001515
1.3779196119125876
1.0872947836942508
1.0080503853915892
2.9864699089869893
1.8501078884233955
1.0007806119310274
2.993793451917861
2.0783465323104653
1.5310962486113364
1.6947157037091356
1.173705769620899
1.0871531867768907
2.985185057602735
2.615137739727636
2.6700389938981797
2.9724581962909777
1.1938312250741283
2.923244326100827
2.998311387557867
1.8771149130522178
1.0012232223016886
2.916467281639436
1.383852693328966
2.999205032602869
2.4200849719193185
1.500725196012154
1.1538197529948389
1.8243546611188963
1.0831893167979167
2.581175532675454
1.6944717186825926
2.615719848734397
1.2540631277296321
1.1447923332010173
2.9269599332945226
1.1446205230296962
1.745651846046163
1.0162035170775128
2.428822730605158
2.779258305378204
2.482222402380683
1.0150094315903528
1.0272614720489106
2.923261697953275
2.1323517500977722
1.9305257460192937
2.9533349222493492
2.124231188363347
1.7048408417464307
2.3038917634836436
2.7627631724076642
2.715603249895093
1.1937688036265932
2.623931372110179
1.2979463251212535
2.0356393053926274
2.4361376291460752
2.279516799637065
1.290511882954327
2.4828428675832868
2.906070036208887
1.412131833994463
1.0904455850256491
1.0095270799615896
1.4552455922833336
2.5669149554809167
2.976314487684435
1.5011170228098263
2.7960613276157917
2.873950036410124
1.2498094917691764
1.0133037102981939
2.6431573507301134
2.817541915617892
2.573221331041907
2.303762526437478
1.3234166977808888
1.920361310973794
1.9018580860534446
1.6121350093887905
1.8250966037852214
1.3030979082158298
1.1269157325842682
1.0358838032693731
2.587441338361496
2.1424627985761058
2.2972609415786005
2.998299107870165
2.036271927477953
2.9681006442968023
2.7280833788727747
1.1487324637015859
1.2982469188925603
2.2188223173685815
2.974699207132247
2.0433090989725207
1.9725448451757486
2.4603852334374983
2.078767249055229
1.6380366446078125
2.9682703645391566
1.0016098779697973
1.249092377968265
1.3110117817932072
1.902728089497034
2.5287245245834393
2.800493683932326
1.60418557685917
2.8112069620585833
1.329200542386042
2.8901604848618354
1.2199865991707237
1.8073399811141297
2.2631165271767033
1.000231344098744
1.849496939321511
2.9232327438181223
2.9161836171253457
2.6368658388179984
2.019088330614009
1.2093544947658001
1.046224697029213
1.661085154406945
2.8467420099627194
1.48524601670138
2.923250116928977
2.403665358600927
1.0120242382708102
1.5793679936238356
1.0000061470974213
2.689948915069104
2.7449422484813226
2.8269558194144597
1.1680077853337645
2.708159155513253
2.5133189272526795
1.7278321997446844
1.130534947240227
1.4344640246240596
2.6230947350096847
2.5815189123632245
2.1066469288040093
1.8426126072073212
1.303497959067264
2.981992055471385
2.3374822572043747
2.651077548732667
2.948033064288745
1.397651172646658
1.420235861698182
1.005294872127219
2.909090330484382
2.279820685277289
2.9423229091923297
1.2667071939122727
2.166092496675143
1.3505942591648363
2.419633553537275
2.089239418508366
1.0736519786845646
1.7382069594832714
1.0737030821691242
2.8982591213512583
1.9380345330436264
1.572839149500338
1.9204364327214678
2.0360761174209934
2.9681270744743977
1.0632686728828444
1.0071939695519814
2.0887440101173
2.498713153896401
1.2857140219199867
2.9999836298625593
2.476676796159804
1.7449959623742937
1.5250200423026046
1.694055555245407
1.0150302513978322
2.0439114124581996
1.139600127264068
2.601506314667624
1.8496459460062005
2.8821611052445237
1.0948696729900445
2.9982920709484233
1.1357137769587846
1.6117877301985855
2.898510675076368
1.0667552591335672
2.124709747243459
2.228991353775423
2.52160244067588
2.4447742549180695
2.990740840571294
2.923423744203485
2.320323407113379
1.1058008244558115
1.0042115370443652
2.9566089911286526
2.988082717686849
2.9298621669619993
1.7215542584732253
1.831307089412698
1.8945520459781005
2.836705167947514
2.5954656915673002
1.3913266276421936
1.0182794606360228
2.6233658364762973
2.9088830092431848
2.8905378966375386
1.034233232560831
2.9615093896517166
2.9971585475948466
2.3135722909710714
1.4114126949269161
1.2980107275478179
1.8076209953606945
2.790146914960389
2.8904487454361982
2.573258380906255
2.763172386994551
2.158875646579298
1.1105823943104656
2.2016332181190172
2.7853070927861614
1.1879477824603457
1.002234831548802
2.7564871486662406
1.0131936715108183
2.779173286221342
1.3919127640062654
1.6608015665949514
1.1983875761106142
2.986573492032912
1.7387888678197168
1.6705925810214661
1.3289434861463598
2.8854069381408416
1.4948045564208416
1.990259470741333
2.0617097303141994
2.9997267107032357
1.0195462511507531
1.9304956745349302
1.0150484804754818
2.785577624921704
2.7853910670935695
