 9405 9405 9405
 8146 8146 8146
 17501 17501 17501
 29550 29550 29550
 28225 28225 28225
 7563 7563 7563
 22981 22981 22981
 21654 21654 21654
 5393 5393 5393
 27714 27714 27714
 1106 1106 1106
 28524 28524 28524
 18652 18652 18652
 810 810 810
 3779 3779 3779
 18059 18059 18059
 32548 32548 32548
 29445 29445 29445
 625 625 625
 8458 8458 8458
 19450 19450 19450
 19307 19307 19307
 9057 9057 9057
 28979 28979 28979
 1087 1087 1087
 6583 6583 6583
 1753 1753 1753
 19068 19068 19068
 12239 12239 12239
 7736 7736 7736
 9538 9538 9538
 23289 23289 23289
 16876 16876 16876
 13014 13014 13014
 9972 9972 9972
 5585 5585 5585
 3792 3792 3792
 7460 7460 7460
 25420 25420 25420
 23241 23241 23241
 3546 3546 3546
 15207 15207 15207
 5639 5639 5639
 19614 19614 19614
 29639 29639 29639
 25541 25541 25541
 19255 19255 19255
 22517 22517 22517
 27848 27848 27848
 26975 26975 26975
 9433 9433 9433
 16435 16435 16435
 1665 1665 1665
 16773 16773 16773
 23413 23413 23413
 5051 5051 5051
 11392 11392 11392
 25411 25411 25411
 30417 30417 30417
 25495 25495 25495
 8599 8599 8599
 4748 4748 4748
 20235 20235 20235
 7895 7895 7895
 31985 31985 31985
 32569 32569 32569
 12504 12504 12504
 29976 29976 29976
 17698 17698 17698
 4483 4483 4483
 2197 2197 2197
 16438 16438 16438
 21444 21444 21444
 11194 11194 11194
 24046 24046 24046
 21263 21263 21263
 9473 9473 9473
 2452 2452 2452
 9045 9045 9045
 26241 26241 26241
 24163 24163 24163
 27849 27849 27849
 13966 13966 13966
 20209 20209 20209
 3722 3722 3722
 24583 24583 24583
 18471 18471 18471
 13927 13927 13927
 23154 23154 23154
 15721 15721 15721
 5474 5474 5474
 11221 11221 11221
 22794 22794 22794
 22833 22833 22833
 28507 28507 28507
 7398 7398 7398
 6312 6312 6312
 23839 23839 23839
 22879 22879 22879
 16002 16002 16002
 5689 5689 5689
 13117 13117 13117
 11263 11263 11263
 15423 15423 15423
 6786 6786 6786
 4396 4396 4396
 8837 8837 8837
 31506 31506 31506
 2749 2749 2749
 15582 15582 15582
 24422 24422 24422
 16560 16560 16560
 15375 15375 15375
 9351 9351 9351
 17720 17720 17720
 10802 10802 10802
 1492 1492 1492
 30132 30132 30132
 12737 12737 12737
 6868 6868 6868
 29504 29504 29504
 7356 7356 7356
 19357 19357 19357
 24703 24703 24703
 23364 23364 23364
 32634 32634 32634
 30979 30979 30979
 31255 31255 31255
 17126 17126 17126
 14855 14855 14855
 21853 21853 21853
 491 491 491
 2573 2573 2573
 572 572 572
 23971 23971 23971
 17735 17735 17735
 1344 1344 1344
 24719 24719 24719
 28375 28375 28375
 6497 6497 6497
 29480 29480 29480
 8602 8602 8602
 15500 15500 15500
 23321 23321 23321
 7200 7200 7200
 11867 11867 11867
 4158 4158 4158
 31931 31931 31931
 14196 14196 14196
 18397 18397 18397
 13638 13638 13638
 12655 12655 12655
 6151 6151 6151
 4331 4331 4331
 32499 32499 32499
 21481 21481 21481
 4647 4647 4647
 30854 30854 30854
 26099 26099 26099
 21821 21821 21821
 26875 26875 26875
 30538 30538 30538
 20881 20881 20881
 14492 14492 14492
 17761 17761 17761
 3840 3840 3840
 3857 3857 3857
 29628 29628 29628
 31423 31423 31423
 13383 13383 13383
 32330 32330 32330
 29889 29889 29889
 22862 22862 22862
 15242 15242 15242
 7612 7612 7612
 21149 21149 21149
 1890 1890 1890
 28476 28476 28476
 4100 4100 4100
 10292 10292 10292
 17161 17161 17161
 16757 16757 16757
 4792 4792 4792
 3599 3599 3599
 21737 21737 21737
 14603 14603 14603
 15985 15985 15985
 4479 4479 4479
 157 157 157
 25176 25176 25176
 20631 20631 20631
 6463 6463 6463
 14277 14277 14277
 899 899 899
 27674 27674 27674
 16596 16596 16596
 31323 31323 31323
 15858 15858 15858
 13303 13303 13303
 18290 18290 18290
 24040 24040 24040
 23833 23833 23833
 24868 24868 24868
 20660 20660 20660
 537 537 537
 30217 30217 30217
 4882 4882 4882
 9268 9268 9268
 30895 30895 30895
 32297 32297 32297
 32582 32582 32582
 31415 31415 31415
 16701 16701 16701
 12621 12621 12621
 2492 2492 2492
 15246 15246 15246
 6675 6675 6675
 31521 31521 31521
 32555 32555 32555
 5507 5507 5507
 30477 30477 30477
 12500 12500 12500
 22485 22485 22485
 3363 3363 3363
 15613 15613 15613
 25323 25323 25323
 25187 25187 25187
 8993 8993 8993
 353 353 353
 18834 18834 18834
 18447 18447 18447
 309 309 309
 25895 25895 25895
 10117 10117 10117
 25257 25257 25257
 1715 1715 1715
 7262 7262 7262
 1918 1918 1918
 15088 15088 15088
 32555 32555 32555
 2502 2502 2502
 22997 22997 22997
 31257 31257 31257
 22367 22367 22367
 21919 21919 21919
 30530 30530 30530
 18056 18056 18056
 16737 16737 16737
 31407 31407 31407
 7016 7016 7016
 2652 2652 2652
 18393 18393 18393
 19283 19283 19283
 23227 23227 23227
 29451 29451 29451
 8966 8966 8966
 6390 6390 6390
 720 720 720
 18919 18919 18919
 8845 8845 8845
 10169 10169 10169
 5259 5259 5259
 21709 21709 21709
 966 966 966
 4756 4756 4756
 21117 21117 21117
 12421 12421 12421
 19089 19089 19089
 8071 8071 8071
 3547 3547 3547
 32275 32275 32275
 13320 13320 13320
 13094 13094 13094
 14639 14639 14639
 1225 1225 1225
 32059 32059 32059
 21218 21218 21218
 10923 10923 10923
 1210 1210 1210
 29628 29628 29628
 23439 23439 23439
 25186 25186 25186
 24529 24529 24529
 19404 19404 19404
 6106 6106 6106
 15881 15881 15881
 25573 25573 25573
 8705 8705 8705
 7860 7860 7860
 26669 26669 26669
 2915 2915 2915
 13168 13168 13168
 13220 13220 13220
 10359 10359 10359
 30769 30769 30769
 2377 2377 2377
 14882 14882 14882
 26503 26503 26503
 4654 4654 4654
 13261 13261 13261
