1.812016217643907e18
4.21721625e8
1.636352857466005e17
7.272917202125e12
1.5841226258885804e16
3.4215149088967904e17
3.2028212263192083e17
1.5525064768954883e18
1.5881968928951683e17
2.5331633070346648e16
8.164409225068307e16
4.65271325108e12
2.29987432895555e14
7.061958334387891e17
1.5624852399378355e18
1.069051878778657e18
9.47882502087493e15
1.896420186661855e18
2.5852562926216637e18
3.99606516823648e15
5.501087151877575e15
4.093525877740348e16
2.070741440925e12
1.1695972708492688e17
1.7032380870671075e17
6.321148397525e12
1.1710946702191856e16
2.069417989088071e17
2.6315172757468168e16
4.0316374387802224e16
6.460973970638125e15
5.232553028901563e16
5.692449594424315e16
3.9760379964805e13
6.4362817553158576e16
1.3865028117040482e17
1.1303380612118376e17
4.0960528734241984e17
7.562331701358693e16
1.016467159345775e17
1.3369469117661811e17
6.4528903873175e13
1.2727273073960632e17
2.7273575868436656e17
1.3307689243109793e18
5.576567181296732e16
8.370693528074563e17
1.7985536356973e15
8.814599867113213e16
6.887162849995873e17
2.2653202021043236e18
1.344617588796803e18
1.8737518008603584e17
7.510935936894267e17
7.598462327094375e15
5.070902193376955e17
8.2117435999725e13
2.2620913168325105e18
2.0743024338795744e17
2.237292114226802e17
7.495548620978925e17
3.0602633835865e15
1.65446170064068e15
2.840734825870455e17
3.4506174534614248e16
1.1036029542160674e17
4.973171015595024e17
1.503128387438419e17
1.5576007426958167e18
3.8640205042864376e16
4.121340524275e13
4.2958695660947046e17
1.5468155876804224e16
1.511979066992295e17
3.4701578883849715e17
2.3609956800583904e16
4.8057783924619763e17
8.35300948378e12
2.9296429559375117e17
3.3461324127571248e16
1.2190235626775e13
7.500591701296326e16
1.4192081884940772e18
1.77236655307771e16
8.064583766415345e17
1.1526682145569624e18
4.272286767115706e17
6.315459330229596e17
4.201696442418253e16
3.18637218858e14
4.0879152918407155e17
2.5625785820112856e16
8.0974188717871e15
3.652715885481884e17
5.401738301575e13
6.43925338476745e15
2.351430227448598e16
9.36339222725023e15
1.0867186553499185e18
2.054860123594e14
3.974461215004301e17
1.55206408858338e18
3.551404097149389e17
4.5142860942653786e17
2.0369143546519677e17
2.2120471204658e14
1.8960022543113128e16
8.434906009383643e17
7.43678283132889e17
1.0667126890187162e18
4.38769124635e12
3.844713130046414e17
7.860227488006405e16
5.0180845821025e14
1.0607152562262452e18
1.2781611433036303e18
1.4300119838542088e17
6.846267965689025e15
1.77822318207433e18
3.7166535875652064e17
2.3895267165886502e17
1.4310333469215457e18
1.2715648872136124e16
2.7703275186880364e18
5.464160479459885e17
6.203924233604905e15
1.59408898950109e16
7.697437631892352e17
7.834489448743005e15
1.0945269742891812e18
1.4235562655183324e18
1.9768356174554767e18
3.947816255575e12
2.97199207577155e14
7.689576144e13
4.6884223240375e13
1.470772420618952e18
8.76069005969645e16
6.174674361128317e17
7.151830239994156e17
2.1207130675031804e16
1.5500745110528566e18
2.1192103653577912e18
4.191339368215456e17
4.07903711912075e14
3.3523586429101272e16
8.781197885155213e16
2.631941458086821e18
1.8221996778752774e17
8.146105321364344e17
3.5171379314880134e17
1.0091500020426528e18
1.1118487327418781e17
5.510808270725473e17
3.314065145290025e15
2.2993387279800448e16
8.8694881503025e14
6.7676799828875e13
1.1477192231038e14
3.2347667788745165e17
3.5130757425808e14
4.6193957107511904e16
1.7717187003914157e17
1.3076665254520873e18
3.30170446383375e14
1.067689868684665e16
1.1968154364767447e18
1.89911833125e11
1.0618759227366424e17
2.947417553878207e17
1.4039314671432222e17
6.3171983639448e14
2.551374496330727e18
1.2176984187694116e18
1.3529494004447656e16
1.6564967758261338e17
8.033209157353675e15
8.874419342686264e17
1.3821435157799452e18
7.0956687483522e15
7.371809551180475e15
1.0129989607842243e18
8.255760255070849e17
2.417932750012808e18
8.4670367925e10
2.51351741674875e15
9.153885590576816e16
9.230056774868e15
4.2232126236639e15
9.507290222869357e17
2.01960180277355e14
1.0550742693642047e18
8.257448510674125e15
2.2669307457474976e17
1.8197291639642225e18
2.0652566413813637e18
1.3628039882745501e17
5.1729766928663584e17
2.6255664647878493e17
7.361915952486368e17
1.8319785055731152e17
3.089890725e13
1.2138311778907377e18
2.8001073844448646e17
3.021918227393901e17
1.2570699058348293e18
7.63137788280307e16
1.8871837663797348e18
3.130976942398972e17
4.2819742707599e16
1.7211214554872407e18
1.2551947994600749e17
1.6274931694220956e18
4.88319305818998e15
6.75581984925e13
3.2910730267293696e17
2.2077265634798487e18
2.8422902569148476e16
4.715222328892685e16
1.1672458310687427e18
4.557361668235399e17
4.2471273703042957e17
1.44945238107838e15
7.780181380388725e15
2.287131728751939e18
9.814152417633334e17
5.969006769364119e17
1.6031086925304177e18
2.4091564758096358e17
2.33424743953e12
3.39744437206108e16
1.3410008168343656e16
1.59059915670256e17
2.992194203925e13
3.22064932850475e14
1.4177189218e11
9.927559576320166e17
6.294077239298801e17
4.431642902192528e17
2.0538457178524064e17
1.7799382832938621e18
1.3970142642465076e16
2.0834011548313298e18
8.21830601747193e15
2.481596872375e13
1.226267386711235e17
3.3448882082085e16
1.0181862212403538e17
2.9703893081157466e17
1.3538448792027e15
9.851846258818188e17
3.11232966113025e15
1.726864704047311e18
2.3939663871160965e18
4.83402667340175e14
2.41116845555e12
8.977822874905069e16
7.84355307047266e17
1.1988147254216886e17
4.094973568326505e16
2.412386151492276e18
9.412698644591081e17
1.0273914065078906e17
1.640596034048631e18
1.087550263593772e17
5.097717104533906e17
9.965579468667807e17
3.936367107258e13
1.62176793894555e14
2.1782041577571126e18
6.40380985593356e17
1.423702352463223e16
2.482408460585848e18
6.07119752655e11
1.637335619723245e16
5.94684298521346e16
1.9457308993497953e18
4.1107311293158925e17
2.3576154238662544e17
7.834287136962187e16
4.3689132150483654e17
2.78872293871079e16
1.0193334732523862e17
3.364944628014924e17
3.4329140119336563e17
2.26902164852528e17
4.0960528734241984e17
2.0875336277640243e17
2.3808305904322975e18
4.67925705e8
1.50214352652785e15
1.4818496308898268e18
6.603052302058e13
1.578551220720858e18
4.3646411706822464e17
7.333315631299523e16
9.604135942843432e17
1.6938002522737398e18
7.20268088536886e17
1.23051407118231e16
