6.618231682266519e17
2.750843846650183e17
1.919918977316458e18
1.6526778325239956e16
6.53742899590135e15
1.01583228828134e16
8.178995035792206e16
3.872746772803568e17
9.75948089486125e14
2.8999879037262624e17
1.2667534841924104e16
2.5895697000225e13
2.9576107102542086e17
2.54748739625e11
1.09704412931415e16
1.5722886894371008e18
4.7734292745447504e16
9.678418312327726e17
3.9991999000165e17
2.7278767980488e14
8.220427640914291e16
1.1515703518090813e17
2.305847124389753e17
2.401450833375e12
2.9892922570238752e16
2.7604360902141906e18
1.0434214453e11
1.1740571220907358e17
5.5493565025e10
2.7380569510036876e16
4.6241520492644864e16
1.3630731457629456e16
9.209176124749832e17
3.5719366302703974e17
4.5234768772272864e16
3.81847872375332e16
2.696276905104248e17
3.660943351692716e17
1.268383651664325e15
1.5180655630059612e18
2.1455709795471876e16
5.6554677457036496e16
4.4680386840953786e17
4.898078898349225e16
1.14842754495194e18
2.5412524366422672e16
1.4225201041341711e18
2.4069694402281776e17
2.325748667470532e16
1.1611847757591762e18
7.100785384097176e16
1.7833722074284303e18
2.8962184224583456e17
2.26385720887225e16
2.25271406182875e14
8.890427310592493e17
7.339188160654804e17
3.6099330022812104e16
1.684138755101176e18
1.274550701125e12
7.024050892120562e17
2.1995732774653624e16
2.243373485316375e18
3.619944618299629e17
2.90564902326298e17
3.096487782185e13
2.6273170855552563e17
4.42706027785073e15
2.5533015769182587e18
8.631185665515991e17
1.428301416935875e15
1.7362281241941734e18
2.0185277359115812e18
1.9514863034206147e17
2.7915457736029248e17
2.93788542006274e17
5.9272814850345e14
2.440835982327736e18
8.479834434855219e16
1.5468155876804224e16
2.1702772410397712e17
1.9203847671911494e17
3.561659266761801e17
1.98904664572715e15
3.0076296631145352e16
1.634976638173255e15
8.244385511989005e15
4.197269915396153e16
6.412923571131569e17
3.3656473967793e17
6.74837156515378e15
1.07374179778592e18
3.1543181545e11
8.123210235619375e15
4.2999829285e11
1.5235110443270052e18
3.604347054816105e15
1.1772804321599434e18
7.23297145756317e16
2.1239599522515e14
1.1377018399602042e18
8.889455307769613e16
2.4520367410079826e18
7.222598415118674e17
6.789088200405746e17
7.673031886088866e16
3.27209214247097e16
8.348444925677033e17
5.0708888811251776e16
7.796670399462886e16
2.5158989933250842e17
5.15360045500498e17
2.1456016584689555e17
1.1072620616555038e17
8.355553452194258e16
4.2588545531791155e17
4.610526265499685e17
1.0209311986661724e16
1.3166666662006232e17
3.492504656726019e17
3.566795172279755e17
2.1571773919619876e18
1.4722599542539302e18
4.9914740751015e14
4.5555974713128205e17
1.1668886430379297e18
6.230256641686513e17
1.1846200890802942e17
3.120568643255e12
1.0067668891292768e17
3.4080153723971776e17
7.14635538407348e15
4.513410192896804e17
1.6098453390140656e16
3.3095030001808e14
2.460379375677975e15
5.052833443929375e15
2.9984504465108368e16
6.5745510002978e14
1.187741475711853e18
1.659389587758896e17
8.745332779739334e16
1.5252566884447603e18
1.600337840051875e15
4.511658772553473e17
1.0714010125e11
1.5678268747737318e18
4.951286772924593e16
2.6083532701595e14
4.275649779331054e17
9.5612333051735e15
2.42936412334565e18
1.4042963023570301e17
2.1197691551724948e18
5.464160479459885e17
2.5936265207829818e17
1.4263168642553874e17
3.533146395581321e17
4.95409126661268e15
1.3982304698660337e18
2.60607289618947e18
6.922294655535675e15
5.9200726720295616e16
1.3359935841631876e16
4.1336423401316474e17
3.242822770954268e16
1.109577879e11
7.15442006879055e14
1.2571716536385824e16
1.1816007228371917e18
1.326632379727e14
2.22170955825e11
1.186548259802805e17
1.5832603821102136e18
1.4973771772328035e17
9.5612333051735e15
1.4837731739063437e18
1.737059863055e12
3.668434920182619e17
4.983858899037005e15
1.5132856264352297e18
1.9599193514097285e18
6.891974001021025e17
4.90802255107046e16
1.6024289891744492e18
1.109661251358375e15
4.908495460417881e17
7.30004556838985e15
1.27917004988e13
1.1521374896261814e18
3.4531649747176672e16
1.5794473928512225e18
1.2887095429879555e18
2.5083028473039237e18
1.1629313330436778e17
6.62695067553e14
2.53376037817165e18
3.7719791637038784e16
1.864736088316725e15
7.1184694609875e13
5.462634957792105e15
6.816293968625e12
7.550869717059803e16
1.9747151181715548e18
1.3384954443967924e16
1.57383046854e13
1.3845751699538e14
1.0328979692270899e18
2.8776871044830156e16
2.6539501575e10
2.7194504963750994e18
6.963231689791767e17
5.2923575786179315e17
1.93448814728438e16
5.629628466875e12
4.1971421068266566e17
5.1236749227111546e17
2.6625136992358336e17
4.636853576061488e16
2.712966413025e13
2.010519699751865e17
1.3807201785405e13
4.7435098425e11
2.576835269278096e18
7.917048181034275e16
1.478704847125355e17
4.67527464142105e14
1.1235236831e13
7.5413159311064e15
8.036413563450838e16
2.9050196010256646e17
3.06233340233955e15
6.399256642794602e17
2.03283792970787e16
2.6842558526905836e18
1.613102190399e15
3.902980434464201e16
2.2797454319241142e18
1.6511344472935075e17
8.038896631262963e17
1.3105512449714524e16
5.5465007437547206e17
2.6312801293588e14
6.903228920910575e15
5.0299283026101734e17
1.7769366684017338e17
1.9222310690145104e17
4.5297204610416896e16
9.89625142232763e15
2.2585728345388544e18
5.2138445921721606e17
5.727750063307263e16
2.367748925558406e18
3.2921504188017e15
3.80981523495298e15
2.546240947620962e18
5.41379292511727e17
1.6831983879859187e18
1.89911833125e11
2.6852566471517926e18
5.1217487291184256e17
7.458460217562888e17
9.801611873717413e17
1.2720537692687575e18
9.244214938149758e16
4.60718235073278e15
2.820876343513567e18
1.067689868684665e16
1.5602635919799524e18
6.90401290658821e17
1.2767992172905917e17
3.91715510079305e14
1.0193254788325e13
2.8566306063323e16
1.1155283173811629e17
2.1769499275896752e16
1.5531038034869256e16
2.1481320428017615e18
4.5344670355663066e17
1.4337142784402e17
3.911936370306734e17
1.689317819350784e18
5.9940244030675e14
9.21216696668391e17
7.237409203761586e16
8.052408514567302e17
1.2518440409323414e17
1.1784729632735776e16
6.5446799134623e16
4.346732787135993e17
6.10953644536825e15
2.7994951885626173e17
1.5755858613e12
9.359410436467488e16
2.4704768451553336e18
1.0829990460480364e18
2.9528691278881872e16
7.55079615927108e17
8.193944063671616e17
7.836926909206349e17
