2.334026051286025e17
1.8194799755999887e18
2.2679760164187747e17
1.4031453392300588e18
4.311944771325e12
1.059262164440933e16
1.46011552264705e15
2.270022931527619e18
1.8637031219259832e16
2.9494716084984556e16
4.1633982094e12
2.53971396384271e17
5.444979592041178e17
4.201290607524579e17
2.47100091255353e17
3.53413651756243e16
1.9444075201372552e16
1.1266218842881112e17
1.1607156987573104e17
3.541901284298845e17
7.886232204712702e16
3.77734880925625e14
6.391294362831692e17
1.2540513923993354e18
2.2657143518421e16
6.32673492005183e17
4.0879152918407155e17
4.520357506843295e16
4.05963986516223e15
1.780421711183354e17
7.496033456488565e16
2.69862733263783e18
1.023487840065995e16
1.252848563201421e17
1.813343854480889e17
1.7106293874280663e18
9.443123764334842e16
8.18435950336043e17
1.6734943204161363e17
6.2156069212292e16
2.56037688018822e18
1.26189281325e11
5.829825147477262e17
7.265060298769556e17
9.20162413855161e16
1.1068330713677929e18
8.836834740254e14
1.319450131886865e17
8.672564201973747e17
1.470000763113319e17
8.328395995938989e16
1.2716727865201915e18
9.332525252177376e16
5.615309652989811e17
1.6139617930925523e17
1.4632157203629542e17
3.40730398533035e15
2.852164071428482e18
2.580964723827e16
6.30518546943494e16
6.246223570717375e15
4.738201751129584e17
2.42890370395503e15
1.3927166877194455e18
5.23304238720775e15
1.6389826637462515e18
4.788064826887025e16
2.3966418125059248e16
8.203537039752417e17
6.37800907541988e15
1.721360471088746e18
1.454205566649831e17
1.39815974214843e15
2.913210070791174e17
9.924396170083067e17
1.850827439610027e18
1.704689398228122e18
6.577746617148605e15
1.1906367767428e14
4.3073763131173e14
2.4743472625659136e17
1.486983239669436e18
3.3685875069506076e16
8.076772819794292e17
7.677850040203965e17
2.5013357833844664e18
4.315007672497835e16
1.7615747461813604e16
6.316586210464242e17
6.035167251504676e17
5.502674237624467e17
1.61697628503494e18
1.6098453390140656e16
2.058141443015215e18
4.81848942777975e14
1.495846312462115e17
7.52798484166201e16
5.6425396520685e14
7.921797104069146e16
1.3311631094205123e18
2.5913150395382432e17
1.2970018431385144e18
1.236427261371748e18
7.9944056468005e13
4.5988272971542576e16
1.0653777339038444e18
4.932947920577503e16
4.0045160953265624e16
1.3649902201539932e18
1.706817687525e12
7.095099325650328e17
2.331226926609515e18
7.16834594974e14
2.373218393717662e18
1.583799811026459e17
2.189334596e11
1.341171903799656e17
5.0107642818278e15
2.2278705857171048e16
5.5281230301220365e17
6.897991484002508e17
5.938820855696614e17
8.112063263243227e17
4.4469532432853e14
5.569269801094395e16
2.8001073844448646e17
3.1190108036865274e17
5.501087151877575e15
2.1951650510900736e17
3.920597844098487e17
3.4915473244507448e16
1.4696231984543718e17
2.4673441079571604e18
2.3165578714855834e18
2.203404907775e14
1.2280562418739261e18
1.4151992429207824e16
3.550672433445493e17
1.2705303517347338e18
5.5493565025e10
1.5142943539281818e17
8.788927037990292e17
2.578041276608e13
8.82942227464903e17
2.3049320670466217e18
1.0107525011775076e16
2.5018031708781453e17
1.5364139208808e15
6.207690842014575e16
1.74777207091191e16
2.5079980153948832e17
1.995756226225993e17
2.645112664602418e18
6.74450314202178e16
8.6347889328465e14
1.681788575761083e18
7.22758424530512e17
5.84150683021323e17
6.629469862898627e16
1.4093071334694246e18
8.32901380663252e17
2.1251360562551904e16
1.6322645323951738e17
4.6198943921973e14
9.09579101227384e16
3.93823866247875e15
2.270022931527619e18
8.442405567231026e16
4.622997974913389e17
4.0579116260162816e17
1.451211449789203e17
1.1882844535834824e18
1.3041690537513126e18
1.12496245733375e14
1.8080449487084636e18
1.10816992291e13
1.6607474816266678e18
1.4973771772328035e17
1.2421647719401562e17
3.88184573633125e14
6.9108504823956e15
1.0911269007876422e18
2.4437992736149453e17
1.392308909161215e18
7.8312243191063e14
1.277478817681405e17
1.5008333175e11
1.2555302448817613e17
1.028017760503244e18
6.3235385481593e14
1.2563147671769344e18
4.0240538935423936e17
1.326045528290292e18
1.90212312902053e15
6.923005477125e12
2.1178138741554383e18
6.424803450713e15
1.55252297767008e15
4.90178936379455e14
4.1723155833476275e17
8.279188471098962e16
1.4825012633905562e17
1.901994812697833e17
6.063533334736292e17
2.3264293937267123e18
1.3774861733449912e18
2.250963538218241e18
2.16221158602823e15
5.62509075084855e14
2.1178138741554383e18
1.140931177536055e15
3.6162278470383e14
1.6235468417320656e16
1.3234922782120924e18
1.1314072737783679e18
3.30151371068e12
3.8198528333956456e16
6.019666421038125e15
1.775459013361875e16
1.557378992548145e18
9.1165264105e10
3.031004257208092e17
4.1634492988558e16
7.796861385117855e15
1.5069717207796522e17
4.611476634899868e16
2.3486802082645637e18
1.50851698670803e18
7.181563676749814e17
2.8655582999e13
1.1139940489843118e17
8.380441262367679e17
9.037391155701924e15
3.688280657583632e16
4.082711409320505e15
1.2412833143169774e18
6.945063192250356e17
7.377097112157165e17
3.8501366196125e13
1.2955872926500269e17
3.6535990525788e16
1.2033808086969052e18
6.048246894208594e17
1.1762022131617083e18
8.732755284421348e17
4.0401341725625e13
2.5475236078651986e18
5.2923575786179315e17
1.5415029680388966e17
1.0492909036571941e18
1.1164759925748262e18
5.274615369876164e17
7.2425359133e13
2.2398802993675523e17
4.26553038646778e15
2.0293234211909286e18
3.472821770611875e15
4.7318464718400134e17
1.3002912075040714e18
1.5083004984848975e18
1.01139137397805e14
1.119290563705e12
1.1553245900836884e18
1.279859555706967e17
1.9530782230314806e18
7.705477643125e12
1.7130097243728783e18
1.188174040490263e16
8.835202240024414e16
1.1834016246923e14
1.0123567043621668e18
1.73430102796275e14
5.212868742153354e17
1.1152671947362719e18
2.37540470880028e15
3.45012366024175e15
1.2674876220930312e18
1.2493458520734664e18
4.576801671407411e17
1.1699273557874675e18
1.683504602177415e17
2.1577399945698e14
2.0540448930837174e18
8.303764896016875e16
2.8339330802032634e17
1.5059206656016484e18
1.1648329714713533e17
5.37667120875e11
1.0781105237436436e18
2.08201466346043e15
6.985080914241906e17
1.7127715789578688e18
2.417928855944e14
2.1747840144691177e18
4.622106300385824e17
2.548165119682489e18
1.3563737383775552e18
4.384318545989631e17
1.4329072104893366e18
1.222308243823e13
