 29178 29178 29178 29178 29178
 114 114 114 114 114
 15995 15995 15995 15995 15995
 1306 1306 1306 1306 1306
 8922 8922 8922 8922 8922
 19234 19234 19234 19234 19234
 18919 18919 18919 18919 18919
 28072 28072 28072 28072 28072
 15876 15876 15876 15876 15876
 10033 10033 10033 10033 10033
 13443 13443 13443 13443 13443
 1168 1168 1168 1168 1168
 3097 3097 3097 3097 3097
 23054 23054 23054 23054 23054
 28117 28117 28117 28117 28117
 25572 25572 25572 25572 25572
 7847 7847 7847 7847 7847
 29512 29512 29512 29512 29512
 31889 31889 31889 31889 31889
 6323 6323 6323 6323 6323
 6849 6849 6849 6849 6849
 11312 11312 11312 11312 11312
 954 954 954 954 954
 14707 14707 14707 14707 14707
 16156 16156 16156 16156 16156
 1261 1261 1261 1261 1261
 8273 8273 8273 8273 8273
 16962 16962 16962 16962 16962
 10129 10129 10129 10129 10129
 11269 11269 11269 11269 11269
 7130 7130 7130 7130 7130
 12028 12028 12028 12028 12028
 12284 12284 12284 12284 12284
 1997 1997 1997 1997 1997
 12667 12667 12667 12667 12667
 15346 15346 15346 15346 15346
 14582 14582 14582 14582 14582
 20119 20119 20119 20119 20119
 13188 13188 13188 13188 13188
 14200 14200 14200 14200 14200
 15207 15207 15207 15207 15207
 2254 2254 2254 2254 2254
 15021 15021 15021 15021 15021
 18174 18174 18174 18174 18174
 27011 27011 27011 27011 27011
 12221 12221 12221 12221 12221
 24055 24055 24055 24055 24055
 5179 5179 5179 5179 5179
 13703 13703 13703 13703 13703
 22910 22910 22910 22910 22910
 30853 30853 30853 30853 30853
 27081 27081 27081 27081 27081
 16546 16546 16546 16546 16546
 23412 23412 23412 23412 23412
 7425 7425 7425 7425 7425
 21222 21222 21222 21222 21222
 2394 2394 2394 2394 2394
 30842 30842 30842 30842 30842
 16972 16972 16972 16972 16972
 17296 17296 17296 17296 17296
 23400 23400 23400 23400 23400
 5915 5915 5915 5915 5915
 5072 5072 5072 5072 5072
 18360 18360 18360 18360 18360
 10839 10839 10839 10839 10839
 14495 14495 14495 14495 14495
 21119 21119 21119 21119 21119
 15659 15659 15659 15659 15659
 28095 28095 28095 28095 28095
 11150 11150 11150 11150 11150
 2015 2015 2015 2015 2015
 20360 20360 20360 20360 20360
 8869 8869 8869 8869 8869
 15682 15682 15682 15682 15682
 19302 19302 19302 19302 19302
 9858 9858 9858 9858 9858
 20939 20939 20939 20939 20939
 1352 1352 1352 1352 1352
 18502 18502 18502 18502 18502
 10756 10756 10756 10756 10756
 1486 1486 1486 1486 1486
 13161 13161 13161 13161 13161
 27449 27449 27449 27449 27449
 9176 9176 9176 9176 9176
 23832 23832 23832 23832 23832
 26058 26058 26058 26058 26058
 20332 20332 20332 20332 20332
 22419 22419 22419 22419 22419
 11386 11386 11386 11386 11386
 3360 3360 3360 3360 3360
 20109 20109 20109 20109 20109
 10062 10062 10062 10062 10062
 7544 7544 7544 7544 7544
 19551 19551 19551 19551 19551
 2156 2156 2156 2156 2156
 7124 7124 7124 7124 7124
 9848 9848 9848 9848 9848
 7823 7823 7823 7823 7823
 25677 25677 25677 25677 25677
 3011 3011 3011 3011 3011
 19968 19968 19968 19968 19968
 28070 28070 28070 28070 28070
 19414 19414 19414 19414 19414
 20614 20614 20614 20614 20614
 16895 16895 16895 16895 16895
 3067 3067 3067 3067 3067
 9332 9332 9332 9332 9332
 24101 24101 24101 24101 24101
 23354 23354 23354 23354 23354
 25558 25558 25558 25558 25558
 1151 1151 1151 1151 1151
 19803 19803 19803 19803 19803
 13316 13316 13316 13316 13316
 3764 3764 3764 3764 3764
 25522 25522 25522 25522 25522
 26740 26740 26740 26740 26740
 15465 15465 15465 15465 15465
 7234 7234 7234 7234 7234
 29041 29041 29041 29041 29041
 19636 19636 19636 19636 19636
 17583 17583 17583 17583 17583
 27506 27506 27506 27506 27506
 8445 8445 8445 8445 8445
 32445 32445 32445 32445 32445
 21622 21622 21622 21622 21622
 7058 7058 7058 7058 7058
 8936 8936 8936 8936 8936
 23556 23556 23556 23556 23556
 7482 7482 7482 7482 7482
 25723 25723 25723 25723 25723
 27470 27470 27470 27470 27470
 29820 29820 29820 29820 29820
 1121 1121 1121 1121 1121
 3302 3302 3302 3302 3302
 2355 2355 2355 2355 2355
 2081 2081 2081 2081 2081
 27695 27695 27695 27695 27695
 13682 13682 13682 13682 13682
 22293 22293 22293 22293 22293
 23127 23127 23127 23127 23127
 9597 9597 9597 9597 9597
 28061 28061 28061 28061 28061
 30343 30343 30343 30343 30343
 20235 20235 20235 20235 20235
 3574 3574 3574 3574 3574
 10761 10761 10761 10761 10761
 13690 13690 13690 13690 13690
 32032 32032 32032 32032 32032
 16431 16431 16431 16431 16431
 23892 23892 23892 23892 23892
 19367 19367 19367 19367 19367
 25206 25206 25206 25206 25206
 14522 14522 14522 14522 14522
 21668 21668 21668 21668 21668
 6034 6034 6034 6034 6034
 9793 9793 9793 9793 9793
 4340 4340 4340 4340 4340
 2281 2281 2281 2281 2281
 2603 2603 2603 2603 2603
 18966 18966 18966 18966 18966
 3443 3443 3443 3443 3443
 11659 11659 11659 11659 11659
 16316 16316 16316 16316 16316
 26893 26893 26893 26893 26893
 3390 3390 3390 3390 3390
 8084 8084 8084 8084 8084
 26304 26304 26304 26304 26304
 525 525 525 525 525
 14356 14356 14356 14356 14356
 18530 18530 18530 18530 18530
 15394 15394 15394 15394 15394
 3987 3987 3987 3987 3987
 31784 31784 31784 31784 31784
 26418 26418 26418 26418 26418
 8577 8577 8577 8577 8577
 16044 16044 16044 16044 16044
 7529 7529 7529 7529 7529
 24409 24409 24409 24409 24409
 27268 27268 27268 27268 27268
 7299 7299 7299 7299 7299
 7369 7369 7369 7369 7369
 25230 25230 25230 25230 25230
 23972 23972 23972 23972 23972
 31360 31360 31360 31360 31360
 429 429 429 429 429
 5631 5631 5631 5631 5631
 13833 13833 13833 13833 13833
 7795 7795 7795 7795 7795
 6411 6411 6411 6411 6411
 24833 24833 24833 24833 24833
 2998 2998 2998 2998 2998
 25488 25488 25488 25488 25488
 7581 7581 7581 7581 7581
 17353 17353 17353 17353 17353
 29209 29209 29209 29209 29209
 30148 30148 30148 30148 30148
 15280 15280 15280 15280 15280
 21328 21328 21328 21328 21328
 18002 18002 18002 18002 18002
 23295 23295 23295 23295 23295
 16453 16453 16453 16453 16453
 1875 1875 1875 1875 1875
 26397 26397 26397 26397 26397
 18294 18294 18294 18294 18294
 18646 18646 18646 18646 18646
 26629 26629 26629 26629 26629
 13218 13218 13218 13218 13218
 29476 29476 29476 29476 29476
 18812 18812 18812 18812 18812
 11440 11440 11440 11440 11440
 28805 28805 28805 28805 28805
 14969 14969 14969 14969 14969
 28405 28405 28405 28405 28405
 6648 6648 6648 6648 6648
 2280 2280 2280 2280 2280
 19048 19048 19048 19048 19048
 30655 30655 30655 30655 30655
 10326 10326 10326 10326 10326
 11719 11719 11719 11719 11719
 26140 26140 26140 26140 26140
 20663 20663 20663 20663 20663
 20302 20302 20302 20302 20302
 4907 4907 4907 4907 4907
 7469 7469 7469 7469 7469
 30927 30927 30927 30927 30927
 25031 25031 25031 25031 25031
 22105 22105 22105 22105 22105
 28298 28298 28298 28298 28298
 17619 17619 17619 17619 17619
 983 983 983 983 983
 10797 10797 10797 10797 10797
 8558 8558 8558 8558 8558
 15882 15882 15882 15882 15882
 1860 1860 1860 1860 1860
 3369 3369 3369 3369 3369
 488 488 488 488 488
 25103 25103 25103 25103 25103
 22400 22400 22400 22400 22400
 20519 20519 20519 20519 20519
 16930 16930 16930 16930 16930
 29048 29048 29048 29048 29048
 8646 8646 8646 8646 8646
 30214 30214 30214 30214 30214
 7572 7572 7572 7572 7572
 1775 1775 1775 1775 1775
 14882 14882 14882 14882 14882
 10755 10755 10755 10755 10755
 14206 14206 14206 14206 14206
 18566 18566 18566 18566 18566
 4824 4824 4824 4824 4824
 25055 25055 25055 25055 25055
 5940 5940 5940 5940 5940
 28829 28829 28829 28829 28829
 31282 31282 31282 31282 31282
 3729 3729 3729 3729 3729
 991 991 991 991 991
 13766 13766 13766 13766 13766
 23667 23667 23667 23667 23667
 14798 14798 14798 14798 14798
 11313 11313 11313 11313 11313
 31342 31342 31342 31342 31342
 24771 24771 24771 24771 24771
 14238 14238 14238 14238 14238
 28462 28462 28462 28462 28462
 14442 14442 14442 14442 14442
 21250 21250 21250 21250 21250
 25127 25127 25127 25127 25127
 1992 1992 1992 1992 1992
 2838 2838 2838 2838 2838
 30552 30552 30552 30552 30552
 22497 22497 22497 22497 22497
 8687 8687 8687 8687 8687
 31567 31567 31567 31567 31567
 702 702 702 702 702
 8996 8996 8996 8996 8996
 12419 12419 12419 12419 12419
 29702 29702 29702 29702 29702
 20137 20137 20137 20137 20137
 17524 17524 17524 17524 17524
 13305 13305 13305 13305 13305
 20446 20446 20446 20446 20446
 10277 10277 10277 10277 10277
 14210 14210 14210 14210 14210
 19154 19154 19154 19154 19154
 19250 19250 19250 19250 19250
 17357 17357 17357 17357 17357
 20119 20119 20119 20119 20119
 16999 16999 16999 16999 16999
 31239 31239 31239 31239 31239
 117 117 117 117 117
 4951 4951 4951 4951 4951
 27747 27747 27747 27747 27747
 2267 2267 2267 2267 2267
 28189 28189 28189 28189 28189
 20441 20441 20441 20441 20441
 13087 13087 13087 13087 13087
 24896 24896 24896 24896 24896
 28690 28690 28690 28690 28690
 23168 23168 23168 23168 23168
 8376 8376 8376 8376 8376
