 17480 17480 17480 17480 17480
 29208 29208 29208 29208 29208
 17355 17355 17355 17355 17355
 27371 27371 27371 27371 27371
 1146 1146 1146 1146 1146
 8068 8068 8068 8068 8068
 4916 4916 4916 4916 4916
 30869 30869 30869 30869 30869
 9292 9292 9292 9292 9292
 10422 10422 10422 10422 10422
 1136 1136 1136 1136 1136
 17853 17853 17853 17853 17853
 21603 21603 21603 21603 21603
 20247 20247 20247 20247 20247
 17731 17731 17731 17731 17731
 10904 10904 10904 10904 10904
 9391 9391 9391 9391 9391
 14570 14570 14570 14570 14570
 14679 14679 14679 14679 14679
 19401 19401 19401 19401 19401
 13327 13327 13327 13327 13327
 3506 3506 3506 3506 3506
 22486 22486 22486 22486 22486
 26613 26613 26613 26613 26613
 9757 9757 9757 9757 9757
 22429 22429 22429 22429 22429
 20109 20109 20109 20109 20109
 11596 11596 11596 11596 11596
 6348 6348 6348 6348 6348
 16336 16336 16336 16336 16336
 13159 13159 13159 13159 13159
 32233 32233 32233 32233 32233
 7999 7999 7999 7999 7999
 14962 14962 14962 14962 14962
 16411 16411 16411 16411 16411
 28761 28761 28761 28761 28761
 13941 13941 13941 13941 13941
 23920 23920 23920 23920 23920
 16085 16085 16085 16085 16085
 12557 12557 12557 12557 12557
 31812 31812 31812 31812 31812
 474 474 474 474 474
 21975 21975 21975 21975 21975
 23218 23218 23218 23218 23218
 13851 13851 13851 13851 13851
 25795 25795 25795 25795 25795
 4336 4336 4336 4336 4336
 15157 15157 15157 15157 15157
 24269 24269 24269 24269 24269
 15572 15572 15572 15572 15572
 13510 13510 13510 13510 13510
 26706 26706 26706 26706 26706
 13900 13900 13900 13900 13900
 21770 21770 21770 21770 21770
 15940 15940 15940 15940 15940
 15554 15554 15554 15554 15554
 6076 6076 6076 6076 6076
 32682 32682 32682 32682 32682
 10080 10080 10080 10080 10080
 12602 12602 12602 12602 12602
 7070 7070 7070 7070 7070
 20865 20865 20865 20865 20865
 5583 5583 5583 5583 5583
 27320 27320 27320 27320 27320
 6764 6764 6764 6764 6764
 28455 28455 28455 28455 28455
 11764 11764 11764 11764 11764
 9895 9895 9895 9895 9895
 23934 23934 23934 23934 23934
 7107 7107 7107 7107 7107
 28806 28806 28806 28806 28806
 15530 15530 15530 15530 15530
 4863 4863 4863 4863 4863
 18476 18476 18476 18476 18476
 25101 25101 25101 25101 25101
 29333 29333 29333 29333 29333
 28736 28736 28736 28736 28736
 7162 7162 7162 7162 7162
 2627 2627 2627 2627 2627
 3623 3623 3623 3623 3623
 17737 17737 17737 17737 17737
 27771 27771 27771 27771 27771
 10774 10774 10774 10774 10774
 23841 23841 23841 23841 23841
 23541 23541 23541 23541 23541
 31627 31627 31627 31627 31627
 11462 11462 11462 11462 11462
 9162 9162 9162 9162 9162
 22420 22420 22420 22420 22420
 22166 22166 22166 22166 22166
 21660 21660 21660 21660 21660
 28359 28359 28359 28359 28359
 8958 8958 8958 8958 8958
 30122 30122 30122 30122 30122
 3726 3726 3726 3726 3726
 15640 15640 15640 15640 15640
 13173 13173 13173 13173 13173
 3876 3876 3876 3876 3876
 13342 13342 13342 13342 13342
 27013 27013 27013 27013 27013
 17943 17943 17943 17943 17943
 26838 26838 26838 26838 26838
 26519 26519 26519 26519 26519
 2378 2378 2378 2378 2378
 11646 11646 11646 11646 11646
 25550 25550 25550 25550 25550
 11852 11852 11852 11852 11852
 11250 11250 11250 11250 11250
 27183 27183 27183 27183 27183
 909 909 909 909 909
 23081 23081 23081 23081 23081
 31075 31075 31075 31075 31075
 4115 4115 4115 4115 4115
 31214 31214 31214 31214 31214
 15865 15865 15865 15865 15865
 544 544 544 544 544
 15219 15219 15219 15219 15219
 6691 6691 6691 6691 6691
 9716 9716 9716 9716 9716
 21685 21685 21685 21685 21685
 22919 22919 22919 22919 22919
 22077 22077 22077 22077 22077
 23867 23867 23867 23867 23867
 3652 3652 3652 3652 3652
 12217 12217 12217 12217 12217
 18294 18294 18294 18294 18294
 18794 18794 18794 18794 18794
 6849 6849 6849 6849 6849
 17214 17214 17214 17214 17214
 19900 19900 19900 19900 19900
 10871 10871 10871 10871 10871
 15571 15571 15571 15571 15571
 31519 31519 31519 31519 31519
 31026 31026 31026 31026 31026
 3064 3064 3064 3064 3064
 26474 26474 26474 26474 26474
 8674 8674 8674 8674 8674
 19413 19413 19413 19413 19413
 26700 26700 26700 26700 26700
 386 386 386 386 386
 15688 15688 15688 15688 15688
 24350 24350 24350 24350 24350
 1792 1792 1792 1792 1792
 24378 24378 24378 24378 24378
 30987 30987 30987 30987 30987
 7974 7974 7974 7974 7974
 17786 17786 17786 17786 17786
 4979 4979 4979 4979 4979
 12553 12553 12553 12553 12553
 9144 9144 9144 9144 9144
 17797 17797 17797 17797 17797
 16809 16809 16809 16809 16809
 32072 32072 32072 32072 32072
 12816 12816 12816 12816 12816
 4311 4311 4311 4311 4311
 28639 28639 28639 28639 28639
 23188 23188 23188 23188 23188
 21986 21986 21986 21986 21986
 12761 12761 12761 12761 12761
 27401 27401 27401 27401 27401
 24025 24025 24025 24025 24025
 9602 9602 9602 9602 9602
 15985 15985 15985 15985 15985
 3687 3687 3687 3687 3687
 13811 13811 13811 13811 13811
 6300 6300 6300 6300 6300
 30869 30869 30869 30869 30869
 13556 13556 13556 13556 13556
 20737 20737 20737 20737 20737
 20072 20072 20072 20072 20072
 15522 15522 15522 15522 15522
 26257 26257 26257 26257 26257
 26875 26875 26875 26875 26875
 2590 2590 2590 2590 2590
 29162 29162 29162 29162 29162
 1451 1451 1451 1451 1451
 28549 28549 28549 28549 28549
 15644 15644 15644 15644 15644
 14930 14930 14930 14930 14930
 3530 3530 3530 3530 3530
 7251 7251 7251 7251 7251
 25703 25703 25703 25703 25703
 17682 17682 17682 17682 17682
 27318 27318 27318 27318 27318
 4207 4207 4207 4207 4207
 15035 15035 15035 15035 15035
 495 495 495 495 495
 14970 14970 14970 14970 14970
 25323 25323 25323 25323 25323
 3988 3988 3988 3988 3988
 26625 26625 26625 26625 26625
 20030 20030 20030 20030 20030
 26987 26987 26987 26987 26987
 5252 5252 5252 5252 5252
 1290 1290 1290 1290 1290
 30338 30338 30338 30338 30338
 7120 7120 7120 7120 7120
 4992 4992 4992 4992 4992
 3742 3742 3742 3742 3742
 20212 20212 20212 20212 20212
 13490 13490 13490 13490 13490
 15605 15605 15605 15605 15605
 16608 16608 16608 16608 16608
 22192 22192 22192 22192 22192
 31059 31059 31059 31059 31059
 27245 27245 27245 27245 27245
 30804 30804 30804 30804 30804
 5423 5423 5423 5423 5423
 3873 3873 3873 3873 3873
 30338 30338 30338 30338 30338
 4622 4622 4622 4622 4622
 3468 3468 3468 3468 3468
 8977 8977 8977 8977 8977
 26974 26974 26974 26974 26974
 25937 25937 25937 25937 25937
 1072 1072 1072 1072 1072
 11118 11118 11118 11118 11118
 7005 7005 7005 7005 7005
 9180 9180 9180 9180 9180
 28094 28094 28094 28094 28094
 437 437 437 437 437
 18660 18660 18660 18660 18660
 11360 11360 11360 11360 11360
 7473 7473 7473 7473 7473
 15669 15669 15669 15669 15669
 11654 11654 11654 11654 11654
 31133 31133 31133 31133 31133
 27871 27871 27871 27871 27871
 23151 23151 23151 23151 23151
 1840 1840 1840 1840 1840
 14529 14529 14529 14529 14529
 24062 24062 24062 24062 24062
 7754 7754 7754 7754 7754
 11021 11021 11021 11021 11021
 6357 6357 6357 6357 6357
 26545 26545 26545 26545 26545
 22958 22958 22958 22958 22958
 23307 23307 23307 23307 23307
 1981 1981 1981 1981 1981
 15088 15088 15088 15088 15088
 10995 10995 10995 10995 10995
 26340 26340 26340 26340 26340
 22178 22178 22178 22178 22178
 26190 26190 26190 26190 26190
 24311 24311 24311 24311 24311
 2005 2005 2005 2005 2005
 31772 31772 31772 31772 31772
 21450 21450 21450 21450 21450
 15758 15758 15758 15758 15758
 25453 25453 25453 25453 25453
 25851 25851 25851 25851 25851
 21432 21432 21432 21432 21432
 2320 2320 2320 2320 2320
 17301 17301 17301 17301 17301
 6427 6427 6427 6427 6427
 30016 30016 30016 30016 30016
 6105 6105 6105 6105 6105
 20858 20858 20858 20858 20858
 26855 26855 26855 26855 26855
 27870 27870 27870 27870 27870
 2522 2522 2522 2522 2522
 818 818 818 818 818
 26073 26073 26073 26073 26073
 15042 15042 15042 15042 15042
 29730 29730 29730 29730 29730
 1325 1325 1325 1325 1325
 28771 28771 28771 28771 28771
 8303 8303 8303 8303 8303
 13711 13711 13711 13711 13711
 2623 2623 2623 2623 2623
 25226 25226 25226 25226 25226
 2886 2886 2886 2886 2886
 21369 21369 21369 21369 21369
 25844 25844 25844 25844 25844
 5552 5552 5552 5552 5552
 6095 6095 6095 6095 6095
 26684 26684 26684 26684 26684
 26588 26588 26588 26588 26588
 20685 20685 20685 20685 20685
 26155 26155 26155 26155 26155
 16109 16109 16109 16109 16109
 3048 3048 3048 3048 3048
 30107 30107 30107 30107 30107
 13500 13500 13500 13500 13500
 18349 18349 18349 18349 18349
 27859 27859 27859 27859 27859
 14692 14692 14692 14692 14692
 681 681 681 681 681
 25626 25626 25626 25626 25626
 5372 5372 5372 5372 5372
 22991 22991 22991 22991 22991
 28770 28770 28770 28770 28770
 3136 3136 3136 3136 3136
 30540 30540 30540 30540 30540
 20736 20736 20736 20736 20736
 31774 31774 31774 31774 31774
 27140 27140 27140 27140 27140
 20464 20464 20464 20464 20464
 27515 27515 27515 27515 27515
 1487 1487 1487 1487 1487
