 11909 11909 11909 11909 11909
 24657 24657 24657 24657 24657
 8013 8013 8013 8013 8013
 12824 12824 12824 12824 12824
 27737 27737 27737 27737 27737
 28298 28298 28298 28298 28298
 27560 27560 27560 27560 27560
 15069 15069 15069 15069 15069
 24638 24638 24638 24638 24638
 14468 14468 14468 14468 14468
 813 813 813 813 813
 18916 18916 18916 18916 18916
 22230 22230 22230 22230 22230
 10220 10220 10220 10220 10220
 9325 9325 9325 9325 9325
 13313 13313 13313 13313 13313
 20158 20158 20158 20158 20158
 15756 15756 15756 15756 15756
 27507 27507 27507 27507 27507
 5430 5430 5430 5430 5430
 19092 19092 19092 19092 19092
 27452 27452 27452 27452 27452
 21620 21620 21620 21620 21620
 17996 17996 17996 17996 17996
 20236 20236 20236 20236 20236
 31244 31244 31244 31244 31244
 23019 23019 23019 23019 23019
 10646 10646 10646 10646 10646
 23731 23731 23731 23731 23731
 5740 5740 5740 5740 5740
 15082 15082 15082 15082 15082
 8745 8745 8745 8745 8745
 20524 20524 20524 20524 20524
 11915 11915 11915 11915 11915
 27343 27343 27343 27343 27343
 29647 29647 29647 29647 29647
 15663 15663 15663 15663 15663
 1896 1896 1896 1896 1896
 28584 28584 28584 28584 28584
 14285 14285 14285 14285 14285
 9845 9845 9845 9845 9845
 30321 30321 30321 30321 30321
 20023 20023 20023 20023 20023
 17839 17839 17839 17839 17839
 356 356 356 356 356
 6875 6875 6875 6875 6875
 21248 21248 21248 21248 21248
 17685 17685 17685 17685 17685
 7337 7337 7337 7337 7337
 27636 27636 27636 27636 27636
 13443 13443 13443 13443 13443
 10856 10856 10856 10856 10856
 18516 18516 18516 18516 18516
 19263 19263 19263 19263 19263
 29232 29232 29232 29232 29232
 31015 31015 31015 31015 31015
 14035 14035 14035 14035 14035
 32641 32641 32641 32641 32641
 18081 18081 18081 18081 18081
 18567 18567 18567 18567 18567
 14913 14913 14913 14913 14913
 14225 14225 14225 14225 14225
 26539 26539 26539 26539 26539
 13370 13370 13370 13370 13370
 7788 7788 7788 7788 7788
 28802 28802 28802 28802 28802
 16887 16887 16887 16887 16887
 907 907 907 907 907
 26159 26159 26159 26159 26159
 26824 26824 26824 26824 26824
 22853 22853 22853 22853 22853
 878 878 878 878 878
 691 691 691 691 691
 3657 3657 3657 3657 3657
 3579 3579 3579 3579 3579
 1177 1177 1177 1177 1177
 4967 4967 4967 4967 4967
 8690 8690 8690 8690 8690
 21755 21755 21755 21755 21755
 27536 27536 27536 27536 27536
 28516 28516 28516 28516 28516
 22879 22879 22879 22879 22879
 3910 3910 3910 3910 3910
 5469 5469 5469 5469 5469
 19967 19967 19967 19967 19967
 32440 32440 32440 32440 32440
 16234 16234 16234 16234 16234
 9223 9223 9223 9223 9223
 32129 32129 32129 32129 32129
 26158 26158 26158 26158 26158
 4455 4455 4455 4455 4455
 10284 10284 10284 10284 10284
 11553 11553 11553 11553 11553
 8629 8629 8629 8629 8629
 16034 16034 16034 16034 16034
 12917 12917 12917 12917 12917
 18654 18654 18654 18654 18654
 5789 5789 5789 5789 5789
 20847 20847 20847 20847 20847
 2492 2492 2492 2492 2492
 28561 28561 28561 28561 28561
 25467 25467 25467 25467 25467
 24441 24441 24441 24441 24441
 18579 18579 18579 18579 18579
 31975 31975 31975 31975 31975
 16712 16712 16712 16712 16712
 32276 32276 32276 32276 32276
 693 693 693 693 693
 27896 27896 27896 27896 27896
 21834 21834 21834 21834 21834
 19142 19142 19142 19142 19142
 12652 12652 12652 12652 12652
 27072 27072 27072 27072 27072
 961 961 961 961 961
 11676 11676 11676 11676 11676
 4151 4151 4151 4151 4151
 24792 24792 24792 24792 24792
 15984 15984 15984 15984 15984
 20734 20734 20734 20734 20734
 9391 9391 9391 9391 9391
 11194 11194 11194 11194 11194
 4837 4837 4837 4837 4837
 10316 10316 10316 10316 10316
 21420 21420 21420 21420 21420
 27021 27021 27021 27021 27021
 24426 24426 24426 24426 24426
 20018 20018 20018 20018 20018
 2633 2633 2633 2633 2633
 25729 25729 25729 25729 25729
 6087 6087 6087 6087 6087
 22923 22923 22923 22923 22923
 20822 20822 20822 20822 20822
 10900 10900 10900 10900 10900
 11910 11910 11910 11910 11910
 10540 10540 10540 10540 10540
 10819 10819 10819 10819 10819
 25834 25834 25834 25834 25834
 5810 5810 5810 5810 5810
 11827 11827 11827 11827 11827
 21230 21230 21230 21230 21230
 25546 25546 25546 25546 25546
 6174 6174 6174 6174 6174
 8934 8934 8934 8934 8934
 18536 18536 18536 18536 18536
 25096 25096 25096 25096 25096
 7670 7670 7670 7670 7670
 8738 8738 8738 8738 8738
 17738 17738 17738 17738 17738
 13228 13228 13228 13228 13228
 2022 2022 2022 2022 2022
 26863 26863 26863 26863 26863
 22611 22611 22611 22611 22611
 2258 2258 2258 2258 2258
 22425 22425 22425 22425 22425
 16556 16556 16556 16556 16556
 6727 6727 6727 6727 6727
 28690 28690 28690 28690 28690
 20042 20042 20042 20042 20042
 14437 14437 14437 14437 14437
 19590 19590 19590 19590 19590
 15452 15452 15452 15452 15452
 32137 32137 32137 32137 32137
 23868 23868 23868 23868 23868
 17900 17900 17900 17900 17900
 11445 11445 11445 11445 11445
 15688 15688 15688 15688 15688
 8441 8441 8441 8441 8441
 22649 22649 22649 22649 22649
 15067 15067 15067 15067 15067
 10226 10226 10226 10226 10226
 22862 22862 22862 22862 22862
 27030 27030 27030 27030 27030
 20637 20637 20637 20637 20637
 18195 18195 18195 18195 18195
 27141 27141 27141 27141 27141
 19026 19026 19026 19026 19026
 722 722 722 722 722
 26672 26672 26672 26672 26672
 29431 29431 29431 29431 29431
 23896 23896 23896 23896 23896
 5720 5720 5720 5720 5720
 18017 18017 18017 18017 18017
 22142 22142 22142 22142 22142
 14081 14081 14081 14081 14081
 21758 21758 21758 21758 21758
 19912 19912 19912 19912 19912
 24037 24037 24037 24037 24037
 16124 16124 16124 16124 16124
 16126 16126 16126 16126 16126
 21773 21773 21773 21773 21773
 31877 31877 31877 31877 31877
 19832 19832 19832 19832 19832
 23783 23783 23783 23783 23783
 32631 32631 32631 32631 32631
 10822 10822 10822 10822 10822
 7780 7780 7780 7780 7780
 24284 24284 24284 24284 24284
 29763 29763 29763 29763 29763
 13978 13978 13978 13978 13978
 31777 31777 31777 31777 31777
 12680 12680 12680 12680 12680
 11407 11407 11407 11407 11407
 31905 31905 31905 31905 31905
 3241 3241 3241 3241 3241
 31139 31139 31139 31139 31139
 24865 24865 24865 24865 24865
 29017 29017 29017 29017 29017
 15817 15817 15817 15817 15817
 29987 29987 29987 29987 29987
 31923 31923 31923 31923 31923
 1060 1060 1060 1060 1060
 709 709 709 709 709
 31623 31623 31623 31623 31623
 32634 32634 32634 32634 32634
 23310 23310 23310 23310 23310
 10364 10364 10364 10364 10364
 4767 4767 4767 4767 4767
 17077 17077 17077 17077 17077
 8607 8607 8607 8607 8607
 1327 1327 1327 1327 1327
 6857 6857 6857 6857 6857
 18615 18615 18615 18615 18615
 12207 12207 12207 12207 12207
 18028 18028 18028 18028 18028
 13480 13480 13480 13480 13480
 19915 19915 19915 19915 19915
 27763 27763 27763 27763 27763
 10463 10463 10463 10463 10463
 4243 4243 4243 4243 4243
 18947 18947 18947 18947 18947
 24599 24599 24599 24599 24599
 16301 16301 16301 16301 16301
 5724 5724 5724 5724 5724
 14583 14583 14583 14583 14583
 6842 6842 6842 6842 6842
 1196 1196 1196 1196 1196
 2841 2841 2841 2841 2841
 28117 28117 28117 28117 28117
 26061 26061 26061 26061 26061
 19041 19041 19041 19041 19041
 32035 32035 32035 32035 32035
 22466 22466 22466 22466 22466
 17401 17401 17401 17401 17401
 18049 18049 18049 18049 18049
 32682 32682 32682 32682 32682
 13409 13409 13409 13409 13409
 4577 4577 4577 4577 4577
 7853 7853 7853 7853 7853
 9549 9549 9549 9549 9549
 2864 2864 2864 2864 2864
 19034 19034 19034 19034 19034
 32331 32331 32331 32331 32331
 18645 18645 18645 18645 18645
 21766 21766 21766 21766 21766
 13757 13757 13757 13757 13757
 24178 24178 24178 24178 24178
 26203 26203 26203 26203 26203
 9902 9902 9902 9902 9902
 10606 10606 10606 10606 10606
 7891 7891 7891 7891 7891
 21674 21674 21674 21674 21674
 9780 9780 9780 9780 9780
 27549 27549 27549 27549 27549
 24980 24980 24980 24980 24980
 1027 1027 1027 1027 1027
 9850 9850 9850 9850 9850
 15751 15751 15751 15751 15751
 7374 7374 7374 7374 7374
 23085 23085 23085 23085 23085
 3721 3721 3721 3721 3721
 27652 27652 27652 27652 27652
 22892 22892 22892 22892 22892
 26053 26053 26053 26053 26053
 8829 8829 8829 8829 8829
 27430 27430 27430 27430 27430
 12437 12437 12437 12437 12437
 9621 9621 9621 9621 9621
 2891 2891 2891 2891 2891
 3186 3186 3186 3186 3186
 27016 27016 27016 27016 27016
 12589 12589 12589 12589 12589
 21634 21634 21634 21634 21634
 31282 31282 31282 31282 31282
 1323 1323 1323 1323 1323
 10166 10166 10166 10166 10166
 23364 23364 23364 23364 23364
 9002 9002 9002 9002 9002
 27773 27773 27773 27773 27773
 20900 20900 20900 20900 20900
 15563 15563 15563 15563 15563
 24687 24687 24687 24687 24687
 28474 28474 28474 28474 28474
 30552 30552 30552 30552 30552
 31299 31299 31299 31299 31299
 8933 8933 8933 8933 8933
 7578 7578 7578 7578 7578
 13738 13738 13738 13738 13738
 23916 23916 23916 23916 23916
 2092 2092 2092 2092 2092
 15165 15165 15165 15165 15165
