 23448 23448 23448 23448 23448
 30781 30781 30781 30781 30781
 9443 9443 9443 9443 9443
 23371 23371 23371 23371 23371
 16740 16740 16740 16740 16740
 13356 13356 13356 13356 13356
 28918 28918 28918 28918 28918
 23527 23527 23527 23527 23527
 22230 22230 22230 22230 22230
 9926 9926 9926 9926 9926
 13459 13459 13459 13459 13459
 23821 23821 23821 23821 23821
 17808 17808 17808 17808 17808
 13003 13003 13003 13003 13003
 22717 22717 22717 22717 22717
 6735 6735 6735 6735 6735
 30304 30304 30304 30304 30304
 22439 22439 22439 22439 22439
 18581 18581 18581 18581 18581
 22030 22030 22030 22030 22030
 27754 27754 27754 27754 27754
 27402 27402 27402 27402 27402
 1582 1582 1582 1582 1582
 144 144 144 144 144
 5180 5180 5180 5180 5180
 12020 12020 12020 12020 12020
 20659 20659 20659 20659 20659
 16027 16027 16027 16027 16027
 31401 31401 31401 31401 31401
 16620 16620 16620 16620 16620
 3478 3478 3478 3478 3478
 11421 11421 11421 11421 11421
 8760 8760 8760 8760 8760
 16529 16529 16529 16529 16529
 15893 15893 15893 15893 15893
 31202 31202 31202 31202 31202
 8369 8369 8369 8369 8369
 25365 25365 25365 25365 25365
 11320 11320 11320 11320 11320
 13317 13317 13317 13317 13317
 25222 25222 25222 25222 25222
 5774 5774 5774 5774 5774
 6771 6771 6771 6771 6771
 8316 8316 8316 8316 8316
 24224 24224 24224 24224 24224
 6782 6782 6782 6782 6782
 26457 26457 26457 26457 26457
 20035 20035 20035 20035 20035
 17092 17092 17092 17092 17092
 7677 7677 7677 7677 7677
 29718 29718 29718 29718 29718
 1803 1803 1803 1803 1803
 10786 10786 10786 10786 10786
 23080 23080 23080 23080 23080
 5934 5934 5934 5934 5934
 2673 2673 2673 2673 2673
 22807 22807 22807 22807 22807
 20834 20834 20834 20834 20834
 8061 8061 8061 8061 8061
 7816 7816 7816 7816 7816
 9153 9153 9153 9153 9153
 4971 4971 4971 4971 4971
 6462 6462 6462 6462 6462
 31154 31154 31154 31154 31154
 26691 26691 26691 26691 26691
 25663 25663 25663 25663 25663
 2807 2807 2807 2807 2807
 5410 5410 5410 5410 5410
 18147 18147 18147 18147 18147
 15548 15548 15548 15548 15548
 13810 13810 13810 13810 13810
 27821 27821 27821 27821 27821
 7235 7235 7235 7235 7235
 19225 19225 19225 19225 19225
 2381 2381 2381 2381 2381
 18762 18762 18762 18762 18762
 26202 26202 26202 26202 26202
 20074 20074 20074 20074 20074
 17339 17339 17339 17339 17339
 28045 28045 28045 28045 28045
 32713 32713 32713 32713 32713
 5806 5806 5806 5806 5806
 11365 11365 11365 11365 11365
 21666 21666 21666 21666 21666
 8557 8557 8557 8557 8557
 16196 16196 16196 16196 16196
 22597 22597 22597 22597 22597
 28082 28082 28082 28082 28082
 30407 30407 30407 30407 30407
 24802 24802 24802 24802 24802
 22781 22781 22781 22781 22781
 6355 6355 6355 6355 6355
 29853 29853 29853 29853 29853
 9739 9739 9739 9739 9739
 18019 18019 18019 18019 18019
 20531 20531 20531 20531 20531
 27003 27003 27003 27003 27003
 13075 13075 13075 13075 13075
 18139 18139 18139 18139 18139
 3030 3030 3030 3030 3030
 20468 20468 20468 20468 20468
 29344 29344 29344 29344 29344
 8521 8521 8521 8521 8521
 454 454 454 454 454
 16727 16727 16727 16727 16727
 318 318 318 318 318
 12172 12172 12172 12172 12172
 15702 15702 15702 15702 15702
 12077 12077 12077 12077 12077
 24303 24303 24303 24303 24303
 21466 21466 21466 21466 21466
 22744 22744 22744 22744 22744
 7036 7036 7036 7036 7036
 5602 5602 5602 5602 5602
 30956 30956 30956 30956 30956
 30383 30383 30383 30383 30383
 14056 14056 14056 14056 14056
 4379 4379 4379 4379 4379
 18289 18289 18289 18289 18289
 28013 28013 28013 28013 28013
 17463 17463 17463 17463 17463
 20897 20897 20897 20897 20897
 30639 30639 30639 30639 30639
 12393 12393 12393 12393 12393
 31646 31646 31646 31646 31646
 30554 30554 30554 30554 30554
 22071 22071 22071 22071 22071
 28282 28282 28282 28282 28282
 24005 24005 24005 24005 24005
 32688 32688 32688 32688 32688
 12093 12093 12093 12093 12093
 29152 29152 29152 29152 29152
 19465 19465 19465 19465 19465
 11475 11475 11475 11475 11475
 6483 6483 6483 6483 6483
 28826 28826 28826 28826 28826
 19723 19723 19723 19723 19723
 22964 22964 22964 22964 22964
 1795 1795 1795 1795 1795
 6140 6140 6140 6140 6140
 28002 28002 28002 28002 28002
 26206 26206 26206 26206 26206
 24988 24988 24988 24988 24988
 388 388 388 388 388
 22371 22371 22371 22371 22371
 28140 28140 28140 28140 28140
 19642 19642 19642 19642 19642
 6127 6127 6127 6127 6127
 6345 6345 6345 6345 6345
 27190 27190 27190 27190 27190
 21343 21343 21343 21343 21343
 10016 10016 10016 10016 10016
 30989 30989 30989 30989 30989
 24927 24927 24927 24927 24927
 19176 19176 19176 19176 19176
 30493 30493 30493 30493 30493
 17458 17458 17458 17458 17458
 25944 25944 25944 25944 25944
 13179 13179 13179 13179 13179
 9936 9936 9936 9936 9936
 31888 31888 31888 31888 31888
 30194 30194 30194 30194 30194
 4459 4459 4459 4459 4459
 16771 16771 16771 16771 16771
 22547 22547 22547 22547 22547
 31891 31891 31891 31891 31891
 23254 23254 23254 23254 23254
 26564 26564 26564 26564 26564
 16550 16550 16550 16550 16550
 9200 9200 9200 9200 9200
 11830 11830 11830 11830 11830
 1221 1221 1221 1221 1221
 29291 29291 29291 29291 29291
 8770 8770 8770 8770 8770
 22238 22238 22238 22238 22238
 17588 17588 17588 17588 17588
 9059 9059 9059 9059 9059
 25641 25641 25641 25641 25641
 1529 1529 1529 1529 1529
 31342 31342 31342 31342 31342
 27045 27045 27045 27045 27045
 28984 28984 28984 28984 28984
 22670 22670 22670 22670 22670
 32183 32183 32183 32183 32183
 14689 14689 14689 14689 14689
 13358 13358 13358 13358 13358
 78 78 78 78 78
 10766 10766 10766 10766 10766
 16002 16002 16002 16002 16002
 3003 3003 3003 3003 3003
 17759 17759 17759 17759 17759
 12385 12385 12385 12385 12385
 3622 3622 3622 3622 3622
 15410 15410 15410 15410 15410
 17586 17586 17586 17586 17586
 15641 15641 15641 15641 15641
 27970 27970 27970 27970 27970
 14878 14878 14878 14878 14878
 18594 18594 18594 18594 18594
 18384 18384 18384 18384 18384
 20280 20280 20280 20280 20280
 3513 3513 3513 3513 3513
 4670 4670 4670 4670 4670
 17372 17372 17372 17372 17372
 23597 23597 23597 23597 23597
 24764 24764 24764 24764 24764
 9209 9209 9209 9209 9209
 3596 3596 3596 3596 3596
 1217 1217 1217 1217 1217
 24078 24078 24078 24078 24078
 9186 9186 9186 9186 9186
 1979 1979 1979 1979 1979
 14142 14142 14142 14142 14142
 3763 3763 3763 3763 3763
 13663 13663 13663 13663 13663
 20093 20093 20093 20093 20093
 5004 5004 5004 5004 5004
 30454 30454 30454 30454 30454
 15789 15789 15789 15789 15789
 1841 1841 1841 1841 1841
 32457 32457 32457 32457 32457
 28947 28947 28947 28947 28947
 27088 27088 27088 27088 27088
 8972 8972 8972 8972 8972
 9428 9428 9428 9428 9428
 4981 4981 4981 4981 4981
 11617 11617 11617 11617 11617
 24554 24554 24554 24554 24554
 9034 9034 9034 9034 9034
 5484 5484 5484 5484 5484
 1581 1581 1581 1581 1581
 19836 19836 19836 19836 19836
 10136 10136 10136 10136 10136
 18437 18437 18437 18437 18437
 32032 32032 32032 32032 32032
 24681 24681 24681 24681 24681
 21866 21866 21866 21866 21866
 26094 26094 26094 26094 26094
 4979 4979 4979 4979 4979
 12563 12563 12563 12563 12563
 4783 4783 4783 4783 4783
 16401 16401 16401 16401 16401
 15828 15828 15828 15828 15828
 22647 22647 22647 22647 22647
 16142 16142 16142 16142 16142
 28581 28581 28581 28581 28581
 32505 32505 32505 32505 32505
 27578 27578 27578 27578 27578
 8343 8343 8343 8343 8343
 18973 18973 18973 18973 18973
 1790 1790 1790 1790 1790
 15693 15693 15693 15693 15693
 18750 18750 18750 18750 18750
 15266 15266 15266 15266 15266
 23312 23312 23312 23312 23312
 8323 8323 8323 8323 8323
 15634 15634 15634 15634 15634
 4208 4208 4208 4208 4208
 29061 29061 29061 29061 29061
 2616 2616 2616 2616 2616
 758 758 758 758 758
 8711 8711 8711 8711 8711
 7453 7453 7453 7453 7453
 4206 4206 4206 4206 4206
 18855 18855 18855 18855 18855
 9590 9590 9590 9590 9590
 7841 7841 7841 7841 7841
 8625 8625 8625 8625 8625
 13811 13811 13811 13811 13811
 4505 4505 4505 4505 4505
 10127 10127 10127 10127 10127
 30542 30542 30542 30542 30542
 17713 17713 17713 17713 17713
 25384 25384 25384 25384 25384
 32058 32058 32058 32058 32058
 17564 17564 17564 17564 17564
 14615 14615 14615 14615 14615
 22397 22397 22397 22397 22397
 31929 31929 31929 31929 31929
 29925 29925 29925 29925 29925
 15599 15599 15599 15599 15599
 18054 18054 18054 18054 18054
 15906 15906 15906 15906 15906
 30466 30466 30466 30466 30466
 27841 27841 27841 27841 27841
 13430 13430 13430 13430 13430
 21627 21627 21627 21627 21627
 10077 10077 10077 10077 10077
 9817 9817 9817 9817 9817
 15548 15548 15548 15548 15548
 9598 9598 9598 9598 9598
 6859 6859 6859 6859 6859
 21227 21227 21227 21227 21227
 26202 26202 26202 26202 26202
 27460 27460 27460 27460 27460
 31096 31096 31096 31096 31096
 1466 1466 1466 1466 1466
 19031 19031 19031 19031 19031
 13316 13316 13316 13316 13316
 19345 19345 19345 19345 19345
