1.2448292886217379e17
5.9206004466536e15
1.4579547251693024e17
2.1824850077935654e18
5.761343817081157e16
2.251271579674755e15
4.4490562179669376e16
6.064626331003675e17
2.985778233307334e17
1.1002567462497464e17
5.293723726453443e16
6.896787672292879e17
1.0107525011775076e16
4.830520885831875e15
1.6028821007240545e18
1.8951896963636e16
4.324636922059847e17
3.042064821226409e17
8.61877634068025e14
7.1468426055552384e16
8.612684810204163e17
6.922100829163625e17
2.1464392118390364e18
6.36366236925163e15
1.8089280671505696e17
1.9248527468958487e18
1.4743869593172562e18
2.787787242490006e18
8.90354083908348e17
1.4817413959986288e17
6.548406277502425e15
6.549642018579212e17
4.54692364501978e16
1.756123237363e13
8.661134605970751e17
6.134825049631005e16
1.392512787245414e18
5.99930760907881e17
1.294876759083591e18
7.54691004581e13
4.9094282576310214e17
5.806514352340453e17
1.45418431875015e15
3.314065145290025e15
3.1751475814779424e17
2.4792643808325596e18
1.297050008601573e16
1.1933153986786013e17
4.0128152079400384e17
1.6062835010390559e18
7.25505246844151e17
2.04481675785e12
8.39693015713875e14
1.33254055617655e14
3.0800288083535174e17
1.7082515320686595e18
1.7507076745124588e18
1.1803394118565583e18
2.7799578664742003e17
1.2931399972017687e18
8.929811411726845e17
3.747534373114587e16
7.765631569892307e17
7.0136735704078464e16
6.491333789382448e16
5.93419149167125e15
4.061773687360213e16
2.569717035230322e16
2.0069704754824724e18
2.47100091255353e17
2.2106087126815708e18
5.7317606810505094e17
3.0630253030203e14
1.281606190703307e18
1.9420650210365133e18
1.642902914629381e18
4.732896510105e12
1.112218531363733e16
4.779210110851623e17
3.71318563266128e15
5.810747469728876e17
4.9303733335745e15
8.037546378815597e17
1.09742065579575e14
1.712057291694257e18
6.708788838505595e16
3.0767282399855e13
8.343200933600254e16
1.0819862664484287e18
1.855627480999594e18
9.362102146073264e16
3.146674604385208e16
1.354967819811875e15
8.474836742459197e16
1.21806444493705e14
8.459856919144818e16
3.391629233973225e15
1.76332638468105e14
7.201437409078748e17
1.34916757313397e16
8.557360666022044e17
1.0552398588771354e18
1.1824603014836704e16
9.2535207375e11
1.13787706308576e18
1.4633516536857216e18
2.0210465850157382e17
6.25405841408155e14
6.1713316216425e13
2.1290051511726582e18
2.8736786461260678e17
4.6167589616696806e17
1.429470359602125e15
4.6794340669465997e17
1.471834829558746e18
1.7371906233136742e18
2.7315965298588134e18
1.9310191898947395e17
2.3954973253118966e18
1.26189281325e11
3.504805062889669e17
1.070837279275e12
2.3683967735511206e17
7.5376090850733e14
5.513860856816864e17
9.536420160468977e17
2.6444488602813e14
1.2818346161980856e16
1.0435313466365192e18
9.775260685344286e16
8.21020925067255e14
1.7249486933076127e18
4.6167419468355e13
2.196185405548648e17
1.470984856379482e18
2.126483255981578e18
1.1924507366613e14
3.0544624206224966e17
1.2184360824967045e18
2.52408613641317e16
2.3375349444424366e18
5.2963063623825715e17
1.390562297590315e16
3.622156920035e13
2.4092614383683528e16
3.864944323680685e17
4.06988177914628e15
6.985535578389917e16
1.7103914902492554e18
6.332378373547429e17
1.8677177756387056e16
3.04580262171353e15
1.0252599969578221e18
2.382355224557267e18
1.6558664370143416e18
9.443134572293873e17
7.38680773848825e14
2.658664392725269e18
2.351430227448598e16
1.9528876879015443e17
1.263047026677425e15
5.8686995569393e16
6.22893542669105e14
3.943794784571e14
3.19396557085105e14
6.28556892779255e14
1.142169925e10
1.1673635607375e13
5.3498315161659654e17
1.772107936951236e18
1.889746046699017e18
1.9031119896580844e18
1.0617130677224643e18
2.670274082673549e18
1.07563642004182e16
8.763251571446928e16
1.1020810058180211e17
4.239601267045468e17
9.14056359529e13
9.689287050753779e17
2.5613428323210056e18
9.98463031434544e17
2.8001073844448646e17
2.1151778004691875e17
5.9272814850345e14
2.9285959675e10
9.06677224125e12
3.4201396458675e14
1.71634839809001e17
1.9360537551735086e18
1.778713084461106e18
3.53762832097075e14
7.776163023448968e17
4.507896155807893e16
1.981878647581182e18
5.376854773066125e15
2.5192908351852595e17
1.9074969642576998e18
2.888816115266208e16
3.006481110019618e16
2.3586918991573446e17
4.279014776600302e17
2.058688112280415e18
1.5762944372444e15
1.2839485607612918e17
2.284175059565627e18
3.4328993400625e13
1.4299931060921687e18
1.7441807150580884e18
1.5976597763635924e16
1.9919595326303395e17
1.3284056517772275e18
7.333315631299523e16
1.9919936481070848e18
1.1186016081011459e17
1.0153223280363344e17
2.173644862246769e18
4.42214752972104e17
5.449862469570655e15
2.1844848957628897e18
1.00345978742235e15
5.18370348999923e15
1.3521328171331562e17
2.178380478669221e17
9.498105175302259e17
2.6372538116575155e17
4.4892524595639104e16
1.68743314321908e18
1.4739613740486072e18
8.4194943811275e13
2.828500563502528e18
5.458869689994075e16
2.4014896329723752e16
1.8547989570548634e17
1.809810578718969e17
1.646830193889883e18
6.51612456285673e17
6.391294362831692e17
2.318044190857431e17
2.6447827832134886e18
2.1444655071550938e18
1.7211214554872407e18
7.388498380769892e17
5.3977490968585024e17
1.0811428262066053e18
1.7894251933650856e16
1.0830390167192778e17
7.810760764701174e16
1.3059223129752646e17
1.3778906917148355e18
1.2394139120454595e18
2.4044018531370632e16
9.596422861884814e17
9.119523450487677e16
1.8935943582420536e18
2.3025527057570258e18
3.768737011638e14
5.6318358914258445e17
3.852484935145264e17
1.0712274263927575e18
9.9202981e9
4.741025966561425e16
2.4691434548094968e16
6.277235030408774e17
2.2268009329441536e18
1.8516541836346106e17
1.3158546472514442e18
6.495385432630028e17
2.4944967946819558e17
4.548399266397e15
1.12322606746125e14
1.3850577853975646e17
8.45592451644743e17
1.2508501816638205e18
8.601314461587082e17
6.714452623587272e17
1.4019154091176146e18
1.2422160169875e14
6.4965349036775e14
4.1205385258297485e17
3.2321362599543e14
2.5353578816438354e18
1.43532583924675e15
2.3927421649950213e18
1.03172775775918e17
1.3825490594502497e18
4.765511201138468e17
2.0161046548013962e18
1.0205683870198454e18
3.0596560752620956e16
2.17660096949638e15
2.7381786321949907e17
5.572986798435e14
1.1195248323585768e17
1.1256602335806118e18
1.6726463712819574e18
1.515452994028103e17
3.929273693053876e17
1.9927903112343e14
9.15070932978075e14
