2.2295410154396637e17
2.90001962956415e15
1.2521675840993303e18
2.52783177418525e15
2.410231720152479e18
3.1738022512059437e17
5.549437448841e15
1.6387921620832356e16
9.034001533491159e17
2.2650265243304924e18
1.91914082895397e18
1.1002567462497464e17
6.3453074287396064e16
3.0318253857492976e16
7.215124507041521e17
3.759233473647978e17
9.787518131584008e17
7.149041380432255e16
8.902231971231e14
1.27911740336291e18
2.960808087515888e16
2.121162965905e14
6.6941242515623584e16
1.92407870182557e17
3.796020806379427e17
2.6255664647878493e17
2.8073985736109957e18
6.1168173962e14
1.7770067601868256e16
9.924396170083067e17
5.41802924040773e15
7.12662918751525e14
2.0671754197329175e18
2.304337965689875e15
8.390197507664582e17
1.4163758078301011e17
2.4157265256205875e17
2.8296110608835395e17
7.41592498991625e15
2.9347131860545235e17
1.8042564928596456e16
2.507985847210502e18
8.279254664151025e15
1.7939746933595382e17
4.296913949875e12
3.973665108685709e17
1.780421711183354e17
3.40730398533035e15
1.0583897645945665e18
5.791716653062799e17
1.259145482445e14
2.2212972079577277e18
3.840818355e9
3.91901645e9
1.2263871519701084e18
4.983540377252131e17
8.1663326963505e15
1.3161047478835956e16
6.140878504024e15
3.1906496400866323e17
1.1357757209377996e18
9.559464722636051e17
2.2328958895457572e18
2.844492942441838e16
1.374253231980779e18
8.712127945244243e16
7.488540615884355e15
3.09701711875e12
1.3581720888169309e17
2.3447517256234168e16
1.06370821972925e14
1.9617806582500883e17
2.696878810043e15
8.340313055e11
3.08518092721905e14
2.761798847910549e18
1.1756633814798262e18
1.0229761280739856e16
2.496277951397215e18
2.4099240620877025e18
1.2804570687625692e18
1.7978983665826458e18
7.358124326447149e17
1.110041179925868e16
1.6338989420135162e17
1.9493814874035304e16
4.38354472536045e15
8.80174169450671e16
1.2082397716340078e17
2.5516846514346685e17
6.4513473797778e14
2.490386354047705e15
9.31083934823973e15
1.721868735026025e17
7.875417153103503e17
2.798271097957608e17
2.7812730227003597e18
3.679803529663225e15
8.835202240024414e16
9.675314638664685e17
2.2018037148663875e17
1.2952438518916022e17
1.6498381549930762e18
1.183601397119925e16
5.09316019477505e14
1.1528285547999618e17
1.3623809205700086e18
9.239533219663304e15
1.0666177561205293e17
1.029317454890716e18
1.9797540919014574e18
7.7157311790505e13
4.192846886836625e16
7.33187567420715e15
2.713056444062074e18
5.69310480220603e15
1.187379593857603e18
2.058216505058675e17
9.739162753047158e16
2.3238946452346605e17
2.1241214575960582e17
4.859730306899e15
3.0829943089926804e16
2.7225585423169766e17
2.589799229694306e18
1.0929740679075e13
5.389498755149375e15
2.889944121272412e17
8.2487381214953e15
1.4610252229335936e18
7.90594924683955e14
4.5450230436051597e17
7.22188602062036e16
5.30458306662548e15
3.7204405843947066e17
1.5412421101960524e16
8.038814553514254e16
4.361225791569142e17
9.536420160468977e17
3.682929022080495e16
2.6424744773644196e18
7.327891229352655e15
6.983865721287084e17
1.6697519982225536e17
1.4601799362512563e18
7.44697805963735e17
2.7980961425211223e18
1.2754408300047242e17
8.11802531753625e14
1.6435954529589325e18
4.699148634277852e16
4.082711409320505e15
8.33433972821855e14
1.95766276175e11
4.115632636574378e17
1.0438598239456617e18
1.6943996807704925e17
1.2815621190434893e17
1.530251632777575e15
1.8430157925578225e18
6.307575389770943e17
2.6956145847347133e18
1.469477462418625e16
3.8369530897122554e17
8.754327842408434e17
5.952591272644956e16
9.006030799957711e17
2.3040382081706356e16
4.8236643417503e14
7.44398646504925e14
4.33228756973953e15
1.0754205026614611e18
2.318350352601688e18
1.3274680588455e13
2.31177919571725e14
1.6028821007240545e18
9.954454087748e13
2.091331890345505e15
1.0672136204842504e18
1.3764723290445e14
5.105398002985984e17
1.3914936206899656e18
1.3726388970021048e18
3.611786372940037e17
7.72650431700439e16
2.3586541608177004e18
2.522917366211602e18
1.41941203009875e14
1.2256083246201e17
1.9148538412544317e17
2.710367587514408e18
4.490012751e11
1.7935362965025117e17
5.716060462157577e17
8.220427640914291e16
1.4322324990134294e17
1.4861267133539743e18
8.652096334964875e15
5.72961251920898e16
1.1072620616555038e17
3.8557100405784096e16
9.0590049217718e14
8.587820458221038e16
2.72113088749375e14
2.84476393486428e15
4.242108855817577e17
1.1048216474494621e17
2.723327867997375e15
1.76089378899055e14
3.192000322557531e17
3.216303825526625e15
1.9962667008514004e16
1.193179636108898e18
2.1767786081875776e18
6.629469862898627e16
3.303530678714209e17
4.866690322156973e16
1.5276593980013066e18
2.6865914750592364e18
3.2388620679342246e17
3.5171379314880134e17
3.01179299725055e14
1.1933612291305313e18
9.986387487624376e15
2.6492282232003824e16
4.97411301556488e17
1.755069146182223e18
2.1996715379207844e18
6.56802295885725e14
8.592868034797181e16
1.1390364386025e13
6.014501217231246e17
5.373750249129296e17
2.96648856610891e16
1.7473210427800975e18
2.8568603478003005e17
1.507346737283e13
1.6859168661780356e16
2.8799264505698074e17
1.6607474816266678e18
4.968002784582485e16
3.17529139488943e16
6.423188124675697e17
8.033209157353675e15
2.6037899785713004e18
2.486500233740939e18
1.86018007970355e14
3.07039720707175e14
1.4675856107908e14
2.060378104578438e16
1.1029939858232019e17
1.6358800484994224e16
3.919021961920406e17
1.338354131651579e17
1.9711744558609853e17
4.5253982048233e14
3.2552821219415744e17
1.470984856379482e18
3.17142957193508e15
5.344813001315083e16
1.0666177561205293e17
1.2299127837489646e18
2.4701343326113624e16
1.6120029470204776e16
1.0633560437289427e17
2.5631246008515347e17
9.448543838325432e16
7.89404931086592e17
2.625374331402686e18
4.644436894285262e17
1.2286129835892644e18
9.525680301586011e17
1.2842904829915361e18
7.107341655307155e15
9.505758919186669e17
2.0461422402710705e18
1.8846469979763613e17
2.3047887894971936e17
1.2968085456694423e18
7.342285361585981e16
9.315797899437518e17
1.5821381988297231e18
1.5680497396985725e18
5.778001274559814e17
4.845376444260317e17
3.1170197868873203e17
5.84894976317139e17
8.858433002294568e17
9.7003999627178e16
2.415466415627459e18
2.7082030240111404e16
1.06490439461483e15
1.308833911071969e18
5.95803210864198e15
3.12985253607375e14
2.0179890847910902e18
3.369162891944155e17
2.8222000858155e13
1.2665378908447212e18
2.022209280206905e15
