5.0285311030095024e16
9.240616312580703e17
1.0306719847604804e16
6.7613591249862704e16
1.4797145550224164e18
1.6031086925304177e18
1.4423041478006006e18
1.2890735862521571e17
9.21216696668391e17
1.0954031256852131e17
1.092173618805e12
3.20079021438342e17
6.105171179693868e17
2.7273666478591752e16
1.8903198319743124e16
7.853146467915005e16
4.1279055816685664e17
1.5407205288603376e17
1.431241463173023e18
2.173397140696875e15
3.3215874610987834e17
1.4198287317063222e18
5.462139055916942e17
2.6220678479446496e17
4.192167962267361e17
2.382355224557267e18
7.019170749182092e17
3.2113363461850076e16
7.928739579780081e17
2.71385954656775e15
1.2935276721975e17
1.4621070562984876e16
4.43596403195623e17
5.0386726756961504e16
1.3974125819868639e18
1.9313590290679936e18
1.5046648375132742e17
3.23066114157e13
1.668906526153663e18
1.0410245070898112e17
2.348566267866362e16
2.1130709661177766e18
4.018431603975287e17
2.5317569382019174e17
4.014996925e10
5.5850963760625e15
5.095798234863405e17
2.4454581954635363e17
7.244592399333355e15
1.4582793823060608e18
8.164409225068307e16
3.47231637427405e16
2.93852017534465e17
3.4421967362852045e17
1.82546756410125e18
2.3132743559445555e18
9.7003999627178e16
2.837878671511723e18
2.6719588915032035e17
2.971029323061753e17
1.2365168784705806e17
1.0236443050087938e17
1.2401614193866596e18
7.988506609391613e16
9.19694661364743e15
1.720404558026856e18
2.0330590732350874e17
1.69184554838e12
1.1706432086829583e18
1.2942976441985178e18
6.818877270919836e17
1.485624529255e12
5.699511728e11
4.47135684037755e14
4.101911251653e14
4.797785697155e12
1.52165559433333e15
1.4256700377489624e16
5.599849362290726e17
1.4372867152556913e18
1.65308210393139e18
6.849961784742076e17
5.84314392549875e14
2.236513221223725e15
3.973665108685709e17
2.7686202064886615e18
1.7363695005868154e17
1.8089591576029728e16
2.6639669721022833e18
1.1704642146698117e18
9.8476020955125e14
2.7963286663578152e16
4.453680415560325e16
1.3860592366344424e16
1.65237075048615e17
6.9596372727541696e16
3.0271077392132614e17
2.807721319010125e15
4.7218725239014746e17
9.641198883883e13
1.663541490329078e18
1.0516013892303747e18
8.921048103719948e17
2.978717572364028e17
2.613257554105351e18
1.9500856732959898e17
2.713056444062074e18
5.76578553705e11
1.5139367703634207e18
5.681633530445435e17
3.3565199844477997e17
6.405849015772103e16
1.3428310185687557e18
2.132190664775e12
4.646396879000835e16
7.4225056857385e14
9.444658303660136e17
1.631856121654734e17
4.620323338301778e17
1.9444075201372552e16
3.925375102132573e16
1.368497666627105e15
2.8312960120986552e16
5.262812039200118e17
1.3327407256309164e18
8.899168052152127e17
4.014419291380997e17
1.20155164652155e14
1.0955485440921551e18
3.43204543141773e15
6.902808306820221e17
4.699263104798025e17
3.5289535497736248e16
5.030220301024988e16
3.0853354532867752e16
3.42521969448026e16
1.1135420437258734e18
2.848684367853625e15
4.891458195835328e16
5.0785527753777434e17
1.0647107264132684e18
3.632505888376575e15
1.5926623520254276e16
2.951236894824589e17
9.916490962042817e17
8.652096334964875e15
1.4574312560480304e16
2.474905317837128e17
7.654498000256662e16
4.1789090031555e13
1.3018413067658834e18
6.534601002402324e17
6.4988183240905e13
6.322222873860319e17
1.8782857092738778e17
5.11947664222253e15
1.6938002522737398e18
4.0337058275835917e17
1.086044951794191e17
3.6819487109354586e17
1.4252097261113203e17
2.6666212342425795e18
8.113422893397108e17
2.5665640743382374e17
4.2894651494123616e16
1.5142943539281818e17
1.2691574756914676e16
6.57864001345681e17
1.2883893645943658e17
2.7337770656779224e16
6.829625296835688e17
1.334517219567527e18
4.5344670355663066e17
2.7399852655015802e17
1.3565736571277896e18
3.275894894012732e17
6.79321679305e11
1.2652091638812626e18
1.8756857349032804e18
8.151561977246508e17
2.6762329377355e15
2.6343283244028243e17
6.009071619693774e17
9.828199591855038e16
5.602938863308447e17
3.93006311996263e17
8.345666972106112e17
1.6897837909175997e17
1.69062234128565e17
5.6184055485756557e17
2.58136710588945e18
3.867283819330044e17
7.998462994833687e17
2.8344025833686963e18
3.4290203912477556e16
9.15921559536125e15
8.694025180282331e17
1.961764260338417e18
9.543773365466099e16
2.5491276145702815e18
6.4627443943262496e16
4.232780243506463e16
2.5904487091268644e18
2.75838874013675e14
2.350491296905039e18
9.556389703812084e17
1.7723522434808899e18
1.5647192999896096e17
2.0214922448725396e18
2.5962995226746045e18
3.15614746925e12
6.31700371025e11
2.5000706054989015e18
2.835445074316135e18
7.380896067840723e17
2.8843606446004752e16
1.29098236747683e15
2.1261127824874893e17
1.371977934699363e16
7.75210693703e12
5.526834485261755e15
3.001871867823802e17
5.551057683897063e16
2.6407676119277062e17
8.25466664021525e16
3.9324321144146163e17
1.4852705571215314e18
2.9961589291026432e16
8.1027371317208e14
3.221823981087807e17
9.153976795130296e17
1.7652124107681274e17
2.68372676190195e15
1.1306481570513752e17
5.478632123730205e15
5.11516763095e12
1.62863619636675e14
1.5624852399378355e18
1.1531991228229714e18
3.2862379121490515e17
2.632927588674503e18
6.368585930963753e17
2.292117166699995e17
2.6530935702080157e17
2.852164071428482e18
8.082124443121877e16
1.097143227717655e15
9.507849218846004e15
2.0786027897600324e16
1.68202023511e14
3.2814081271961254e17
2.7315965298588134e18
3.0212700078929363e17
5.6111837826659066e17
8.954367635995101e16
8.543218024274445e17
1.1785392910529134e18
2.4034308189531656e16
3.1633441157942376e16
9.6932200199588e15
5.516914710915303e17
2.2871537230586248e16
1.4400028633540854e18
9.734412230406963e17
2.78109098228e12
2.3533409884848124e16
1.5387657340690685e17
7.391837551975575e15
7.100019004378511e17
4.79267728706075e14
1.4616594287467085e18
6.865543834849019e17
1.1517837748377196e18
1.5190986815660924e16
1.4152828037641718e18
5.9813952440254096e16
2.1420065385516824e16
1.746351027463e14
2.57586091904025e14
1.3317545512718513e18
6.279208428257112e16
5.476300805624769e17
2.3939663871160965e18
7.65905902398e12
2.6701789194157676e16
7.449528503783272e17
1.6417081619392404e16
1.4874116416416207e18
4.7700742277786125e17
1.4666052989233318e17
9.285670429179523e17
1.6433645825265915e18
2.1782041577571126e18
2.3991745727903324e18
1.5919493924879904e16
8.244385511989005e15
8.90500197289428e16
8.178886388368045e17
4.788341782583e13
1.3222380084785213e17
