8.280584407395208e17
2.4701634372662195e18
3.765346047266463e17
4.1525337975543437e17
2.1251360562551904e16
1.7751960668702643e17
1.499238090251e16
1.455115916042482e18
1.1306481570513752e17
3.2501216287995756e16
2.86216054871181e16
2.0641607965241016e18
9.800310279152344e16
1.5922593528434785e18
3.616523777402833e16
3.193351433816519e17
1.1018640354253606e18
1.73430102796275e14
1.2890943472723308e18
5.2874247045074874e17
1.1834043488958367e18
3.1296316651875e13
2.33903862715355e16
1.6033353083600845e18
1.8620990739977124e16
2.0681739462414856e16
6.12919962002505e14
2.1884887946642365e18
4.668721870192712e16
3.8557100405784096e16
4.3073763131173e14
2.3495535995895706e17
1.9800195679043292e18
3.6288602765217037e17
2.7420881770167276e18
1.7560361492175e14
2.67754093715926e16
2.2254153405827437e17
1.0072296409979807e18
1.120801150726442e18
8.387409140249791e17
8.080838906396069e17
3.41214632884205e14
2.545979058684985e17
3.349356051600625e15
3.405887523904302e17
3.1249895773759885e17
9.130183828675628e17
1.6387921620832356e16
2.6501549127927837e17
7.49831231911405e16
7.569215152545405e16
1.723434447587198e16
5.504300638810625e15
2.0163737782493553e18
4.705691092303e14
3.854326267665533e16
3.858710857841303e17
2.220341888e10
4.078988475e9
5.784328418781827e17
9.778041599541942e16
4.540662282437027e16
1.2096062052722929e18
9.44618221941938e17
3.8336857885035e14
6.317202683389625e15
1.6261363171805e13
9.379304164848544e17
1.40543535552644e16
1.6947450578671447e18
1.29352294507005e14
3.48877695487448e15
1.8556932343181504e16
5.891490597569588e16
2.57114185690243e15
2.2553511662864527e18
1.844022772748e13
7.095099325650328e17
1.5877519303773e14
4.762774957018368e17
2.0461422402710705e18
1.0218610125770687e18
3.271076516498791e17
2.7279579131922877e17
7.198950939523521e17
1.0835057023895654e18
9.156954182295857e17
3.173129746412125e17
2.253895324494659e17
2.413279604577075e15
9.91123155615675e15
7.03365589211728e15
7.38087455385e13
6.7393394590153e14
1.308444695722479e18
2.66761300352375e14
2.2535953460618941e18
1.667260606104299e17
1.3074720371310318e18
7.580472235060678e17
8.507361265405126e16
3.624100618e10
5.2422038911276544e17
8.71460208e9
3.46145876167625e15
2.676592385984418e18
2.794165655217755e15
1.320479991997725e15
7.622144516367738e16
6.893662899275e14
1.2021020982337994e18
1.4570133774776945e18
6.10156210947812e16
9.4873733080505e13
2.6331588112624275e17
2.2429890849642138e17
1.0651342307738882e17
2.1471063319117235e17
5.00210554503775e14
5.872388148564928e17
2.05732090843175e15
1.5450276329058432e17
1.0006890808325812e18
1.0598842840424013e18
6.6669538164724304e16
2.516873214863858e18
2.298974458222739e17
5.6665433224062384e16
3.24034748158e12
1.315463867044245e18
2.7958241210782426e17
1.2154874371646838e18
5.376854773066125e15
2.3457049252327704e16
1.4226289103677362e17
1.270962713528635e16
6.034078239692897e17
7.7682413584275e13
5.0480023043076083e17
2.58201499874595e18
1.7557022881026304e17
5.952591272644956e16
1.1718967416692375e18
2.1724462826236248e16
2.605787178306451e17
4.4567652159175e16
3.29871338939478e15
2.01755042905e11
8.50512044917424e17
5.70456748411358e17
2.128105507173779e17
5.249975983346556e16
1.4362430667206897e18
5.4337652954052464e16
2.601136744645e13
1.191546231370655e18
1.434153306830975e15
1.7664958544121367e18
2.3889005707931232e16
4.633708135345243e17
3.896225013272118e17
9.462104231146525e16
4.429051740138501e17
3.6961299060323e14
1.1940878085032015e18
4.0776266027100224e16
6.7321463538755e13
3.0244983770875e13
1.560113175010918e16
1.12619223946363e15
7.890967258653218e16
5.712909760782625e15
2.1819138635306148e18
2.1291023946449376e17
3.0202854783644648e16
2.4692233925139707e18
1.668906526153663e18
5.3259927194730214e17
2.961439951739228e17
9.960821019987525e17
2.0671754197329175e18
3.0503579811752376e16
4.186443571087805e15
9.225634771505811e17
6.0742708187148624e16
6.6544415506483104e16
2.3608337886755e13
8.960533841174464e17
9.65348655167447e16
2.2497358877532048e17
9.05924805e8
1.237580897026293e16
3.1845768727877184e17
4.175755385855e14
2.0494818956314707e17
1.448221958832421e17
1.2617972380039862e18
7.226318665179574e16
2.1431368662214e15
1.4928953755e10
1.999553805579955e15
2.754151292172862e16
7.84612674659775e14
3.5640494638289032e16
5.2204939085e11
8.1409981476798e14
6.544745648816255e15
2.178380478669221e17
3.6467409896925235e17
1.32466736049605e14
4.325558269871872e16
2.1568942931699945e18
4.956237884285367e17
4.6608563344547e15
3.5866571411963834e17
6.331249380931537e17
7.763000378799448e17
6.979728869472225e15
2.9986342363025e13
1.0432029468563433e18
1.2881324981010785e18
2.13311486634799e16
1.9087881035510257e18
2.62111229440264e18
7.327891229352655e15
1.129752863967645e16
1.6139517333725e13
2.5503758475650624e16
5.6670563940755e13
4.9029014682427584e17
2.7417492658118595e18
1.3764752670940365e18
4.1517336548808784e16
2.2230341229187277e18
1.073574035458112e18
5.084296390504287e17
6.050428899865812e17
6.471252394375427e17
1.363183383181359e18
2.121162965905e14
249705.0
4.019234427274567e17
1.902338956103347e18
3.472821770611875e15
1.5571572660786583e18
9.801611873717413e17
2.7448005979017533e18
2.0196086720674086e17
1.2272564781865862e17
7.847508599883e13
6.226911163256553e17
6.44231773808e12
4.355809460098037e16
1.0224934155485232e17
4.096867299260755e17
4.00871994724838e15
1.633698511599555e16
5.63090254811825e14
4.2135176320992224e16
2.7147736061278374e17
1.22113876749205e16
4.35884328183518e16
3.97057011569375e14
2.990277911858743e17
2.1166971782173699e18
1.5988075542592532e18
7.885147605e9
2.5098882985556485e18
1.593984147264375e15
4.6408585734762854e17
2.1144651112429988e18
2.0803687988850836e18
9.6390379993e11
1.0550872582888941e17
2.791907378146014e18
2.0037540698753997e18
1.631856121654734e17
1.0158928972067104e18
6.767115731650805e15
9.512693057735176e15
2.167955812410775e18
1.600637935287859e17
5.29008056151875e14
9.759376249923124e17
1.5454364893105e14
2.6063673218475494e17
8.672564201973747e17
6.162257865505e12
6.981214182965403e16
1.5669356526322493e18
6.9232871166475e13
4.98982848638115e15
2.7775229114042224e17
1.7256670103911828e18
1.244091381805388e18
2.1146817601679418e17
2.340977127937477e17
6.786709298653047e17
1.92979787322945e15
