 22683 22683 22683 22683 22683
 18213 18213 18213 18213 18213
 29603 29603 29603 29603 29603
 9017 9017 9017 9017 9017
 7151 7151 7151 7151 7151
 7984 7984 7984 7984 7984
 13449 13449 13449 13449 13449
 19839 19839 19839 19839 19839
 4445 4445 4445 4445 4445
 18455 18455 18455 18455 18455
 8437 8437 8437 8437 8437
 1794 1794 1794 1794 1794
 18546 18546 18546 18546 18546
 565 565 565 565 565
 8139 8139 8139 8139 8139
 28161 28161 28161 28161 28161
 11755 11755 11755 11755 11755
 24944 24944 24944 24944 24944
 19999 19999 19999 19999 19999
 3232 3232 3232 3232 3232
 13466 13466 13466 13466 13466
 14650 14650 14650 14650 14650
 17427 17427 17427 17427 17427
 990 990 990 990 990
 10457 10457 10457 10457 10457
 32416 32416 32416 32416 32416
 452 452 452 452 452
 14721 14721 14721 14721 14721
 386 386 386 386 386
 10230 10230 10230 10230 10230
 11662 11662 11662 11662 11662
 8593 8593 8593 8593 8593
 24636 24636 24636 24636 24636
 19442 19442 19442 19442 19442
 11598 11598 11598 11598 11598
 11117 11117 11117 11117 11117
 18122 18122 18122 18122 18122
 19562 19562 19562 19562 19562
 4746 4746 4746 4746 4746
 27915 27915 27915 27915 27915
 9625 9625 9625 9625 9625
 12264 12264 12264 12264 12264
 20561 20561 20561 20561 20561
 11831 11831 11831 11831 11831
 26034 26034 26034 26034 26034
 10041 10041 10041 10041 10041
 27465 27465 27465 27465 27465
 17615 17615 17615 17615 17615
 9821 9821 9821 9821 9821
 26106 26106 26106 26106 26106
 12982 12982 12982 12982 12982
 29062 29062 29062 29062 29062
 18449 18449 18449 18449 18449
 9755 9755 9755 9755 9755
 3081 3081 3081 3081 3081
 24420 24420 24420 24420 24420
 23277 23277 23277 23277 23277
 10962 10962 10962 10962 10962
 28649 28649 28649 28649 28649
 845 845 845 845 845
 23023 23023 23023 23023 23023
 9685 9685 9685 9685 9685
 30778 30778 30778 30778 30778
 19507 19507 19507 19507 19507
 18464 18464 18464 18464 18464
 1876 1876 1876 1876 1876
 18005 18005 18005 18005 18005
 6487 6487 6487 6487 6487
 31790 31790 31790 31790 31790
 24240 24240 24240 24240 24240
 4889 4889 4889 4889 4889
 28868 28868 28868 28868 28868
 29976 29976 29976 29976 29976
 16715 16715 16715 16715 16715
 18280 18280 18280 18280 18280
 18515 18515 18515 18515 18515
 3924 3924 3924 3924 3924
 31434 31434 31434 31434 31434
 13571 13571 13571 13571 13571
 8869 8869 8869 8869 8869
 17165 17165 17165 17165 17165
 16648 16648 16648 16648 16648
 19428 19428 19428 19428 19428
 5311 5311 5311 5311 5311
 10473 10473 10473 10473 10473
 5057 5057 5057 5057 5057
 7578 7578 7578 7578 7578
 11383 11383 11383 11383 11383
 22505 22505 22505 22505 22505
 19155 19155 19155 19155 19155
 7208 7208 7208 7208 7208
 25600 25600 25600 25600 25600
 596 596 596 596 596
 7550 7550 7550 7550 7550
 644 644 644 644 644
 27940 27940 27940 27940 27940
 6162 6162 6162 6162 6162
 26196 26196 26196 26196 26196
 13042 13042 13042 13042 13042
 3036 3036 3036 3036 3036
 25973 25973 25973 25973 25973
 13732 13732 13732 13732 13732
 31470 31470 31470 31470 31470
 23184 23184 23184 23184 23184
 22828 22828 22828 22828 22828
 13236 13236 13236 13236 13236
 10696 10696 10696 10696 10696
 24039 24039 24039 24039 24039
 11934 11934 11934 11934 11934
 13289 13289 13289 13289 13289
 17811 17811 17811 17811 17811
 21308 21308 21308 21308 21308
 17116 17116 17116 17116 17116
 14507 14507 14507 14507 14507
 13521 13521 13521 13521 13521
 20316 20316 20316 20316 20316
 20723 20723 20723 20723 20723
 7994 7994 7994 7994 7994
 15149 15149 15149 15149 15149
 19333 19333 19333 19333 19333
 19435 19435 19435 19435 19435
 30478 30478 30478 30478 30478
 27702 27702 27702 27702 27702
 3759 3759 3759 3759 3759
 20661 20661 20661 20661 20661
 26138 26138 26138 26138 26138
 22343 22343 22343 22343 22343
 14754 14754 14754 14754 14754
 1057 1057 1057 1057 1057
 14166 14166 14166 14166 14166
 19215 19215 19215 19215 19215
 7312 7312 7312 7312 7312
 20613 20613 20613 20613 20613
 8958 8958 8958 8958 8958
 3392 3392 3392 3392 3392
 5601 5601 5601 5601 5601
 6705 6705 6705 6705 6705
 10465 10465 10465 10465 10465
 4027 4027 4027 4027 4027
 26254 26254 26254 26254 26254
 16051 16051 16051 16051 16051
 13676 13676 13676 13676 13676
 27948 27948 27948 27948 27948
 5030 5030 5030 5030 5030
 20611 20611 20611 20611 20611
 455 455 455 455 455
 28141 28141 28141 28141 28141
 11863 11863 11863 11863 11863
 3196 3196 3196 3196 3196
 20336 20336 20336 20336 20336
 7864 7864 7864 7864 7864
 31397 31397 31397 31397 31397
 15395 15395 15395 15395 15395
 30345 30345 30345 30345 30345
 21622 21622 21622 21622 21622
 17947 17947 17947 17947 17947
 15455 15455 15455 15455 15455
 19389 19389 19389 19389 19389
 6672 6672 6672 6672 6672
 27347 27347 27347 27347 27347
 31953 31953 31953 31953 31953
 7254 7254 7254 7254 7254
 12405 12405 12405 12405 12405
 8550 8550 8550 8550 8550
 20165 20165 20165 20165 20165
 10672 10672 10672 10672 10672
 459 459 459 459 459
 4113 4113 4113 4113 4113
 8421 8421 8421 8421 8421
 26220 26220 26220 26220 26220
 2699 2699 2699 2699 2699
 546 546 546 546 546
 14760 14760 14760 14760 14760
 28210 28210 28210 28210 28210
 15644 15644 15644 15644 15644
 7864 7864 7864 7864 7864
 27756 27756 27756 27756 27756
 913 913 913 913 913
 19572 19572 19572 19572 19572
 6682 6682 6682 6682 6682
 27893 27893 27893 27893 27893
 29756 29756 29756 29756 29756
 22914 22914 22914 22914 22914
 11837 11837 11837 11837 11837
 28295 28295 28295 28295 28295
 4590 4590 4590 4590 4590
 21050 21050 21050 21050 21050
 7351 7351 7351 7351 7351
 1504 1504 1504 1504 1504
 26055 26055 26055 26055 26055
 10841 10841 10841 10841 10841
 28193 28193 28193 28193 28193
 26795 26795 26795 26795 26795
 31649 31649 31649 31649 31649
 14686 14686 14686 14686 14686
 4035 4035 4035 4035 4035
 31729 31729 31729 31729 31729
 11083 11083 11083 11083 11083
 5226 5226 5226 5226 5226
 2310 2310 2310 2310 2310
 6837 6837 6837 6837 6837
 1285 1285 1285 1285 1285
 13183 13183 13183 13183 13183
 29812 29812 29812 29812 29812
 8554 8554 8554 8554 8554
 1584 1584 1584 1584 1584
 2728 2728 2728 2728 2728
 25353 25353 25353 25353 25353
 10358 10358 10358 10358 10358
 321 321 321 321 321
 32295 32295 32295 32295 32295
 22973 22973 22973 22973 22973
 21450 21450 21450 21450 21450
 9379 9379 9379 9379 9379
 1225 1225 1225 1225 1225
 20242 20242 20242 20242 20242
 21277 21277 21277 21277 21277
 18065 18065 18065 18065 18065
 11670 11670 11670 11670 11670
 1815 1815 1815 1815 1815
 16840 16840 16840 16840 16840
 1533 1533 1533 1533 1533
 660 660 660 660 660
 31863 31863 31863 31863 31863
 13340 13340 13340 13340 13340
 15595 15595 15595 15595 15595
 3698 3698 3698 3698 3698
 1456 1456 1456 1456 1456
 7411 7411 7411 7411 7411
 13390 13390 13390 13390 13390
 18463 18463 18463 18463 18463
 5916 5916 5916 5916 5916
 22493 22493 22493 22493 22493
 9496 9496 9496 9496 9496
 32190 32190 32190 32190 32190
 5040 5040 5040 5040 5040
 11178 11178 11178 11178 11178
 30902 30902 30902 30902 30902
 16031 16031 16031 16031 16031
 23813 23813 23813 23813 23813
 8509 8509 8509 8509 8509
 21703 21703 21703 21703 21703
 3203 3203 3203 3203 3203
 7249 7249 7249 7249 7249
 21179 21179 21179 21179 21179
 16328 16328 16328 16328 16328
 16652 16652 16652 16652 16652
 11602 11602 11602 11602 11602
 7932 7932 7932 7932 7932
 30830 30830 30830 30830 30830
 21370 21370 21370 21370 21370
 12303 12303 12303 12303 12303
 31196 31196 31196 31196 31196
 6024 6024 6024 6024 6024
 6248 6248 6248 6248 6248
 31768 31768 31768 31768 31768
 21572 21572 21572 21572 21572
 28645 28645 28645 28645 28645
 525 525 525 525 525
 32193 32193 32193 32193 32193
 21275 21275 21275 21275 21275
 23371 23371 23371 23371 23371
 25023 25023 25023 25023 25023
 26708 26708 26708 26708 26708
 13867 13867 13867 13867 13867
 6552 6552 6552 6552 6552
 32592 32592 32592 32592 32592
 8084 8084 8084 8084 8084
 28107 28107 28107 28107 28107
 22924 22924 22924 22924 22924
 15033 15033 15033 15033 15033
 3538 3538 3538 3538 3538
 1421 1421 1421 1421 1421
 10339 10339 10339 10339 10339
 14534 14534 14534 14534 14534
 9660 9660 9660 9660 9660
 8878 8878 8878 8878 8878
 30446 30446 30446 30446 30446
 20637 20637 20637 20637 20637
 15475 15475 15475 15475 15475
 19889 19889 19889 19889 19889
 28671 28671 28671 28671 28671
 3935 3935 3935 3935 3935
 24638 24638 24638 24638 24638
 13044 13044 13044 13044 13044
 23823 23823 23823 23823 23823
 14959 14959 14959 14959 14959
 8286 8286 8286 8286 8286
 12720 12720 12720 12720 12720
 20420 20420 20420 20420 20420
 7031 7031 7031 7031 7031
 18293 18293 18293 18293 18293
 891 891 891 891 891
 13910 13910 13910 13910 13910
 31529 31529 31529 31529 31529
 25655 25655 25655 25655 25655
 10425 10425 10425 10425 10425
 23443 23443 23443 23443 23443
 23927 23927 23927 23927 23927
 23662 23662 23662 23662 23662
