2.99457504737778e15
2.2530103005392612e18
2.486500233740939e18
2.715747300750893e18
1.237580897026293e16
2.7123816034780986e17
1.0740586417894781e17
1.1489569877177761e18
1.10676301804398e15
2.713392691745123e18
8.185728211197446e17
3.0497907855e11
5.638884832837875e16
1.7340506672717476e16
2.7103273131391552e16
1.6112835035248e16
1.188051277557725e15
5.28273265774875e15
1.06370821972925e14
1.8062824688786547e17
3.08463458119367e17
2.0405555241944376e16
1.203198073344643e18
8.884603727766509e17
1.6433206298136624e17
1.0758502321981187e17
6.173566522971823e17
2.39947732188125e14
1.1109575e7
2.0064341391697513e18
2.0379805554358656e16
1.9800195679043292e18
3.5941518969661876e16
2.0247299775024753e18
1.495836627875e13
1.0190465694048478e17
2.72902073990673e15
6.367452100138584e17
1.7917324227630518e18
1.3527789779490173e18
7.149041380432255e16
5.66677834568625e15
3.4990125961788646e17
2.1136285414124564e18
2.472673662991803e17
8.623200236788363e16
1.0471595493920462e17
7.530270985270408e16
1.044234728636027e17
3.17142957193508e15
3.648285210288055e16
1.715869406829581e18
9.128698309925087e17
1.0554054678807396e18
4.7300318525966554e17
5.6515081482420314e17
4.557361668235399e17
8.555945612256612e17
3.250812065175625e15
1.649015186703873e16
4.9159615612449984e17
1.4418846282347856e17
1.2176368777901424e16
1.0181862212403538e17
9.897537731324992e17
1.8903198319743124e16
4.07041499045252e16
1.3482358003097725e17
1.9922603540920118e18
2.1759236143834345e18
2.6314052717403123e17
7.15442006879055e14
2.583311150331683e18
9.437706022562e16
2.0723902722803569e18
4.262193284588e13
1.57765543000796e18
1.9444796489875e13
1.6563465763159056e16
2.049409532648077e18
1.5751939713476918e18
2.421018323421341e18
6.548484096393193e17
3.27064806099755e14
2.345362597583948e18
3.0515190824428152e16
4.5406224696494285e17
7.292613837145e13
2.1647193938082746e17
1.0700555654992539e18
1.6654061203683297e18
3.4080153723971776e17
1.8690664227859584e18
1.804080021309459e17
2.422253379303956e18
1.1336159713880376e16
1.474182206612418e16
1.080425592759703e16
9.37023225655e14
3.2443142375605e13
1.0006890808325812e18
1.386202969779651e18
2.2212953941713338e17
5.664997776573062e17
2.0978567685155e13
3.721956193158666e17
8.041597646525055e17
4.20295086859483e17
1.0809385779512424e17
5.7464433780526566e17
3.3188399726852776e16
2.8672041928674857e18
2.139590871776858e17
9.961288188054876e15
4.964656201294995e16
2.476231437211125e15
6.804566309384867e17
3.450782102183175e17
4.9910919098946726e17
1.5395474286348176e17
1.705348713884768e16
4.1988011382560986e17
1.561486605875e12
5.062305624368458e17
2.0426070837763333e18
2.372306158324238e18
5.2510285293934726e17
3.554331882791642e17
2.878216925074375e15
9.576588603139587e16
1.576983837213386e18
7.46023813448755e15
1.5336031882835624e16
1.0522622282357681e18
1.4650453475699023e18
1.1463116034436115e18
9.92909423828807e16
5.3944906002775504e16
1.6087812996787715e18
2.594782841132933e17
2.103331244133971e18
5.5649242405567104e17
3.3961858844678952e16
3.547015810583623e17
9.282267553203376e15
1.144885876101225e15
2.305821000057e14
2.3150649313946865e18
9.3863536671918e16
384250.0
2.0390765100761467e18
7.473273388489731e16
3.2628288094977165e17
2.7696203532894483e17
1.3623809205700086e18
5.63381089375e11
8.71518683271575e14
6.26266581041913e17
3.81847872375332e16
1.709149537094711e17
3.4748758999076404e16
1.4939343825431802e17
3.915084334900897e17
1.6477552819323151e18
5.367763062105044e17
2.1707830300200515e17
1.454483840933683e18
2.7713522849561764e18
9.324471003470656e16
4.2689257391734336e17
8.64971631101343e17
2.7853859369402127e18
4.6507039344514406e17
1.1424791541522931e17
1.2347496442791524e18
1.0340391802655329e18
6.885960455925025e17
2.345262423427437e17
2.2709055077911393e18
1.2230540768936494e18
4.276490842519059e17
3.3551174166705523e17
2.5091255856046845e17
6.171351293885396e17
2.7908944185768048e16
1.912148133282637e18
2.490597063188907e18
2.619474431946642e18
3.5992053087132704e17
3.546208915434355e15
4.154660244889893e16
2.89009401083725e15
1.078841195848368e17
2.2381263425285e14
4.951286772924593e16
1.532217350039348e16
7.468677722399987e17
1.073909579774528e18
3.915084334900897e17
5.460118193283277e17
1.1030619228869357e18
2.1596760749577914e17
8.009230349309446e17
2.10693005118543e15
7.14244680061215e15
3.4787954895930566e17
1.0205683870198454e18
1.1962244446244589e17
3.812254883328075e15
5.913038466595496e17
1.5272223307231823e18
9.013385213081462e17
2.810159298488848e18
1.729960860220481e17
3.3536049308745604e16
5.077595979512839e17
1.548909533902418e16
7.63941813669625e14
1.4146637513458002e18
2.5379154582912896e18
5.4696553028811104e16
6.241386473998612e16
4.0944243860357574e17
1.441512492952337e17
1.499238090251e16
6.3053043071175e13
1.622067150795e13
2.844492942441838e16
1.3111387636e12
2.2892031043875692e18
4.944973178257724e17
6.45372767948238e15
9.598512392129486e16
3.69189183011775e14
2.0004936156386904e16
1.0829990460480364e18
4.936294815233925e15
9.927559576320166e17
1.3221189794265485e18
1.958525205343728e16
2.4758093436314235e18
6.067906206411735e17
6.249220027115e13
1.743654133193781e17
1.4737486159680986e18
7.0963290055681e17
1.7363319375885676e16
9.47211701386891e17
2.7238318815819156e18
3.79679006865815e17
8.1175028093426e17
3.39620173618875e14
6.8695599448637504e16
2.277775860655e12
4.029682080762812e17
1.65308210393139e18
6.701484389106894e17
3.842368360875e13
3.53236105822e15
1.0682182645913624e16
2.3148576937027885e17
1.59361249978219e18
5.444513695169873e16
5.6021644981845504e16
2.6686132321051484e18
2.255058458357339e18
2.605787178306451e17
7.1468426055552384e16
3.3348295383543366e17
5.231433332462655e17
4.753967427924083e16
3.8688440730387846e17
3.291714830360398e16
1.7855823522681613e18
4.4567652159175e16
3.0018901868951328e16
1.3076508092925048e17
1.9710457049398232e16
8.429307697965281e17
1.5274408526374984e18
9.557436115159202e16
5.4409291251388816e16
8.67920117523835e15
6.861026993139245e16
8.9487970371575e13
3.416141233921e14
3.7045393819605e13
4.708297106501369e17
6.12693384999515e15
9.73751775369875e15
5.2992694000244634e17
1.9465171194257667e18
6.861026993139245e16
1.334743970096573e16
5.189489409295324e17
9.114245566616621e16
1.4326989125992323e18
1.2582032520469056e18
7.662206902226738e17
2.2533028090598874e18
