0.0
-25.0
-95.0
-120.0
50.0
625.0
1875.0
4130.0
7780.0
13275.0
21125.0
31900.0
46230.0
64805.0
88375.0
117750.0
153800.0
197455.0
249705.0
311600.0
384250.0
468825.0
566555.0
678730.0
806700.0
951875.0
1115725.0
1299780.0
1505630.0
1734925.0
1989375.0
2270750.0
2580880.0
2921655.0
3295025.0
3703000.0
4147650.0
4631105.0
5155555.0
5723250.0
6336500.0
6997675.0
7709205.0
8473580.0
9293350.0
1.0171125e7
1.1109575e7
1.211143e7
1.317948e7
1.4316575e7
1.5525625e7
1.68096e7
1.817153e7
1.9614505e7
2.1141675e7
2.275625e7
2.44615e7
2.6260755e7
2.8157405e7
3.01549e7
3.225675e7
3.4466525e7
3.6787855e7
3.922443e7
4.178e7
4.4458375e7
4.7263425e7
5.019908e7
5.326933e7
5.6478225e7
5.9829875e7
6.332845e7
6.697818e7
7.0783355e7
7.4748325e7
7.88775e7
8.317535e7
8.7646405e7
9.2295255e7
9.712655e7
1.02145e8
1.07355375e8
1.12762505e8
1.1837128e8
1.2418665e8
1.30213625e8
1.36457275e8
1.4292273e8
1.4961518e8
1.56539875e8
1.63702125e8
1.711073e8
1.7876083e8
1.86668205e8
1.94834975e8
2.0326675e8
2.119692e8
2.20948055e8
2.30209105e8
2.397582e8
2.4960125e8
2.59744225e8
2.70193155e8
2.8095413e8
2.920333e8
3.03436875e8
3.15171125e8
3.2724238e8
3.3965703e8
3.52421525e8
3.65542375e8
3.7902615e8
3.9287948e8
4.07109055e8
4.21721625e8
4.36724e8
4.5212305e8
4.67925705e8
4.84138955e8
5.0076985e8
5.178255e8
5.35313075e8
5.53239805e8
5.7161298e8
5.9043995e8
6.09728125e8
6.29484975e8
6.4971803e8
6.7043488e8
6.91643175e8
7.13350625e8
7.35565e8
7.5829413e8
7.81545905e8
8.05328275e8
8.2964925e8
8.545169e8
8.79939355e8
9.05924805e8
9.324815e8
9.5961775e8
9.87341925e8
1.015662455e9
1.04458783e9
1.0741266e9
1.104287375e9
1.135078825e9
1.16650968e9
1.19858873e9
1.231324825e9
1.264726875e9
1.29880385e9
1.33356478e9
1.369018755e9
1.405174925e9
1.4420425e9
1.47963075e9
1.517949005e9
1.557006655e9
1.59681315e9
1.637378e9
1.678710775e9
1.720821105e9
1.76371868e9
1.80741325e9
1.851914625e9
1.897232675e9
1.94337733e9
1.99035858e9
2.038186475e9
2.086871125e9
2.1364227e9
2.18685143e9
2.238167605e9
2.290381575e9
2.34350375e9
2.3975446e9
2.452514655e9
2.508424505e9
2.5652848e9
2.62310625e9
2.681899625e9
2.741675755e9
2.80244553e9
2.8642199e9
2.927009875e9
2.990826525e9
3.05568098e9
3.12158443e9
3.188548125e9
3.256583375e9
3.32570155e9
3.39591408e9
3.467232455e9
3.539668225e9
3.613233e9
3.68793845e9
3.763796305e9
3.840818355e9
3.91901645e9
3.9984025e9
4.078988475e9
4.160786405e9
4.24380838e9
4.32806655e9
4.413573125e9
4.500340375e9
4.58838063e9
4.67770628e9
4.768329775e9
4.860263625e9
4.9535204e9
5.04811273e9
5.144053305e9
5.241354875e9
5.34003025e9
5.4400923e9
5.541553955e9
5.644428205e9
5.7487281e9
5.85446675e9
5.961657325e9
6.070313055e9
6.18044723e9
6.2920732e9
6.405204375e9
6.519854225e9
6.63603628e9
6.75376413e9
6.873051425e9
6.993911875e9
7.11635925e9
7.24040738e9
7.366070155e9
7.493361525e9
7.6222955e9
7.75288615e9
7.885147605e9
8.019094055e9
8.15473975e9
8.292099e9
8.431186175e9
8.572015705e9
8.71460208e9
8.85895985e9
9.005103625e9
9.153048075e9
9.30280793e9
9.45439798e9
9.607833075e9
9.763128125e9
9.9202981e9
1.007935803e10
1.0240323005e10
1.0403208175e10
1.056802875e10
1.07348e10
1.0903537255e10
1.1074255905e10
1.12469714e10
1.142169925e10
1.1598455025e10
1.1777254355e10
1.195811293e10
1.21410465e10
1.2326070875e10
1.2513201925e10
1.270245558e10
1.289384783e10
1.3087394725e10
1.3283112375e10
1.348101695e10
1.368112468e10
1.3883451855e10
1.4088014825e10
1.429483e10
1.450391385e10
1.4715282905e10
1.4928953755e10
1.514494305e10
1.53632675e10
1.5583943875e10
1.5806989005e10
1.603241978e10
1.626025315e10
1.6490506125e10
1.6723195775e10
1.695833923e10
1.719595368e10
1.7436056375e10
1.7678664625e10
1.79237958e10
1.817146733e10
1.8421696705e10
1.8674501475e10
1.892989925e10
1.91879077e10
1.9448544555e10
1.9711827605e10
1.99777747e10
2.024640375e10
2.0517732725e10
2.0791779655e10
2.106856263e10
2.13480998e10
2.1630409375e10
2.1915509625e10
2.220341888e10
2.249415553e10
2.2787738025e10
2.3084184875e10
2.338351465e10
2.368574598e10
2.3990897555e10
2.4298988125e10
2.46100365e10
2.492406155e10
2.5241082205e10
2.5561117455e10
2.588418635e10
2.6210308e10
2.6539501575e10
2.6871786305e10
2.720718148e10
2.754570645e10
2.7887380625e10
2.8232223475e10
2.858025453e10
2.893149338e10
2.9285959675e10
2.9643673125e10
3.00046535e10
3.036892063e10
3.0736494405e10
3.1107394775e10
3.148164175e10
3.18592554e10
3.2240255855e10
3.2624663305e10
3.3012498e10
3.340378025e10
3.3798530425e10
3.4196768955e10
3.459851633e10
3.50037931e10
3.5412619875e10
3.5825017325e10
3.624100618e10
3.666060723e10
3.7083841325e10
3.7510729375e10
3.794129235e10
3.837555128e10
3.8813527255e10
3.9255241425e10
3.9700715e10
4.014996925e10
4.0603025505e10
4.1059905155e10
4.152062965e10
4.19852205e10
4.2453699275e10
4.2926087605e10
4.340240718e10
4.388267975e10
4.4366927125e10
4.4855171175e10
4.534743383e10
4.584373708e10
4.6344102975e10
4.6848553625e10
4.73571112e10
4.786979793e10
4.8386636105e10
4.8907648075e10
4.943285625e10
4.99622831e10
5.0495951155e10
5.1033883005e10
5.15761013e10
5.212262875e10
5.2673488125e10
5.3228702255e10
5.378829403e10
5.43522864e10
5.4920702375e10
5.5493565025e10
5.607089748e10
5.665272293e10
5.7239064625e10
5.7829945875e10
5.842539005e10
5.902542058e10
5.9630060955e10
6.0239334725e10
6.08532655e10
6.147187695e10
6.2095192805e10
6.2723236855e10
6.335603295e10
6.3993605e10
