 5883 5883 5883 5883 5883
 30811 30811 30811 30811 30811
 31580 31580 31580 31580 31580
 32284 32284 32284 32284 32284
 8388 8388 8388 8388 8388
 18149 18149 18149 18149 18149
 14397 14397 14397 14397 14397
 26037 26037 26037 26037 26037
 4587 4587 4587 4587 4587
 32277 32277 32277 32277 32277
 23921 23921 23921 23921 23921
 591 591 591 591 591
 12255 12255 12255 12255 12255
 9126 9126 9126 9126 9126
 10204 10204 10204 10204 10204
 8960 8960 8960 8960 8960
 4669 4669 4669 4669 4669
 6780 6780 6780 6780 6780
 2554 2554 2554 2554 2554
 16395 16395 16395 16395 16395
 18742 18742 18742 18742 18742
 9505 9505 9505 9505 9505
 26339 26339 26339 26339 26339
 24416 24416 24416 24416 24416
 16012 16012 16012 16012 16012
 14403 14403 14403 14403 14403
 22292 22292 22292 22292 22292
 3130 3130 3130 3130 3130
 46 46 46 46 46
 29931 29931 29931 29931 29931
 9502 9502 9502 9502 9502
 29832 29832 29832 29832 29832
 10950 10950 10950 10950 10950
 29999 29999 29999 29999 29999
 1564 1564 1564 1564 1564
 14209 14209 14209 14209 14209
 5748 5748 5748 5748 5748
 22465 22465 22465 22465 22465
 29096 29096 29096 29096 29096
 27122 27122 27122 27122 27122
 13004 13004 13004 13004 13004
 6900 6900 6900 6900 6900
 19342 19342 19342 19342 19342
 30323 30323 30323 30323 30323
 17734 17734 17734 17734 17734
 13628 13628 13628 13628 13628
 14306 14306 14306 14306 14306
 13174 13174 13174 13174 13174
 14296 14296 14296 14296 14296
 5968 5968 5968 5968 5968
 10991 10991 10991 10991 10991
 28783 28783 28783 28783 28783
 24582 24582 24582 24582 24582
 25490 25490 25490 25490 25490
 20856 20856 20856 20856 20856
 21805 21805 21805 21805 21805
 20663 20663 20663 20663 20663
 24187 24187 24187 24187 24187
 6005 6005 6005 6005 6005
 9012 9012 9012 9012 9012
 21058 21058 21058 21058 21058
 15497 15497 15497 15497 15497
 8354 8354 8354 8354 8354
 14206 14206 14206 14206 14206
 25084 25084 25084 25084 25084
 9325 9325 9325 9325 9325
 11296 11296 11296 11296 11296
 15239 15239 15239 15239 15239
 29878 29878 29878 29878 29878
 30544 30544 30544 30544 30544
 18012 18012 18012 18012 18012
 4113 4113 4113 4113 4113
 31883 31883 31883 31883 31883
 13939 13939 13939 13939 13939
 30174 30174 30174 30174 30174
 2032 2032 2032 2032 2032
 28185 28185 28185 28185 28185
 1670 1670 1670 1670 1670
 9022 9022 9022 9022 9022
 30090 30090 30090 30090 30090
 28174 28174 28174 28174 28174
 31370 31370 31370 31370 31370
 22623 22623 22623 22623 22623
 3382 3382 3382 3382 3382
 31122 31122 31122 31122 31122
 10511 10511 10511 10511 10511
 20644 20644 20644 20644 20644
 2324 2324 2324 2324 2324
 17154 17154 17154 17154 17154
 25578 25578 25578 25578 25578
 28569 28569 28569 28569 28569
 19215 19215 19215 19215 19215
 29405 29405 29405 29405 29405
 16390 16390 16390 16390 16390
 31374 31374 31374 31374 31374
 8206 8206 8206 8206 8206
 8763 8763 8763 8763 8763
 8108 8108 8108 8108 8108
 4400 4400 4400 4400 4400
 1898 1898 1898 1898 1898
 25153 25153 25153 25153 25153
 27288 27288 27288 27288 27288
 17265 17265 17265 17265 17265
 21818 21818 21818 21818 21818
 1702 1702 1702 1702 1702
 19643 19643 19643 19643 19643
 23815 23815 23815 23815 23815
 20249 20249 20249 20249 20249
 14420 14420 14420 14420 14420
 21896 21896 21896 21896 21896
 10734 10734 10734 10734 10734
 32725 32725 32725 32725 32725
 17104 17104 17104 17104 17104
 7945 7945 7945 7945 7945
 11871 11871 11871 11871 11871
 5610 5610 5610 5610 5610
 22841 22841 22841 22841 22841
 19275 19275 19275 19275 19275
 21138 21138 21138 21138 21138
 15753 15753 15753 15753 15753
 9088 9088 9088 9088 9088
 20244 20244 20244 20244 20244
 889 889 889 889 889
 21213 21213 21213 21213 21213
 30065 30065 30065 30065 30065
 31211 31211 31211 31211 31211
 21408 21408 21408 21408 21408
 19418 19418 19418 19418 19418
 5825 5825 5825 5825 5825
 13990 13990 13990 13990 13990
 28182 28182 28182 28182 28182
 7391 7391 7391 7391 7391
 8850 8850 8850 8850 8850
 25471 25471 25471 25471 25471
 27668 27668 27668 27668 27668
 26022 26022 26022 26022 26022
 14117 14117 14117 14117 14117
 12120 12120 12120 12120 12120
 28323 28323 28323 28323 28323
 17949 17949 17949 17949 17949
 30286 30286 30286 30286 30286
 21721 21721 21721 21721 21721
 10796 10796 10796 10796 10796
 19408 19408 19408 19408 19408
 7806 7806 7806 7806 7806
 4626 4626 4626 4626 4626
 3099 3099 3099 3099 3099
 31021 31021 31021 31021 31021
 13920 13920 13920 13920 13920
 20 20 20 20 20
 30052 30052 30052 30052 30052
 13149 13149 13149 13149 13149
 19007 19007 19007 19007 19007
 18244 18244 18244 18244 18244
 27170 27170 27170 27170 27170
 689 689 689 689 689
 4321 4321 4321 4321 4321
 22372 22372 22372 22372 22372
 11117 11117 11117 11117 11117
 16170 16170 16170 16170 16170
 10858 10858 10858 10858 10858
 15635 15635 15635 15635 15635
 19893 19893 19893 19893 19893
 28493 28493 28493 28493 28493
 21526 21526 21526 21526 21526
 17166 17166 17166 17166 17166
 27618 27618 27618 27618 27618
 32448 32448 32448 32448 32448
 13897 13897 13897 13897 13897
 20328 20328 20328 20328 20328
 24253 24253 24253 24253 24253
 32489 32489 32489 32489 32489
 20768 20768 20768 20768 20768
 14621 14621 14621 14621 14621
 26510 26510 26510 26510 26510
 25360 25360 25360 25360 25360
 22909 22909 22909 22909 22909
 17501 17501 17501 17501 17501
 30872 30872 30872 30872 30872
 26447 26447 26447 26447 26447
 20337 20337 20337 20337 20337
 19140 19140 19140 19140 19140
 17799 17799 17799 17799 17799
 22290 22290 22290 22290 22290
 10279 10279 10279 10279 10279
 29573 29573 29573 29573 29573
 31593 31593 31593 31593 31593
 31994 31994 31994 31994 31994
 19479 19479 19479 19479 19479
 6137 6137 6137 6137 6137
 11354 11354 11354 11354 11354
 5831 5831 5831 5831 5831
 14413 14413 14413 14413 14413
 3076 3076 3076 3076 3076
 11863 11863 11863 11863 11863
 8848 8848 8848 8848 8848
 23379 23379 23379 23379 23379
 25601 25601 25601 25601 25601
 19893 19893 19893 19893 19893
 21618 21618 21618 21618 21618
 25773 25773 25773 25773 25773
 17144 17144 17144 17144 17144
 23791 23791 23791 23791 23791
 5388 5388 5388 5388 5388
 7311 7311 7311 7311 7311
 19314 19314 19314 19314 19314
 25277 25277 25277 25277 25277
 14790 14790 14790 14790 14790
 6249 6249 6249 6249 6249
 22053 22053 22053 22053 22053
 27957 27957 27957 27957 27957
 24504 24504 24504 24504 24504
 32561 32561 32561 32561 32561
 16219 16219 16219 16219 16219
 10762 10762 10762 10762 10762
 21229 21229 21229 21229 21229
 8872 8872 8872 8872 8872
 4181 4181 4181 4181 4181
 27427 27427 27427 27427 27427
 31742 31742 31742 31742 31742
 12162 12162 12162 12162 12162
 12570 12570 12570 12570 12570
 20117 20117 20117 20117 20117
 15496 15496 15496 15496 15496
 8800 8800 8800 8800 8800
 2241 2241 2241 2241 2241
 1596 1596 1596 1596 1596
 10328 10328 10328 10328 10328
 851 851 851 851 851
 30934 30934 30934 30934 30934
 21089 21089 21089 21089 21089
 7128 7128 7128 7128 7128
 13998 13998 13998 13998 13998
 3486 3486 3486 3486 3486
 9458 9458 9458 9458 9458
 25655 25655 25655 25655 25655
 6666 6666 6666 6666 6666
 25103 25103 25103 25103 25103
 26967 26967 26967 26967 26967
 9408 9408 9408 9408 9408
 31546 31546 31546 31546 31546
 22196 22196 22196 22196 22196
 2236 2236 2236 2236 2236
 16251 16251 16251 16251 16251
 27709 27709 27709 27709 27709
 23082 23082 23082 23082 23082
 9129 9129 9129 9129 9129
 24810 24810 24810 24810 24810
 32308 32308 32308 32308 32308
 19741 19741 19741 19741 19741
 23871 23871 23871 23871 23871
 3414 3414 3414 3414 3414
 12875 12875 12875 12875 12875
 977 977 977 977 977
 20037 20037 20037 20037 20037
 28516 28516 28516 28516 28516
 22754 22754 22754 22754 22754
 1980 1980 1980 1980 1980
 6131 6131 6131 6131 6131
 8085 8085 8085 8085 8085
 17444 17444 17444 17444 17444
 28256 28256 28256 28256 28256
 12148 12148 12148 12148 12148
 12235 12235 12235 12235 12235
 32143 32143 32143 32143 32143
 30818 30818 30818 30818 30818
 17968 17968 17968 17968 17968
 13003 13003 13003 13003 13003
 19111 19111 19111 19111 19111
 21388 21388 21388 21388 21388
 11743 11743 11743 11743 11743
 19834 19834 19834 19834 19834
 10712 10712 10712 10712 10712
 29071 29071 29071 29071 29071
 11555 11555 11555 11555 11555
 10468 10468 10468 10468 10468
 15123 15123 15123 15123 15123
 9423 9423 9423 9423 9423
 24097 24097 24097 24097 24097
 27958 27958 27958 27958 27958
 13983 13983 13983 13983 13983
 12146 12146 12146 12146 12146
 7676 7676 7676 7676 7676
 12871 12871 12871 12871 12871
 2446 2446 2446 2446 2446
 3419 3419 3419 3419 3419
 1962 1962 1962 1962 1962
 20832 20832 20832 20832 20832
 7036 7036 7036 7036 7036
 7900 7900 7900 7900 7900
 21457 21457 21457 21457 21457
 29705 29705 29705 29705 29705
 12871 12871 12871 12871 12871
 8548 8548 8548 8548 8548
 21345 21345 21345 21345 21345
 13818 13818 13818 13818 13818
 27514 27514 27514 27514 27514
 26635 26635 26635 26635 26635
 23529 23529 23529 23529 23529
 30812 30812 30812 30812 30812
