 19438 19438 19438 19438 19438
 7991 7991 7991 7991 7991
 29821 29821 29821 29821 29821
 25550 25550 25550 25550 25550
 3287 3287 3287 3287 3287
 20935 20935 20935 20935 20935
 12774 12774 12774 12774 12774
 13323 13323 13323 13323 13323
 30883 30883 30883 30883 30883
 26421 26421 26421 26421 26421
 2314 2314 2314 2314 2314
 8695 8695 8695 8695 8695
 12475 12475 12475 12475 12475
 31042 31042 31042 31042 31042
 13519 13519 13519 13519 13519
 9648 9648 9648 9648 9648
 6841 6841 6841 6841 6841
 4133 4133 4133 4133 4133
 11407 11407 11407 11407 11407
 11002 11002 11002 11002 11002
 22763 22763 22763 22763 22763
 1000 1000 1000 1000 1000
 6788 6788 6788 6788 6788
 11854 11854 11854 11854 11854
 20625 20625 20625 20625 20625
 14231 14231 14231 14231 14231
 21310 21310 21310 21310 21310
 22300 22300 22300 22300 22300
 19283 19283 19283 19283 19283
 22566 22566 22566 22566 22566
 26030 26030 26030 26030 26030
 10587 10587 10587 10587 10587
 26050 26050 26050 26050 26050
 17958 17958 17958 17958 17958
 3296 3296 3296 3296 3296
 32405 32405 32405 32405 32405
 6458 6458 6458 6458 6458
 30617 30617 30617 30617 30617
 793 793 793 793 793
 11834 11834 11834 11834 11834
 2940 2940 2940 2940 2940
 13624 13624 13624 13624 13624
 8263 8263 8263 8263 8263
 24853 24853 24853 24853 24853
 22256 22256 22256 22256 22256
 29004 29004 29004 29004 29004
 4555 4555 4555 4555 4555
 31488 31488 31488 31488 31488
 2631 2631 2631 2631 2631
 5502 5502 5502 5502 5502
 17608 17608 17608 17608 17608
 19548 19548 19548 19548 19548
 32186 32186 32186 32186 32186
 29986 29986 29986 29986 29986
 20137 20137 20137 20137 20137
 26826 26826 26826 26826 26826
 29892 29892 29892 29892 29892
 10561 10561 10561 10561 10561
 2596 2596 2596 2596 2596
 25725 25725 25725 25725 25725
 7858 7858 7858 7858 7858
 28863 28863 28863 28863 28863
 13662 13662 13662 13662 13662
 21186 21186 21186 21186 21186
 1705 1705 1705 1705 1705
 28562 28562 28562 28562 28562
 2055 2055 2055 2055 2055
 16629 16629 16629 16629 16629
 18362 18362 18362 18362 18362
 14742 14742 14742 14742 14742
 30289 30289 30289 30289 30289
 1770 1770 1770 1770 1770
 9923 9923 9923 9923 9923
 6354 6354 6354 6354 6354
 24832 24832 24832 24832 24832
 1651 1651 1651 1651 1651
 10122 10122 10122 10122 10122
 5710 5710 5710 5710 5710
 10062 10062 10062 10062 10062
 20187 20187 20187 20187 20187
 16845 16845 16845 16845 16845
 9144 9144 9144 9144 9144
 11784 11784 11784 11784 11784
 15663 15663 15663 15663 15663
 1847 1847 1847 1847 1847
 28840 28840 28840 28840 28840
 28539 28539 28539 28539 28539
 5142 5142 5142 5142 5142
 22923 22923 22923 22923 22923
 289 289 289 289 289
 19854 19854 19854 19854 19854
 871 871 871 871 871
 4702 4702 4702 4702 4702
 1860 1860 1860 1860 1860
 22096 22096 22096 22096 22096
 17525 17525 17525 17525 17525
 31457 31457 31457 31457 31457
 27575 27575 27575 27575 27575
 5688 5688 5688 5688 5688
 30213 30213 30213 30213 30213
 2277 2277 2277 2277 2277
 14072 14072 14072 14072 14072
 3196 3196 3196 3196 3196
 23864 23864 23864 23864 23864
 22079 22079 22079 22079 22079
 2129 2129 2129 2129 2129
 21661 21661 21661 21661 21661
 22026 22026 22026 22026 22026
 21706 21706 21706 21706 21706
 22722 22722 22722 22722 22722
 30628 30628 30628 30628 30628
 32541 32541 32541 32541 32541
 27496 27496 27496 27496 27496
 9475 9475 9475 9475 9475
 2187 2187 2187 2187 2187
 32135 32135 32135 32135 32135
 31213 31213 31213 31213 31213
 22255 22255 22255 22255 22255
 5611 5611 5611 5611 5611
 21515 21515 21515 21515 21515
 29828 29828 29828 29828 29828
 12820 12820 12820 12820 12820
 24209 24209 24209 24209 24209
 24158 24158 24158 24158 24158
 10742 10742 10742 10742 10742
 32092 32092 32092 32092 32092
 17526 17526 17526 17526 17526
 24007 24007 24007 24007 24007
 29808 29808 29808 29808 29808
 10126 10126 10126 10126 10126
 5122 5122 5122 5122 5122
 16876 16876 16876 16876 16876
 5738 5738 5738 5738 5738
 18916 18916 18916 18916 18916
 21216 21216 21216 21216 21216
 6929 6929 6929 6929 6929
 20353 20353 20353 20353 20353
 29611 29611 29611 29611 29611
 1753 1753 1753 1753 1753
 23469 23469 23469 23469 23469
 27035 27035 27035 27035 27035
 30626 30626 30626 30626 30626
 21124 21124 21124 21124 21124
 2033 2033 2033 2033 2033
 9587 9587 9587 9587 9587
 25456 25456 25456 25456 25456
 32132 32132 32132 32132 32132
 8368 8368 8368 8368 8368
 10328 10328 10328 10328 10328
 29174 29174 29174 29174 29174
 32753 32753 32753 32753 32753
 24135 24135 24135 24135 24135
 14247 14247 14247 14247 14247
 31872 31872 31872 31872 31872
 29059 29059 29059 29059 29059
 28322 28322 28322 28322 28322
 681 681 681 681 681
 31419 31419 31419 31419 31419
 24055 24055 24055 24055 24055
 19054 19054 19054 19054 19054
 7967 7967 7967 7967 7967
 27537 27537 27537 27537 27537
 14384 14384 14384 14384 14384
 13688 13688 13688 13688 13688
 6635 6635 6635 6635 6635
 26652 26652 26652 26652 26652
 8904 8904 8904 8904 8904
 17535 17535 17535 17535 17535
 5920 5920 5920 5920 5920
 22989 22989 22989 22989 22989
 25265 25265 25265 25265 25265
 32648 32648 32648 32648 32648
 27801 27801 27801 27801 27801
 25631 25631 25631 25631 25631
 25340 25340 25340 25340 25340
 19138 19138 19138 19138 19138
 16150 16150 16150 16150 16150
 5817 5817 5817 5817 5817
 10612 10612 10612 10612 10612
 19535 19535 19535 19535 19535
 2232 2232 2232 2232 2232
 14242 14242 14242 14242 14242
 5239 5239 5239 5239 5239
 28293 28293 28293 28293 28293
 2934 2934 2934 2934 2934
 14963 14963 14963 14963 14963
 2541 2541 2541 2541 2541
 29404 29404 29404 29404 29404
 32166 32166 32166 32166 32166
 21568 21568 21568 21568 21568
 3558 3558 3558 3558 3558
 15914 15914 15914 15914 15914
 22564 22564 22564 22564 22564
 18201 18201 18201 18201 18201
 746 746 746 746 746
 7473 7473 7473 7473 7473
 22636 22636 22636 22636 22636
 18995 18995 18995 18995 18995
 31742 31742 31742 31742 31742
 2667 2667 2667 2667 2667
 10765 10765 10765 10765 10765
 2702 2702 2702 2702 2702
 13448 13448 13448 13448 13448
 3092 3092 3092 3092 3092
 10600 10600 10600 10600 10600
 8810 8810 8810 8810 8810
 915 915 915 915 915
 24767 24767 24767 24767 24767
 28647 28647 28647 28647 28647
 28268 28268 28268 28268 28268
 11330 11330 11330 11330 11330
 25107 25107 25107 25107 25107
 3557 3557 3557 3557 3557
 30313 30313 30313 30313 30313
 5340 5340 5340 5340 5340
 18633 18633 18633 18633 18633
 24524 24524 24524 24524 24524
 7927 7927 7927 7927 7927
 17043 17043 17043 17043 17043
 31522 31522 31522 31522 31522
 19807 19807 19807 19807 19807
 26117 26117 26117 26117 26117
 497 497 497 497 497
 11884 11884 11884 11884 11884
 22719 22719 22719 22719 22719
 12140 12140 12140 12140 12140
 2015 2015 2015 2015 2015
 845 845 845 845 845
 23654 23654 23654 23654 23654
 330 330 330 330 330
 15858 15858 15858 15858 15858
 10921 10921 10921 10921 10921
 23058 23058 23058 23058 23058
 30009 30009 30009 30009 30009
 10691 10691 10691 10691 10691
 28969 28969 28969 28969 28969
 23547 23547 23547 23547 23547
 621 621 621 621 621
 31058 31058 31058 31058 31058
 5396 5396 5396 5396 5396
 30163 30163 30163 30163 30163
 19400 19400 19400 19400 19400
 4160 4160 4160 4160 4160
 5152 5152 5152 5152 5152
 26816 26816 26816 26816 26816
 29640 29640 29640 29640 29640
 3 3 3 3 3
 25212 25212 25212 25212 25212
 31353 31353 31353 31353 31353
 21486 21486 21486 21486 21486
 2110 2110 2110 2110 2110
 31663 31663 31663 31663 31663
 24128 24128 24128 24128 24128
 30345 30345 30345 30345 30345
 18247 18247 18247 18247 18247
 21035 21035 21035 21035 21035
 15113 15113 15113 15113 15113
 7033 7033 7033 7033 7033
 17025 17025 17025 17025 17025
 18043 18043 18043 18043 18043
 29983 29983 29983 29983 29983
 1330 1330 1330 1330 1330
 16947 16947 16947 16947 16947
 20876 20876 20876 20876 20876
 3655 3655 3655 3655 3655
 10670 10670 10670 10670 10670
 11175 11175 11175 11175 11175
 6263 6263 6263 6263 6263
 24751 24751 24751 24751 24751
 15576 15576 15576 15576 15576
 14013 14013 14013 14013 14013
 23469 23469 23469 23469 23469
 2749 2749 2749 2749 2749
 9302 9302 9302 9302 9302
 25542 25542 25542 25542 25542
 32698 32698 32698 32698 32698
 16496 16496 16496 16496 16496
 13567 13567 13567 13567 13567
 29071 29071 29071 29071 29071
 11408 11408 11408 11408 11408
 22453 22453 22453 22453 22453
 32390 32390 32390 32390 32390
 18473 18473 18473 18473 18473
 12917 12917 12917 12917 12917
 31185 31185 31185 31185 31185
 12323 12323 12323 12323 12323
 768 768 768 768 768
 20933 20933 20933 20933 20933
 30945 30945 30945 30945 30945
 18381 18381 18381 18381 18381
 14415 14415 14415 14415 14415
 8349 8349 8349 8349 8349
 24798 24798 24798 24798 24798
 15541 15541 15541 15541 15541
 21741 21741 21741 21741 21741
 24377 24377 24377 24377 24377
 15731 15731 15731 15731 15731
 30435 30435 30435 30435 30435
 27085 27085 27085 27085 27085
 19561 19561 19561 19561 19561
