 17281 17281 17281 17281 17281
 5836 5836 5836 5836 5836
 26603 26603 26603 26603 26603
 5639 5639 5639 5639 5639
 31335 31335 31335 31335 31335
 18876 18876 18876 18876 18876
 6864 6864 6864 6864 6864
 8998 8998 8998 8998 8998
 24518 24518 24518 24518 24518
 30852 30852 30852 30852 30852
 29600 29600 29600 29600 29600
 14484 14484 14484 14484 14484
 12622 12622 12622 12622 12622
 10494 10494 10494 10494 10494
 23178 23178 23178 23178 23178
 19692 19692 19692 19692 19692
 25014 25014 25014 25014 25014
 13004 13004 13004 13004 13004
 4344 4344 4344 4344 4344
 26745 26745 26745 26745 26745
 10432 10432 10432 10432 10432
 3035 3035 3035 3035 3035
 12792 12792 12792 12792 12792
 16656 16656 16656 16656 16656
 19740 19740 19740 19740 19740
 18002 18002 18002 18002 18002
 32553 32553 32553 32553 32553
 3955 3955 3955 3955 3955
 9182 9182 9182 9182 9182
 25101 25101 25101 25101 25101
 6823 6823 6823 6823 6823
 4109 4109 4109 4109 4109
 30155 30155 30155 30155 30155
 5510 5510 5510 5510 5510
 24069 24069 24069 24069 24069
 15428 15428 15428 15428 15428
 17631 17631 17631 17631 17631
 18342 18342 18342 18342 18342
 7380 7380 7380 7380 7380
 18510 18510 18510 18510 18510
 9217 9217 9217 9217 9217
 31648 31648 31648 31648 31648
 7586 7586 7586 7586 7586
 16367 16367 16367 16367 16367
 1145 1145 1145 1145 1145
 19967 19967 19967 19967 19967
 16336 16336 16336 16336 16336
 6076 6076 6076 6076 6076
 25508 25508 25508 25508 25508
 21939 21939 21939 21939 21939
 2664 2664 2664 2664 2664
 30702 30702 30702 30702 30702
 198 198 198 198 198
 199 199 199 199 199
 26465 26465 26465 26465 26465
 21130 21130 21130 21130 21130
 7560 7560 7560 7560 7560
 8518 8518 8518 8518 8518
 7040 7040 7040 7040 7040
 18901 18901 18901 18901 18901
 25962 25962 25962 25962 25962
 24867 24867 24867 24867 24867
 30742 30742 30742 30742 30742
 10328 10328 10328 10328 10328
 27229 27229 27229 27229 27229
 13663 13663 13663 13663 13663
 7398 7398 7398 7398 7398
 1055 1055 1055 1055 1055
 15267 15267 15267 15267 15267
 9841 9841 9841 9841 9841
 2554 2554 2554 2554 2554
 16737 16737 16737 16737 16737
 5731 5731 5731 5731 5731
 760 760 760 760 760
 3333 3333 3333 3333 3333
 32420 32420 32420 32420 32420
 26187 26187 26187 26187 26187
 7998 7998 7998 7998 7998
 31611 31611 31611 31611 31611
 31334 31334 31334 31334 31334
 26752 26752 26752 26752 26752
 29121 29121 29121 29121 29121
 23292 23292 23292 23292 23292
 8163 8163 8163 8163 8163
 15989 15989 15989 15989 15989
 9397 9397 9397 9397 9397
 6471 6471 6471 6471 6471
 13698 13698 13698 13698 13698
 14827 14827 14827 14827 14827
 17874 17874 17874 17874 17874
 4008 4008 4008 4008 4008
 5618 5618 5618 5618 5618
 7812 7812 7812 7812 7812
 16200 16200 16200 16200 16200
 23691 23691 23691 23691 23691
 18291 18291 18291 18291 18291
 32477 32477 32477 32477 32477
 6194 6194 6194 6194 6194
 13711 13711 13711 13711 13711
 24942 24942 24942 24942 24942
 17227 17227 17227 17227 17227
 15087 15087 15087 15087 15087
 28502 28502 28502 28502 28502
 8295 8295 8295 8295 8295
 3778 3778 3778 3778 3778
 14654 14654 14654 14654 14654
 27170 27170 27170 27170 27170
 7797 7797 7797 7797 7797
 14372 14372 14372 14372 14372
 25331 25331 25331 25331 25331
 29831 29831 29831 29831 29831
 2357 2357 2357 2357 2357
 11380 11380 11380 11380 11380
 7359 7359 7359 7359 7359
 32276 32276 32276 32276 32276
 6908 6908 6908 6908 6908
 26252 26252 26252 26252 26252
 16939 16939 16939 16939 16939
 14049 14049 14049 14049 14049
 17461 17461 17461 17461 17461
 17073 17073 17073 17073 17073
 6640 6640 6640 6640 6640
 10538 10538 10538 10538 10538
 18166 18166 18166 18166 18166
 31903 31903 31903 31903 31903
 1446 1446 1446 1446 1446
 6814 6814 6814 6814 6814
 18439 18439 18439 18439 18439
 7579 7579 7579 7579 7579
 27649 27649 27649 27649 27649
 4217 4217 4217 4217 4217
 20649 20649 20649 20649 20649
 13037 13037 13037 13037 13037
 6787 6787 6787 6787 6787
 19641 19641 19641 19641 19641
 8861 8861 8861 8861 8861
 13391 13391 13391 13391 13391
 20437 20437 20437 20437 20437
 24852 24852 24852 24852 24852
 11017 11017 11017 11017 11017
 32064 32064 32064 32064 32064
 7358 7358 7358 7358 7358
 22990 22990 22990 22990 22990
 16076 16076 16076 16076 16076
 27645 27645 27645 27645 27645
 23362 23362 23362 23362 23362
 32526 32526 32526 32526 32526
 15029 15029 15029 15029 15029
 4245 4245 4245 4245 4245
 28475 28475 28475 28475 28475
 11709 11709 11709 11709 11709
 6357 6357 6357 6357 6357
 4273 4273 4273 4273 4273
 529 529 529 529 529
 20143 20143 20143 20143 20143
 25420 25420 25420 25420 25420
 16135 16135 16135 16135 16135
 15047 15047 15047 15047 15047
 4974 4974 4974 4974 4974
 29302 29302 29302 29302 29302
 22412 22412 22412 22412 22412
 32224 32224 32224 32224 32224
 8756 8756 8756 8756 8756
 19793 19793 19793 19793 19793
 24326 24326 24326 24326 24326
 12422 12422 12422 12422 12422
 24499 24499 24499 24499 24499
 9798 9798 9798 9798 9798
 3727 3727 3727 3727 3727
 4154 4154 4154 4154 4154
 6452 6452 6452 6452 6452
 25610 25610 25610 25610 25610
 31032 31032 31032 31032 31032
 1518 1518 1518 1518 1518
 3101 3101 3101 3101 3101
 28297 28297 28297 28297 28297
 2512 2512 2512 2512 2512
 5378 5378 5378 5378 5378
 25561 25561 25561 25561 25561
 2724 2724 2724 2724 2724
 21258 21258 21258 21258 21258
 27314 27314 27314 27314 27314
 27221 27221 27221 27221 27221
 19496 19496 19496 19496 19496
 13259 13259 13259 13259 13259
 31166 31166 31166 31166 31166
 31695 31695 31695 31695 31695
 2745 2745 2745 2745 2745
 14880 14880 14880 14880 14880
 16636 16636 16636 16636 16636
 32268 32268 32268 32268 32268
 651 651 651 651 651
 16366 16366 16366 16366 16366
 21867 21867 21867 21867 21867
 13466 13466 13466 13466 13466
 15471 15471 15471 15471 15471
 27767 27767 27767 27767 27767
 7670 7670 7670 7670 7670
 12304 12304 12304 12304 12304
 14507 14507 14507 14507 14507
 11144 11144 11144 11144 11144
 4363 4363 4363 4363 4363
 13614 13614 13614 13614 13614
 3230 3230 3230 3230 3230
 5808 5808 5808 5808 5808
 20296 20296 20296 20296 20296
 14499 14499 14499 14499 14499
 5745 5745 5745 5745 5745
 2897 2897 2897 2897 2897
 18903 18903 18903 18903 18903
 5989 5989 5989 5989 5989
 9453 9453 9453 9453 9453
 26284 26284 26284 26284 26284
 30547 30547 30547 30547 30547
 12761 12761 12761 12761 12761
 19066 19066 19066 19066 19066
 11812 11812 11812 11812 11812
 27959 27959 27959 27959 27959
 32197 32197 32197 32197 32197
 18972 18972 18972 18972 18972
 19367 19367 19367 19367 19367
 3313 3313 3313 3313 3313
 26285 26285 26285 26285 26285
 7950 7950 7950 7950 7950
 10146 10146 10146 10146 10146
 21120 21120 21120 21120 21120
 28946 28946 28946 28946 28946
 30627 30627 30627 30627 30627
 4026 4026 4026 4026 4026
 13616 13616 13616 13616 13616
 1461 1461 1461 1461 1461
 22147 22147 22147 22147 22147
 21532 21532 21532 21532 21532
 10437 10437 10437 10437 10437
 28914 28914 28914 28914 28914
 18386 18386 18386 18386 18386
 1567 1567 1567 1567 1567
 9062 9062 9062 9062 9062
 18423 18423 18423 18423 18423
 28549 28549 28549 28549 28549
 11873 11873 11873 11873 11873
 10616 10616 10616 10616 10616
 22514 22514 22514 22514 22514
 7529 7529 7529 7529 7529
 31946 31946 31946 31946 31946
 31580 31580 31580 31580 31580
 2937 2937 2937 2937 2937
 3329 3329 3329 3329 3329
 2768 2768 2768 2768 2768
 9528 9528 9528 9528 9528
 14493 14493 14493 14493 14493
 8994 8994 8994 8994 8994
 19898 19898 19898 19898 19898
 15211 15211 15211 15211 15211
 16757 16757 16757 16757 16757
 3668 3668 3668 3668 3668
 18996 18996 18996 18996 18996
 27696 27696 27696 27696 27696
 5968 5968 5968 5968 5968
 12092 12092 12092 12092 12092
 14372 14372 14372 14372 14372
 26484 26484 26484 26484 26484
 9970 9970 9970 9970 9970
 8961 8961 8961 8961 8961
 14361 14361 14361 14361 14361
 17894 17894 17894 17894 17894
 13943 13943 13943 13943 13943
 23705 23705 23705 23705 23705
 32012 32012 32012 32012 32012
 20761 20761 20761 20761 20761
 26477 26477 26477 26477 26477
 24845 24845 24845 24845 24845
 26772 26772 26772 26772 26772
 7302 7302 7302 7302 7302
 24832 24832 24832 24832 24832
 30078 30078 30078 30078 30078
 16570 16570 16570 16570 16570
 17425 17425 17425 17425 17425
 26837 26837 26837 26837 26837
 13091 13091 13091 13091 13091
 24707 24707 24707 24707 24707
 28205 28205 28205 28205 28205
 28142 28142 28142 28142 28142
 21926 21926 21926 21926 21926
 20982 20982 20982 20982 20982
 18791 18791 18791 18791 18791
 21993 21993 21993 21993 21993
 24398 24398 24398 24398 24398
 14035 14035 14035 14035 14035
 31352 31352 31352 31352 31352
 10202 10202 10202 10202 10202
 4543 4543 4543 4543 4543
 26899 26899 26899 26899 26899
 6987 6987 6987 6987 6987
 3345 3345 3345 3345 3345
 29974 29974 29974 29974 29974
 19160 19160 19160 19160 19160
 1833 1833 1833 1833 1833
 26679 26679 26679 26679 26679
 5333 5333 5333 5333 5333
