7.55724005493344e17
2.2442482795949402e18
1.987832970011308e16
7.458460217562888e17
1.9631875829550525e17
7.955099412197174e16
1.7482881500266432e18
7.659602038400886e17
6.105171179693868e17
2.4268169611671476e16
8.20334813908604e16
8.049704776279003e17
2.5142043573277427e17
7.1468426055552384e16
6.658001786154102e17
5.14387321580175e15
2.108336028958075e18
6.338025601675712e17
2.9800003964804166e17
5.888409205294643e17
1.4833455581623521e18
1.4095128754933504e18
1.5658968461255e13
1.0741266e9
1.79994315116875e15
5.218645918133425e16
4.553833786642544e17
1.6494871223621978e17
2.430602370789195e18
1.9074978683963174e17
3.65811829089755e14
4.253598376421332e16
1.47216450650055e16
1.8660630003159616e17
1.595010383775197e17
2.369571030026694e18
1.2264057580762976e16
1.0348549097934898e18
4.1051181568845504e16
7.86258889182547e16
1.0117147533886254e18
2.778733637843575e15
5.2547385471432e15
1.195632828160155e16
8.608419609240531e17
5.288968730350255e15
1.224904945344359e18
4.0280734252295296e17
2.133592723108133e17
8.683724832633405e15
1.9499268267537572e18
2.641926787638e13
3.3836202291967024e16
7.093869805552325e17
3.099773629256775e15
1.27624740273855e14
6.764140899945252e17
4.7101054687421094e17
1.0555907754006524e16
9.3299238217553e15
1.7546632295901256e16
1.5265631689467e15
4.359208653315855e15
2.3550236009254825e18
1.2688181430506778e18
1.0843505246457524e18
1.5520609687513e14
2.141553023368625e15
2.711186195091947e17
1.4609592677561325e17
9.093156936955362e16
1.4977210878716703e18
6.850054357033e15
3.415115402171919e17
8.0348239373125e13
3.0978223975940557e17
1.1783593922870313e18
4.0595292100139834e17
2.2596239642390048e17
1.5465422080647214e18
2.8630009806034345e18
2.840847549818375e15
4.1707841564614624e16
5.508773917606214e17
1.3403741442762004e16
1.7201687536301843e17
6.518431972418044e17
1.5547198371924726e18
2.1371465188588324e18
9.459905761391259e17
6.733349097314002e17
4.07757592289e15
1.9856007340627812e18
2.24904113492735e16
2.635498227077966e17
4.44201892152592e17
1.3291930592561475e18
7.306455745979e16
2.7064085124396646e17
2.10721944826875e14
4.3877474781787635e17
1.8536052744054354e18
1.3179598317230076e16
1.06201274675e11
1.9570963701904752e17
2.5561117455e10
5.487666831564143e16
1.5197070303874016e17
5.31834156778364e16
8.721266235575827e17
5.308165972866829e17
6.689711394464411e17
6.12693384999515e15
2.462136946821905e15
2.2957223027117596e18
2.1304071729355694e18
9.75858765481565e16
9.192622524313e14
2.7970474088254138e17
1.5394957166664548e18
2.324959552861239e17
4.7673360187658406e17
2.203120987901248e18
5.897198714777095e16
2.507351937165393e18
2.1787745735912832e18
5.932367369790634e17
1.5994861052706993e18
8.301313929807007e17
2.8542591326515907e18
5.34658127003782e16
1.8055662227256074e18
3.588869135816709e17
4.334617028097e16
4.41615115352328e15
1.7261460130674598e18
3.782961223721261e17
6.952326319397942e17
2.5953483893e13
3.55314809249275e15
1.5370790556781102e18
1.1790791109443453e18
9.746888245923584e17
5.665272293e10
6.261546152628462e17
1.5676040336063677e18
3.721198330905462e17
3.52315171181303e15
4.051971124594875e15
1.3663967791165207e18
5.187544687750089e17
2.51603803970788e16
2.3055271953900892e18
9.65206087337844e17
3.380430985677021e17
2.1614272189366003e18
2.322297969763269e17
1.1326291664811052e18
7.54170951483573e16
2.43661138787034e16
2.584932025983037e18
2.0778902434896433e18
9.883017141179e14
1.977770158315682e17
6.460930276317176e17
2.5859049174225787e18
7.310223722608557e17
1.2448410037745912e18
1.8755643780973187e17
1.7909820614515e16
4.896423093021688e16
5.556457599825e12
1.8402498706536282e18
1.4788982389618624e16
6.113964295603291e17
2.3922458728423392e17
1.68368546468974e16
1.0806369988151258e18
1.3663657858675e13
2.412386151492276e18
1.3374819887320586e18
1.7643034546497958e18
6.603072650811523e17
2.681921753530205e18
1.1638818609724438e17
7.959865442030766e16
9.2295255e7
3.3585935579973176e16
1.639219251189199e17
2.0331085512738e14
2.4866462992466515e17
5.881986278625237e16
4.30262268803555e14
1.4097773679549362e17
2.3911579320107603e17
1.4962289185570067e17
1.5300649451495388e18
1.2249495282262426e17
2.9883488558898624e17
2.855617491582714e17
4.228747893155175e17
3.80760637113555e14
1.189069425727375e15
2.2768754184825043e17
7.751168292307868e17
9.402063471611928e17
1.7980005432572276e16
4.1804035089295e14
5.484002336455e12
8.402753765553152e17
1.7801052894059024e16
3.83461186333e13
9.999615603711746e16
5.0127539891168e14
8.712127945244243e16
4.074920389095182e17
1.56750500166255e15
2.15039070811125e18
1.5536689259483514e17
2.8717928694175e13
2.774428289624654e18
1.7553116888636058e18
1.3460083754373125e18
1.619932736609743e16
1.9752325143255128e16
1.538884040023625e15
4.553191480967445e16
9.087177331692878e17
1.6651764816287524e16
2.26115098198215e15
1.5619413019125e13
3.8704047988125914e17
2.63879922914419e16
2.888690485377491e17
2.631941458086821e18
9.276646454577409e17
5.7150149289855994e17
1.15905122595148e18
1.5364139208808e15
6.227495232600568e16
1.30840208776103e15
1.8089280671505696e17
1.569076605755271e17
6.576316637136159e17
1.6973419848018246e17
1.6682060039774666e18
2.790876916371782e18
1.446075834297839e18
1.211236314765633e16
3.239544993978066e17
2.5665513883375e13
1.516225790056912e17
3.0899046445335936e17
1.3578162785858942e17
7.383429519973934e17
1.199663614192148e16
1.4935522166048202e17
7.8386728767628e14
1.783126762492799e18
1.170819513543e14
8.25286502155e11
1.439501003803165e16
7.713728847429005e15
7.82378107110375e14
3.1597020802117126e17
2.1145324865420876e16
9.449867324349176e15
1.3834909744209376e16
9.09579101227384e16
1.029719287631875e15
2.6294394886543032e16
2.1753537584574505e18
2.4609822256929702e17
1.0379590843605989e18
2.6404971323959173e18
2.3792150582759875e17
1.1406049576413024e17
6.290706089468078e17
2.5982519945139666e18
2.0048257751967508e18
1.4802225375728694e17
2.656034670871267e17
1.600235474219126e17
2.1537820451739156e18
1.5020324696431995e18
8.132873566559688e16
5.4692164929764186e17
2.57789351794714e16
2.3219619600265952e16
1.4609592677561325e17
2.1215971124087856e16
5.5332854159159e15
5.075682793373689e17
1.1783593922870313e18
1.4214845084946793e18
2.3375349444424366e18
1.1547092832925e13
3.279339849906783e17
7.860227488006405e16
3.5011839291220736e17
