 23990 23990 23990 23990 23990
 31528 31528 31528 31528 31528
 19700 19700 19700 19700 19700
 20188 20188 20188 20188 20188
 9602 9602 9602 9602 9602
 16324 16324 16324 16324 16324
 8800 8800 8800 8800 8800
 27621 27621 27621 27621 27621
 14583 14583 14583 14583 14583
 10678 10678 10678 10678 10678
 10344 10344 10344 10344 10344
 30144 30144 30144 30144 30144
 14071 14071 14071 14071 14071
 28250 28250 28250 28250 28250
 10967 10967 10967 10967 10967
 18905 18905 18905 18905 18905
 25766 25766 25766 25766 25766
 2886 2886 2886 2886 2886
 26797 26797 26797 26797 26797
 21445 21445 21445 21445 21445
 26230 26230 26230 26230 26230
 1881 1881 1881 1881 1881
 9835 9835 9835 9835 9835
 28299 28299 28299 28299 28299
 9290 9290 9290 9290 9290
 9537 9537 9537 9537 9537
 3957 3957 3957 3957 3957
 30588 30588 30588 30588 30588
 11690 11690 11690 11690 11690
 11144 11144 11144 11144 11144
 3623 3623 3623 3623 3623
 17509 17509 17509 17509 17509
 29832 29832 29832 29832 29832
 19519 19519 19519 19519 19519
 32362 32362 32362 32362 32362
 2895 2895 2895 2895 2895
 10173 10173 10173 10173 10173
 17273 17273 17273 17273 17273
 25194 25194 25194 25194 25194
 25876 25876 25876 25876 25876
 24067 24067 24067 24067 24067
 23844 23844 23844 23844 23844
 3418 3418 3418 3418 3418
 17864 17864 17864 17864 17864
 6050 6050 6050 6050 6050
 19212 19212 19212 19212 19212
 18803 18803 18803 18803 18803
 24583 24583 24583 24583 24583
 8998 8998 8998 8998 8998
 18044 18044 18044 18044 18044
 13160 13160 13160 13160 13160
 13191 13191 13191 13191 13191
 9112 9112 9112 9112 9112
 6850 6850 6850 6850 6850
 29968 29968 29968 29968 29968
 3704 3704 3704 3704 3704
 11143 11143 11143 11143 11143
 19821 19821 19821 19821 19821
 307 307 307 307 307
 201 201 201 201 201
 21932 21932 21932 21932 21932
 14063 14063 14063 14063 14063
 11609 11609 11609 11609 11609
 26374 26374 26374 26374 26374
 24793 24793 24793 24793 24793
 3519 3519 3519 3519 3519
 7090 7090 7090 7090 7090
 1597 1597 1597 1597 1597
 24749 24749 24749 24749 24749
 8659 8659 8659 8659 8659
 28694 28694 28694 28694 28694
 2682 2682 2682 2682 2682
 6112 6112 6112 6112 6112
 9282 9282 9282 9282 9282
 12390 12390 12390 12390 12390
 5663 5663 5663 5663 5663
 30819 30819 30819 30819 30819
 1648 1648 1648 1648 1648
 23081 23081 23081 23081 23081
 2823 2823 2823 2823 2823
 20892 20892 20892 20892 20892
 30078 30078 30078 30078 30078
 25285 25285 25285 25285 25285
 19019 19019 19019 19019 19019
 18175 18175 18175 18175 18175
 23165 23165 23165 23165 23165
 25658 25658 25658 25658 25658
 24601 24601 24601 24601 24601
 18875 18875 18875 18875 18875
 17328 17328 17328 17328 17328
 5574 5574 5574 5574 5574
 7935 7935 7935 7935 7935
 7283 7283 7283 7283 7283
 2331 2331 2331 2331 2331
 4052 4052 4052 4052 4052
 26897 26897 26897 26897 26897
 3214 3214 3214 3214 3214
 30813 30813 30813 30813 30813
 16070 16070 16070 16070 16070
 26892 26892 26892 26892 26892
 23466 23466 23466 23466 23466
 13582 13582 13582 13582 13582
 347 347 347 347 347
 21399 21399 21399 21399 21399
 243 243 243 243 243
 6100 6100 6100 6100 6100
 32167 32167 32167 32167 32167
 5782 5782 5782 5782 5782
 4794 4794 4794 4794 4794
 13214 13214 13214 13214 13214
 4075 4075 4075 4075 4075
 26333 26333 26333 26333 26333
 27630 27630 27630 27630 27630
 12499 12499 12499 12499 12499
 2482 2482 2482 2482 2482
 18015 18015 18015 18015 18015
 17307 17307 17307 17307 17307
 14367 14367 14367 14367 14367
 17119 17119 17119 17119 17119
 3761 3761 3761 3761 3761
 22015 22015 22015 22015 22015
 5356 5356 5356 5356 5356
 15767 15767 15767 15767 15767
 25153 25153 25153 25153 25153
 25517 25517 25517 25517 25517
 12779 12779 12779 12779 12779
 31676 31676 31676 31676 31676
 17414 17414 17414 17414 17414
 12270 12270 12270 12270 12270
 1067 1067 1067 1067 1067
 26933 26933 26933 26933 26933
 18287 18287 18287 18287 18287
 26406 26406 26406 26406 26406
 6810 6810 6810 6810 6810
 9842 9842 9842 9842 9842
 15445 15445 15445 15445 15445
 8444 8444 8444 8444 8444
 22165 22165 22165 22165 22165
 2361 2361 2361 2361 2361
 21198 21198 21198 21198 21198
 31879 31879 31879 31879 31879
 16279 16279 16279 16279 16279
 12422 12422 12422 12422 12422
 26166 26166 26166 26166 26166
 9655 9655 9655 9655 9655
 17968 17968 17968 17968 17968
 11555 11555 11555 11555 11555
 6027 6027 6027 6027 6027
 533 533 533 533 533
 24151 24151 24151 24151 24151
 21856 21856 21856 21856 21856
 17081 17081 17081 17081 17081
 12038 12038 12038 12038 12038
 27531 27531 27531 27531 27531
 12142 12142 12142 12142 12142
 1796 1796 1796 1796 1796
 26275 26275 26275 26275 26275
 4894 4894 4894 4894 4894
 28993 28993 28993 28993 28993
 9887 9887 9887 9887 9887
 20749 20749 20749 20749 20749
 19869 19869 19869 19869 19869
 13948 13948 13948 13948 13948
 20516 20516 20516 20516 20516
 3487 3487 3487 3487 3487
 26289 26289 26289 26289 26289
 11301 11301 11301 11301 11301
 2278 2278 2278 2278 2278
 1865 1865 1865 1865 1865
 8888 8888 8888 8888 8888
 4607 4607 4607 4607 4607
 13329 13329 13329 13329 13329
 6914 6914 6914 6914 6914
 30565 30565 30565 30565 30565
 17083 17083 17083 17083 17083
 10484 10484 10484 10484 10484
 31525 31525 31525 31525 31525
 28584 28584 28584 28584 28584
 21484 21484 21484 21484 21484
 18552 18552 18552 18552 18552
 25124 25124 25124 25124 25124
 30155 30155 30155 30155 30155
 10510 10510 10510 10510 10510
 6397 6397 6397 6397 6397
 24647 24647 24647 24647 24647
 12485 12485 12485 12485 12485
 12773 12773 12773 12773 12773
 1753 1753 1753 1753 1753
 24468 24468 24468 24468 24468
 14018 14018 14018 14018 14018
 17320 17320 17320 17320 17320
 138 138 138 138 138
 8388 8388 8388 8388 8388
 18892 18892 18892 18892 18892
 3595 3595 3595 3595 3595
 16921 16921 16921 16921 16921
 15514 15514 15514 15514 15514
 26654 26654 26654 26654 26654
 13039 13039 13039 13039 13039
 5411 5411 5411 5411 5411
 278 278 278 278 278
 5318 5318 5318 5318 5318
 10245 10245 10245 10245 10245
 4209 4209 4209 4209 4209
 10927 10927 10927 10927 10927
 676 676 676 676 676
 4248 4248 4248 4248 4248
 7153 7153 7153 7153 7153
 17181 17181 17181 17181 17181
 19543 19543 19543 19543 19543
 2698 2698 2698 2698 2698
 11469 11469 11469 11469 11469
 30477 30477 30477 30477 30477
 21101 21101 21101 21101 21101
 6571 6571 6571 6571 6571
 19462 19462 19462 19462 19462
 22433 22433 22433 22433 22433
 23606 23606 23606 23606 23606
 7269 7269 7269 7269 7269
 1861 1861 1861 1861 1861
 25416 25416 25416 25416 25416
 26792 26792 26792 26792 26792
 9611 9611 9611 9611 9611
 29560 29560 29560 29560 29560
 31999 31999 31999 31999 31999
 7358 7358 7358 7358 7358
 8199 8199 8199 8199 8199
 1594 1594 1594 1594 1594
 10050 10050 10050 10050 10050
 2182 2182 2182 2182 2182
 21044 21044 21044 21044 21044
 32361 32361 32361 32361 32361
 27240 27240 27240 27240 27240
 11352 11352 11352 11352 11352
 30708 30708 30708 30708 30708
 25599 25599 25599 25599 25599
 21236 21236 21236 21236 21236
 22180 22180 22180 22180 22180
 22556 22556 22556 22556 22556
 27174 27174 27174 27174 27174
 3035 3035 3035 3035 3035
 18 18 18 18 18
 20024 20024 20024 20024 20024
 29535 29535 29535 29535 29535
 6105 6105 6105 6105 6105
 28093 28093 28093 28093 28093
 25023 25023 25023 25023 25023
 32370 32370 32370 32370 32370
 16859 16859 16859 16859 16859
 14885 14885 14885 14885 14885
 2367 2367 2367 2367 2367
 22340 22340 22340 22340 22340
 1267 1267 1267 1267 1267
 11489 11489 11489 11489 11489
 14221 14221 14221 14221 14221
 20120 20120 20120 20120 20120
 6328 6328 6328 6328 6328
 8991 8991 8991 8991 8991
 3874 3874 3874 3874 3874
 11394 11394 11394 11394 11394
 18153 18153 18153 18153 18153
 8360 8360 8360 8360 8360
 11491 11491 11491 11491 11491
 3550 3550 3550 3550 3550
 18597 18597 18597 18597 18597
 30334 30334 30334 30334 30334
 28279 28279 28279 28279 28279
 237 237 237 237 237
 31654 31654 31654 31654 31654
 5025 5025 5025 5025 5025
 20757 20757 20757 20757 20757
 30326 30326 30326 30326 30326
 30203 30203 30203 30203 30203
 788 788 788 788 788
 14333 14333 14333 14333 14333
 32508 32508 32508 32508 32508
 29921 29921 29921 29921 29921
 15984 15984 15984 15984 15984
 25248 25248 25248 25248 25248
 7213 7213 7213 7213 7213
 7854 7854 7854 7854 7854
 30516 30516 30516 30516 30516
 15907 15907 15907 15907 15907
 3814 3814 3814 3814 3814
 24996 24996 24996 24996 24996
 2804 2804 2804 2804 2804
 17969 17969 17969 17969 17969
 24269 24269 24269 24269 24269
 1253 1253 1253 1253 1253
 12927 12927 12927 12927 12927
 28137 28137 28137 28137 28137
 2294 2294 2294 2294 2294
 6684 6684 6684 6684 6684
 18257 18257 18257 18257 18257
 28824 28824 28824 28824 28824
 26560 26560 26560 26560 26560
 17054 17054 17054 17054 17054
 17493 17493 17493 17493 17493
 22826 22826 22826 22826 22826
 5271 5271 5271 5271 5271
