 14938 14938 14938 14938 14938
 6976 6976 6976 6976 6976
 15540 15540 15540 15540 15540
 30567 30567 30567 30567 30567
 12321 12321 12321 12321 12321
 5478 5478 5478 5478 5478
 11550 11550 11550 11550 11550
 22193 22193 22193 22193 22193
 18590 18590 18590 18590 18590
 14484 14484 14484 14484 14484
 12063 12063 12063 12063 12063
 22918 22918 22918 22918 22918
 7974 7974 7974 7974 7974
 6630 6630 6630 6630 6630
 28297 28297 28297 28297 28297
 9331 9331 9331 9331 9331
 20394 20394 20394 20394 20394
 18677 18677 18677 18677 18677
 4309 4309 4309 4309 4309
 13003 13003 13003 13003 13003
 24227 24227 24227 24227 24227
 22939 22939 22939 22939 22939
 30440 30440 30440 30440 30440
 7103 7103 7103 7103 7103
 16401 16401 16401 16401 16401
 29622 29622 29622 29622 29622
 27712 27712 27712 27712 27712
 32496 32496 32496 32496 32496
 24429 24429 24429 24429 24429
 15603 15603 15603 15603 15603
 7154 7154 7154 7154 7154
 22624 22624 22624 22624 22624
 11613 11613 11613 11613 11613
 1628 1628 1628 1628 1628
 24261 24261 24261 24261 24261
 12516 12516 12516 12516 12516
 27319 27319 27319 27319 27319
 22133 22133 22133 22133 22133
 26827 26827 26827 26827 26827
 2344 2344 2344 2344 2344
 21051 21051 21051 21051 21051
 21953 21953 21953 21953 21953
 4911 4911 4911 4911 4911
 6034 6034 6034 6034 6034
 18878 18878 18878 18878 18878
 31557 31557 31557 31557 31557
 8487 8487 8487 8487 8487
 14781 14781 14781 14781 14781
 20016 20016 20016 20016 20016
 28312 28312 28312 28312 28312
 23210 23210 23210 23210 23210
 951 951 951 951 951
 4281 4281 4281 4281 4281
 2702 2702 2702 2702 2702
 18735 18735 18735 18735 18735
 28751 28751 28751 28751 28751
 28928 28928 28928 28928 28928
 26213 26213 26213 26213 26213
 18261 18261 18261 18261 18261
 26818 26818 26818 26818 26818
 24447 24447 24447 24447 24447
 11065 11065 11065 11065 11065
 23608 23608 23608 23608 23608
 12942 12942 12942 12942 12942
 12694 12694 12694 12694 12694
 6980 6980 6980 6980 6980
 11290 11290 11290 11290 11290
 10069 10069 10069 10069 10069
 29933 29933 29933 29933 29933
 17731 17731 17731 17731 17731
 30665 30665 30665 30665 30665
 21882 21882 21882 21882 21882
 3327 3327 3327 3327 3327
 26758 26758 26758 26758 26758
 29688 29688 29688 29688 29688
 28472 28472 28472 28472 28472
 1173 1173 1173 1173 1173
 8167 8167 8167 8167 8167
 20910 20910 20910 20910 20910
 6208 6208 6208 6208 6208
 21957 21957 21957 21957 21957
 6664 6664 6664 6664 6664
 23812 23812 23812 23812 23812
 2574 2574 2574 2574 2574
 28767 28767 28767 28767 28767
 12799 12799 12799 12799 12799
 1873 1873 1873 1873 1873
 13516 13516 13516 13516 13516
 25649 25649 25649 25649 25649
 29352 29352 29352 29352 29352
 13911 13911 13911 13911 13911
 10592 10592 10592 10592 10592
 4825 4825 4825 4825 4825
 13569 13569 13569 13569 13569
 2642 2642 2642 2642 2642
 13563 13563 13563 13563 13563
 6069 6069 6069 6069 6069
 2898 2898 2898 2898 2898
 23167 23167 23167 23167 23167
 8571 8571 8571 8571 8571
 24188 24188 24188 24188 24188
 25489 25489 25489 25489 25489
 8293 8293 8293 8293 8293
 780 780 780 780 780
 25974 25974 25974 25974 25974
 27660 27660 27660 27660 27660
 16862 16862 16862 16862 16862
 3977 3977 3977 3977 3977
 2229 2229 2229 2229 2229
 30378 30378 30378 30378 30378
 18413 18413 18413 18413 18413
 20730 20730 20730 20730 20730
 4890 4890 4890 4890 4890
 20800 20800 20800 20800 20800
 27700 27700 27700 27700 27700
 28872 28872 28872 28872 28872
 32331 32331 32331 32331 32331
 16671 16671 16671 16671 16671
 31287 31287 31287 31287 31287
 474 474 474 474 474
 19350 19350 19350 19350 19350
 809 809 809 809 809
 17544 17544 17544 17544 17544
 4167 4167 4167 4167 4167
 21671 21671 21671 21671 21671
 24852 24852 24852 24852 24852
 3207 3207 3207 3207 3207
 8462 8462 8462 8462 8462
 25418 25418 25418 25418 25418
 14062 14062 14062 14062 14062
 4257 4257 4257 4257 4257
 28821 28821 28821 28821 28821
 2073 2073 2073 2073 2073
 17216 17216 17216 17216 17216
 27696 27696 27696 27696 27696
 30369 30369 30369 30369 30369
 2628 2628 2628 2628 2628
 18696 18696 18696 18696 18696
 26422 26422 26422 26422 26422
 10024 10024 10024 10024 10024
 31096 31096 31096 31096 31096
 21454 21454 21454 21454 21454
 8636 8636 8636 8636 8636
 1951 1951 1951 1951 1951
 9908 9908 9908 9908 9908
 19829 19829 19829 19829 19829
 6352 6352 6352 6352 6352
 12929 12929 12929 12929 12929
 28760 28760 28760 28760 28760
 22434 22434 22434 22434 22434
 9297 9297 9297 9297 9297
 5908 5908 5908 5908 5908
 25306 25306 25306 25306 25306
 31244 31244 31244 31244 31244
 28528 28528 28528 28528 28528
 24791 24791 24791 24791 24791
 4146 4146 4146 4146 4146
 32113 32113 32113 32113 32113
 9848 9848 9848 9848 9848
 16718 16718 16718 16718 16718
 4741 4741 4741 4741 4741
 12378 12378 12378 12378 12378
 3973 3973 3973 3973 3973
 3544 3544 3544 3544 3544
 3362 3362 3362 3362 3362
 3982 3982 3982 3982 3982
 260 260 260 260 260
 1470 1470 1470 1470 1470
 21508 21508 21508 21508 21508
 29016 29016 29016 29016 29016
 29486 29486 29486 29486 29486
 29538 29538 29538 29538 29538
 25528 25528 25528 25528 25528
 32148 32148 32148 32148 32148
 8099 8099 8099 8099 8099
 13683 13683 13683 13683 13683
 14490 14490 14490 14490 14490
 20293 20293 20293 20293 20293
 2459 2459 2459 2459 2459
 24951 24951 24951 24951 24951
 31815 31815 31815 31815 31815
 25139 25139 25139 25139 25139
 18294 18294 18294 18294 18294
 17055 17055 17055 17055 17055
 3924 3924 3924 3924 3924
 329 329 329 329 329
 1380 1380 1380 1380 1380
 3420 3420 3420 3420 3420
 16187 16187 16187 16187 16187
 29665 29665 29665 29665 29665
 29043 29043 29043 29043 29043
 3449 3449 3449 3449 3449
 23616 23616 23616 23616 23616
 11588 11588 11588 11588 11588
 29839 29839 29839 29839 29839
 6810 6810 6810 6810 6810
 17817 17817 17817 17817 17817
 29555 29555 29555 29555 29555
 10368 10368 10368 10368 10368
 10472 10472 10472 10472 10472
 17526 17526 17526 17526 17526
 20340 20340 20340 20340 20340
 30124 30124 30124 30124 30124
 5011 5011 5011 5011 5011
 15054 15054 15054 15054 15054
 30917 30917 30917 30917 30917
 1925 1925 1925 1925 1925
 27501 27501 27501 27501 27501
 28901 28901 28901 28901 28901
 8941 8941 8941 8941 8941
 16801 16801 16801 16801 16801
 26999 26999 26999 26999 26999
 13087 13087 13087 13087 13087
 29877 29877 29877 29877 29877
 14544 14544 14544 14544 14544
 14196 14196 14196 14196 14196
 30536 30536 30536 30536 30536
 20508 20508 20508 20508 20508
 6833 6833 6833 6833 6833
 30574 30574 30574 30574 30574
 4476 4476 4476 4476 4476
 6748 6748 6748 6748 6748
 15250 15250 15250 15250 15250
 17181 17181 17181 17181 17181
 24827 24827 24827 24827 24827
 18022 18022 18022 18022 18022
 11576 11576 11576 11576 11576
 28663 28663 28663 28663 28663
 27710 27710 27710 27710 27710
 2409 2409 2409 2409 2409
 32614 32614 32614 32614 32614
 12156 12156 12156 12156 12156
 9900 9900 9900 9900 9900
 16504 16504 16504 16504 16504
 16403 16403 16403 16403 16403
 28489 28489 28489 28489 28489
 22595 22595 22595 22595 22595
 22486 22486 22486 22486 22486
 17450 17450 17450 17450 17450
 32071 32071 32071 32071 32071
 30433 30433 30433 30433 30433
 28805 28805 28805 28805 28805
 23316 23316 23316 23316 23316
 21556 21556 21556 21556 21556
 25644 25644 25644 25644 25644
 9198 9198 9198 9198 9198
 14427 14427 14427 14427 14427
 13295 13295 13295 13295 13295
 15118 15118 15118 15118 15118
 27247 27247 27247 27247 27247
 26535 26535 26535 26535 26535
 9903 9903 9903 9903 9903
 24891 24891 24891 24891 24891
 13820 13820 13820 13820 13820
 29501 29501 29501 29501 29501
 30979 30979 30979 30979 30979
 3504 3504 3504 3504 3504
 21786 21786 21786 21786 21786
 19813 19813 19813 19813 19813
 25585 25585 25585 25585 25585
 251 251 251 251 251
 11735 11735 11735 11735 11735
 9969 9969 9969 9969 9969
 22385 22385 22385 22385 22385
 30721 30721 30721 30721 30721
 16497 16497 16497 16497 16497
 26935 26935 26935 26935 26935
 22577 22577 22577 22577 22577
 17773 17773 17773 17773 17773
 6531 6531 6531 6531 6531
 2589 2589 2589 2589 2589
 15342 15342 15342 15342 15342
 24116 24116 24116 24116 24116
 26596 26596 26596 26596 26596
 24219 24219 24219 24219 24219
 22765 22765 22765 22765 22765
 27365 27365 27365 27365 27365
 2655 2655 2655 2655 2655
 4015 4015 4015 4015 4015
 20149 20149 20149 20149 20149
 3372 3372 3372 3372 3372
 31734 31734 31734 31734 31734
 4895 4895 4895 4895 4895
 31278 31278 31278 31278 31278
 14253 14253 14253 14253 14253
 27270 27270 27270 27270 27270
 20895 20895 20895 20895 20895
 29967 29967 29967 29967 29967
 25277 25277 25277 25277 25277
 10518 10518 10518 10518 10518
 5432 5432 5432 5432 5432
 18192 18192 18192 18192 18192
 3864 3864 3864 3864 3864
 14547 14547 14547 14547 14547
 25904 25904 25904 25904 25904
 28600 28600 28600 28600 28600
 15691 15691 15691 15691 15691
 19911 19911 19911 19911 19911
 2988 2988 2988 2988 2988
 4374 4374 4374 4374 4374
