3.5689979741479e17
1.019399514755305e16
1.9771007998935555e18
1.0653777339038444e18
2.9183554158673e14
4.802107232176692e17
6.656525704217108e16
7.876768490113398e16
2.2741438227534403e18
1.218251635153351e18
7.1679031653125e13
1.428954044886425e16
6.0548331666732496e16
2.321340132491217e18
8.350610799967534e16
2.166152923646748e16
5.475429883406675e15
7.29459564515905e14
4.232780243506463e16
3.662912241925741e16
6.712093364043192e17
2.4999600125e12
5.30771007795493e15
4.9362784619065184e16
4.523929425793594e17
1.0253724605255424e17
5.1555356253364736e17
6.182433403586788e17
3.4565145948302726e17
6.482735914903447e17
1.1477219059199144e18
3.140737203653898e16
1.1512533553718505e18
2.5999910681257315e17
2.950449469852e14
2.7566911068975457e18
4.348425208909405e15
2.1968000918485422e18
9.88602517955e11
4.903048834121852e16
1.8677920669275e14
8.61308059509287e16
1.165442678565293e16
9.537955167050687e17
6.133783532720351e17
1.7691782282096425e18
1.0762005236375e15
2.45765155430636e18
1.1979050542125e14
2.290984354628655e15
2.4031457113827578e17
3.6504744398398323e17
2.6829218952689864e18
2.021222609210863e18
4.1107311293158925e17
1.2946836992000748e18
1.9959970506856294e18
3.1099980510112768e16
1.1354231120045e14
1.0948674181396481e18
9.532086923598904e15
1.7350255628007683e18
8.709577649730986e16
5.0365814889836896e17
2.1126869616875e13
1.6637744834142643e18
4.458468148125e13
1.9116329901900445e17
2.841972821120726e17
1.1807707985723696e17
2.1041647555135314e18
2.4537530731125e13
2.423884399606948e16
4.075009997236425e15
9.505758919186669e17
1.85748687176e13
2.6242504040564804e16
2.657567037932375e15
2.5625785820112856e16
4.151711085973311e17
2.0129085540930112e17
1.74777207091191e16
4.8207087524076896e16
1.5046648375132742e17
2.909414197993e13
1.7295018245289367e18
1.6584218308168246e18
1.747704623324955e15
6.902808306820221e17
1.7436056375e10
3.884472589417251e17
1.43881008245e12
1.221997151482655e15
2.992194203925e13
5.959291634852042e17
2.3581536154429565e17
2.4479875854362716e18
1.4454467067735962e18
2.61684587589318e15
2.0831253492123284e18
6.7203329647905e13
9.803096536123318e16
2.6083532701595e14
8.107985398064934e17
5.940973187269416e17
5.1361904808175e13
5.503690499012246e17
5.884133722223507e17
5.5495681451172915e17
6.663865412817943e17
2.199958837269856e18
2.8032613008938793e18
1.4289534324915436e18
2.0149153519445e16
5.719178984598e13
2.6659574828444493e18
2.3729142860262707e18
6.132681201620037e17
2.4779974937099e15
5.356799548039616e17
1.978957824065622e18
6.752927189046425e16
8.587117362063098e17
8.514985338088266e17
3.3287451035106956e16
2.651716775203801e18
2.3586918991573446e17
8.304080803891843e17
1.9736555084906842e18
2.6284010566409976e16
1.720671796902305e15
2.0277670003320934e17
2.710079139402805e15
3.20079021438342e17
5.065169931936348e17
5.762648224404175e15
4.289964736443773e17
1.92199519651233e18
2.3608337886755e13
7.584349466537088e17
1.3355049277196905e18
2.1993842667121062e18
4.9778823537342246e17
4.2705896406655e13
2.111887805845648e16
1.049785686877451e18
2.664962088090534e18
1.225819697087708e16
2.844492942441838e16
1.8110227877140244e18
2.877029685566704e18
8.482604320207494e17
1.0299915733756291e17
2.5797479071898716e18
1.7826359486285476e18
1.6085541067802962e18
5.37667120875e11
2.436180343001702e18
8.370693528074563e17
3.2952216555745914e17
1.007208002918083e16
1.4374955131968998e18
1.0701845395694141e17
8.776067556943318e16
4.8451090876555e15
1.261418561560776e18
1.57137748549593e16
2.3635406005179677e17
3.070623980618e15
6.982650686894291e17
1.0186317485776334e18
2.840313834896595e18
1.4934189941974016e18
1.0789521893255987e18
1.0307810837240928e18
3.353715288500823e17
1.7007093083292688e17
2.862437801135955e15
3.1705084296370728e16
3.640773426937217e17
6.204622667238e13
1.028546427694707e17
1.88336003015225e15
1.6019759736976868e18
1.85259138259275e14
1.2531835382626768e17
1.04221565603925e14
1.8688121842417756e18
2.676259564447393e18
5.4097786195945805e17
4.00648235881155e14
1.603457288777751e17
6.480437989092613e17
2.7436012139795347e17
7.74252894325e11
7.796861385117855e15
6.563549065875982e17
3.25459670919088e17
2.5379154582912896e18
1.2648269033358e14
3.357345879797712e16
1.33254055617655e14
8.176562711241898e16
2.2850579735833e14
3.15619195057325e16
1.5060644343491124e16
1.752330774e12
9.406620298731269e17
1.683668522304511e18
1.5963213808468378e18
4.1196431083410624e16
9.933888657493048e17
4.00198005849505e14
2.1108417680291725e18
2.03284746784275e15
3.0134995053653216e17
9.04284791740953e17
9.87132227624153e15
2.109231073213961e17
2.46828361609464e18
3.847820439648777e17
1.1631431160642708e18
1.52523741055e11
4.986439245611015e16
6.660346772268344e17
5.430186034536775e16
4.121340524275e13
1.274550701125e12
7.826333784729887e17
2.9643673125e10
1.581006425915389e17
3.5562278507492072e16
7.066860769774849e17
2.0274310576974884e18
3.26597808355978e16
1.7606539908101627e18
7.685680585362003e17
3.71782034325e11
2.326129793989425e18
2.11947127033945e15
2.0693699460969935e18
3.541171089458425e17
7.48708786228e14
1.76133986322728e15
1.2927542874959127e18
1.9295356100495867e18
-120.0
1.0101112116564252e18
2.415774604196345e18
5.3279762370947674e17
4.9552807967375e13
2.5127440047024077e18
8.472767584614548e17
2.1197691551724948e18
2.7714425218749293e17
4.894519446839156e17
1.3041955308124656e17
6.116490955119155e15
2.1003345043841437e17
2.6495674743803856e17
2.0204138640674719e18
7.822447285625e12
2.0621075023781568e17
4.748201550079794e17
4.4615833806125e14
3.2403925524202376e16
3.898792125589125e16
3.84653313876793e15
9.382336349188895e17
1.471511749304091e17
9.639720931325981e16
7.584349466537088e17
1.42770358039325e14
1.8717389119172156e16
1.0640440321697879e18
2.8577534659788247e18
1.851205256949262e17
8.469841259476283e16
1.7855823522681613e18
4.234264713442228e16
6.353857935805665e17
2.7515904539519457e18
2.911318427138854e17
6.9596372727541696e16
2.3644111302073477e18
5.765085556929148e16
8.6970729408e11
4.8002724409779e17
2.2924609655182925e18
2.8537539676645312e17
1.0794401361461774e17
1.2147243944501324e16
9.453804564630938e17
1.4583300393285642e17
5.585448581276999e17
8.827973611243313e17
1.53096515014468e17
2.145029283826563e18
1.345412191975701e18
3.660194826445952e17
