6.243403155714816
11.04001864645826
2.308423653551468
1.6263873413489707
5.300759878458574
-25.525872317279692
-19.809231782924904
15.13187760966135
14.98311207204844
2.562542773284064
-14.059414136362012
15.147068571893461
15.148646444987381
6.993027745559522
-20.925668710030536
3.939819913162691
6.03404533391178
1.9234826670923724
14.054491540026811
2.83089932976308
-17.32678748538745
-4.039800798274429
1.8395688145479903
13.700836283176415
-3.9345996759300377
-25.04271209841297
1.5414351583768706
14.653357000811967
10.976350601533166
-21.151265352680134
12.716830663056465
11.342213808430566
8.995665324081568
9.2970038436811
2.492329244721956
3.103234078134715
5.18817657892052
11.917234702121492
14.650156395207823
14.557800423348509
4.234818653903405
-19.44640420185803
-25.829260361077054
2.2011329145637712
7.501143677422217
14.860522295825687
2.112627354401174
-23.598983234434144
-23.2174309945202
1.5943706543567164
2.9193491851862317
2.826583403841991
9.41547290437136
1.9858706718436383
14.218606823537536
15.133579543784116
4.807045341289541
4.217388326394595
3.300380222280306
-23.77173790357266
11.33816960226517
-7.217023559089036
-15.198627148860892
9.072329459756515
-25.86682191684033
1.6459566252745357
1.8927279892560382
3.3141552228354603
2.110763013775522
-23.577931388594134
4.791266013358329
14.739979076642854
13.557889801201748
1.9566495973901261
1.5817616092501399
-18.775030203159517
6.744646138580952
-20.0811542955976
-25.05987832842048
-11.703027631885467
4.3858963509546856
13.860832916343885
13.12936595414208
2.181686794316618
5.073360006419195
4.829814122382407
6.251354235050123
5.901701204776428
-20.41398912382175
13.706899984557987
4.155052509247561
-26.039758630679973
1.7731189206206643
15.11148180689505
-6.575349998528847
4.899429442721903
-26.025321709170672
-24.73567038538033
3.208636118653126
6.570068739826475
14.858950399234157
-25.96362826021326
-21.2431168009371
-22.191450894018804
14.735013377406691
-25.963731510932234
8.78571718604017
8.926898996200443
3.324040696684435
10.072852654094113
2.9099129753991537
11.653538129696296
1.5409250438423108
3.602105140487717
1.7706083556300651
10.674017691805469
-25.871604152805695
13.81953376576327
1.5410915224322481
13.286418852000159
14.487236433173937
4.915241181383517
-21.4183700045323
1.2338871893820467
12.998195591563764
5.788706570784495
-0.6686393022379087
1.54546240757147
15.146587907998505
1.8906447507019035
1.5984343901524596
-26.04123315575227
-25.866325533903026
-12.135736051420807
3.310203151023095
-26.051448389136496
1.7211549838661675
0.8333353508828734
6.959431194347548
3.9412509733411727
15.151957382640429
1.844838441017372
5.579040348664093
7.633692047529372
9.39842924939804
-16.858043432877608
10.382064363909594
1.7498137581324908
11.326865690266892
7.921467578607761
4.0605602080541106
1.6160855269625871
10.176635593347774
13.933695420923213
15.069721450076258
-19.82201228555782
11.919854780078943
-9.592576840908128
3.8048455494131193
-1.2902469354429762
13.543196561228017
1.5673356926486663
14.389901490970228
1.6269218080598797
-25.22333352759687
7.133783210196067
-16.557068003697093
1.5457178694446188
-7.63316434794762
10.835770028789666
14.815743646630999
-25.597317601825296
1.9352602904892802
13.182410355611253
7.933014361267436
1.6328862721728246
4.614793207226482
9.103569016087086
6.756562871753665
-6.009579456719582
-13.957376113977592
1.5460219916546736
-20.901112828236847
-6.62916761640936
1.9766369587013624
1.6615386709986244
1.7489468704010067
3.601261219784858
1.5520047329192823
-13.970863944746007
12.270805326081076
15.131825044520859
13.172051658147184
4.716628593759084
-12.716836412572228
9.705767176652003
-25.879351542555042
1.5425875953519061
12.689155704870139
-18.138982349379887
-21.761384940189103
8.975906823147499
7.5172663785511835
2.259262394827549
1.8067924946043392
10.65830855316816
3.253281602998956
4.13803323552812
3.9324804470595383
4.555539557709328
14.567983999642461
-24.372663197584963
-7.702062487067237
11.630064675453756
14.025383757439934
1.590294917019047
1.5714834981987447
-25.4422147426786
-1.805538514870713
4.724018443528061
-25.52076993187935
15.048488188250206
14.859998822672065
1.5863827659569296
13.459194865882363
0.2511655305760194
9.647800426361794
1.691444237561547
14.45746566385312
12.996240193666802
11.123803492758654
5.638984056459322
9.099826623667374
-25.870378197470288
-24.726352740087435
1.5409163787377826
-20.344846318821958
14.798508653749034
-25.746530007741235
-25.646846491866224
2.70603013988006
6.038666108515142
1.5420047473642708
8.21074139560579
5.37497482122973
2.1996196627564935
8.772411939002229
15.03236693211331
-16.449845335576168
-21.182365158632596
-23.228965643523146
10.006027326763041
-14.441584004776292
11.952548166046935
5.172721674663522
3.100541211288452
-15.691916107486016
-25.984107810080424
5.229032747038446
2.492329244721956
1.6266580821584478
-26.011050007935197
-21.99505977264133
7.884633017324716
-10.084582738307258
-24.459156579306885
9.138416933057396
1.5705857779935566
13.686588981772742
5.373196429307579
-16.562492515752517
14.179469291575973
7.384285012211658
-15.619657886281598
-9.239978418816282
1.6833546062247047
1.728790718462121
1.604620260130496
10.551605344154627
3.615819353881842
1.5777011985621834
1.7950428894199888
14.938299903812695
4.301317930125581
-21.44309075589532
-24.34398340472653
10.518929244291684
2.051950877327884
-12.646484692837156
-20.65944592042143
-25.20530825170964
13.694409292050489
-7.67721982503773
8.656391498366402
4.815815251719827
5.771717107309007
-25.042058412248913
7.778357751879735
3.056025668316259
-10.098246921568522
