 27332 27332
 14050 14050
 23716 23716
 28155 28155
 5638 5638
 8420 8420
 9177 9177
 19894 19894
 16691 16691
 13018 13018
 9220 9220
 10673 10673
 27622 27622
 6994 6994
 23131 23131
 21175 21175
 6221 6221
 16934 16934
 9013 9013
 5738 5738
 16870 16870
 3521 3521
 7753 7753
 1695 1695
 31256 31256
 32052 32052
 11378 11378
 5356 5356
 27152 27152
 23922 23922
 3243 3243
 28487 28487
 16527 16527
 4251 4251
 22445 22445
 27438 27438
 25866 25866
 18865 18865
 15173 15173
 3296 3296
 27920 27920
 4172 4172
 13752 13752
 2228 2228
 12885 12885
 12104 12104
 26005 26005
 20439 20439
 19054 19054
 20946 20946
 31714 31714
 20458 20458
 22967 22967
 18100 18100
 11068 11068
 6546 6546
 28785 28785
 12182 12182
 16680 16680
 26580 26580
 21592 21592
 150 150
 15621 15621
 15292 15292
 23292 23292
 11901 11901
 25649 25649
 32439 32439
 15787 15787
 1091 1091
 52 52
 8775 8775
 8337 8337
 19526 19526
 10553 10553
 13785 13785
 24118 24118
 23235 23235
 29957 29957
 14609 14609
 10762 10762
 14241 14241
 24068 24068
 4160 4160
 5317 5317
 17325 17325
 16855 16855
 12149 12149
 28558 28558
 31671 31671
 31210 31210
 8300 8300
 14194 14194
 22235 22235
 29537 29537
 1999 1999
 25678 25678
 23778 23778
 21100 21100
 21184 21184
 25259 25259
 28595 28595
 31466 31466
 18467 18467
 16320 16320
 12884 12884
 20532 20532
 17765 17765
 4017 4017
 3194 3194
 22961 22961
 18070 18070
 20310 20310
 21320 21320
 17383 17383
 20808 20808
 576 576
 2312 2312
 14770 14770
 8848 8848
 25145 25145
 26659 26659
 7096 7096
 27586 27586
 15966 15966
 23398 23398
 25211 25211
 6049 6049
 7103 7103
 24710 24710
 10935 10935
 6269 6269
 28836 28836
 26402 26402
 3176 3176
 10576 10576
 28529 28529
 17042 17042
 9681 9681
 1874 1874
 29955 29955
 20252 20252
 23204 23204
 26715 26715
 25188 25188
 28476 28476
 2231 2231
 21846 21846
 22024 22024
 28482 28482
 11095 11095
 10987 10987
 26286 26286
 28822 28822
 25415 25415
 3109 3109
 1364 1364
 8579 8579
 18159 18159
 7723 7723
 26453 26453
 18758 18758
 16640 16640
 13176 13176
 20403 20403
 11067 11067
 25172 25172
 11752 11752
 8908 8908
 23139 23139
 29315 29315
 12241 12241
 25437 25437
 5268 5268
 11327 11327
 189 189
 17191 17191
 2828 2828
 7763 7763
 1223 1223
 30962 30962
 7017 7017
 13309 13309
 24433 24433
 17145 17145
 12246 12246
 18812 18812
 11192 11192
 5934 5934
 30282 30282
 13723 13723
 12056 12056
 4019 4019
 893 893
 8468 8468
 23204 23204
 26111 26111
 28366 28366
 21721 21721
 16003 16003
 15305 15305
 26355 26355
 1052 1052
 30583 30583
 29916 29916
 21815 21815
 11426 11426
 1004 1004
 11158 11158
 19325 19325
 10033 10033
 19022 19022
 254 254
 21966 21966
 8034 8034
 901 901
 26383 26383
 19207 19207
 23225 23225
 21620 21620
 25869 25869
 27121 27121
 1208 1208
 8570 8570
 9144 9144
 25271 25271
 14578 14578
 19893 19893
 21841 21841
 22880 22880
 28751 28751
 30050 30050
 17723 17723
 27584 27584
 10815 10815
 21897 21897
 23659 23659
 20800 20800
 25750 25750
 21881 21881
 11921 11921
 30577 30577
 25976 25976
 1599 1599
 28287 28287
 30716 30716
 5424 5424
 23671 23671
 16762 16762
 3812 3812
 14332 14332
 12187 12187
 8304 8304
 19296 19296
 23265 23265
 11224 11224
 18699 18699
 8422 8422
 9236 9236
 23170 23170
 16444 16444
 17415 17415
 18130 18130
 17678 17678
 21231 21231
 8353 8353
 146 146
 6759 6759
 7300 7300
 27894 27894
 16426 16426
 15545 15545
 23299 23299
 25939 25939
 22940 22940
 14253 14253
 30277 30277
 30089 30089
 12679 12679
 14555 14555
 552 552
 15146 15146
 5023 5023
 26435 26435
 6367 6367
 2121 2121
 14243 14243
 20834 20834
 22162 22162
 14719 14719
 31823 31823
 21406 21406
 26393 26393
 25059 25059
 13817 13817
 4031 4031
 5264 5264
 14743 14743
 8685 8685
 835 835
