 3071 3071
 13955 13955
 9514 9514
 10144 10144
 22299 22299
 19161 19161
 16170 16170
 14228 14228
 9119 9119
 17296 17296
 29760 29760
 26763 26763
 9976 9976
 4923 4923
 10132 10132
 13657 13657
 9473 9473
 3537 3537
 22311 22311
 371 371
 27114 27114
 14919 14919
 20433 20433
 20168 20168
 23310 23310
 5702 5702
 10310 10310
 20932 20932
 27455 27455
 15178 15178
 13340 13340
 15897 15897
 10729 10729
 21585 21585
 14199 14199
 2424 2424
 30647 30647
 22714 22714
 24471 24471
 28166 28166
 30146 30146
 22487 22487
 8272 8272
 15800 15800
 9316 9316
 26589 26589
 10023 10023
 20270 20270
 5951 5951
 21355 21355
 17045 17045
 4317 4317
 29490 29490
 11354 11354
 5149 5149
 13690 13690
 14029 14029
 29296 29296
 18888 18888
 2067 2067
 19515 19515
 4852 4852
 1704 1704
 18636 18636
 792 792
 18320 18320
 31643 31643
 7430 7430
 10748 10748
 7838 7838
 17132 17132
 23129 23129
 13237 13237
 32309 32309
 26792 26792
 16106 16106
 7475 7475
 14317 14317
 32695 32695
 3712 3712
 13403 13403
 24859 24859
 32585 32585
 16482 16482
 651 651
 13269 13269
 2801 2801
 31637 31637
 11616 11616
 20232 20232
 28311 28311
 7132 7132
 26003 26003
 15643 15643
 27756 27756
 28209 28209
 3508 3508
 19948 19948
 3015 3015
 25766 25766
 32312 32312
 20228 20228
 19854 19854
 22019 22019
 1139 1139
 27001 27001
 25499 25499
 10437 10437
 22947 22947
 6650 6650
 4404 4404
 10571 10571
 6543 6543
 18573 18573
 26945 26945
 28098 28098
 5797 5797
 21785 21785
 13618 13618
 7289 7289
 27850 27850
 24474 24474
 8063 8063
 9374 9374
 15753 15753
 5521 5521
 1924 1924
 10247 10247
 9263 9263
 21561 21561
 14718 14718
 10150 10150
 8626 8626
 27659 27659
 25672 25672
 23909 23909
 21733 21733
 12225 12225
 29944 29944
 8077 8077
 6362 6362
 13567 13567
 9693 9693
 30673 30673
 27495 27495
 3665 3665
 11181 11181
 8301 8301
 4951 4951
 29587 29587
 2910 2910
 31290 31290
 19262 19262
 9494 9494
 4609 4609
 8673 8673
 32399 32399
 3977 3977
 12217 12217
 21831 21831
 20027 20027
 24970 24970
 25208 25208
 9 9
 32699 32699
 8765 8765
 6069 6069
 4049 4049
 14523 14523
 22449 22449
 17561 17561
 14272 14272
 19621 19621
 9869 9869
 18812 18812
 18490 18490
 7221 7221
 14063 14063
 25132 25132
 25966 25966
 27042 27042
 23883 23883
 1075 1075
 25121 25121
 13693 13693
 26240 26240
 5740 5740
 14361 14361
 8227 8227
 3558 3558
 5924 5924
 5249 5249
 31869 31869
 4636 4636
 13481 13481
 378 378
 4746 4746
 16682 16682
 26446 26446
 3458 3458
 9602 9602
 20424 20424
 5346 5346
 23108 23108
 28990 28990
 22141 22141
 26745 26745
 727 727
 14407 14407
 25355 25355
 8848 8848
 20468 20468
 22802 22802
 23956 23956
 17108 17108
 11325 11325
 3849 3849
 23678 23678
 12158 12158
 17355 17355
 29175 29175
 20949 20949
 18222 18222
 29592 29592
 8028 8028
 333 333
 3962 3962
 25462 25462
 3698 3698
 5813 5813
 30200 30200
 12696 12696
 18695 18695
 11899 11899
 19138 19138
 17392 17392
 7047 7047
 23607 23607
 27484 27484
 8515 8515
 27983 27983
 32669 32669
 19833 19833
 30213 30213
 5712 5712
 12390 12390
 14117 14117
 11364 11364
 2980 2980
 763 763
 26990 26990
 2132 2132
 27452 27452
 29647 29647
 30967 30967
 18854 18854
 20313 20313
 12536 12536
 6073 6073
 10315 10315
 32720 32720
 26095 26095
 783 783
 274 274
 4420 4420
 23321 23321
 2652 2652
 30608 30608
 24029 24029
 6237 6237
 13257 13257
 32019 32019
 7244 7244
 24806 24806
 29617 29617
 5169 5169
 24018 24018
 11942 11942
 15214 15214
 29784 29784
 26698 26698
 724 724
 32745 32745
 14015 14015
 29849 29849
 6413 6413
 22306 22306
 8633 8633
 12579 12579
 13246 13246
 23843 23843
 29732 29732
 8690 8690
 20352 20352
 6458 6458
 31245 31245
 13872 13872
 11462 11462
 7903 7903
 7480 7480
