 2555 2555
 28195 28195
 662 662
 31384 31384
 22030 22030
 31588 31588
 14998 14998
 3390 3390
 9257 9257
 18384 18384
 839 839
 32588 32588
 6406 6406
 3895 3895
 3300 3300
 27712 27712
 4676 4676
 990 990
 12847 12847
 25884 25884
 16377 16377
 19983 19983
 28497 28497
 25980 25980
 25057 25057
 19744 19744
 3770 3770
 32650 32650
 6875 6875
 25573 25573
 10457 10457
 25379 25379
 11594 11594
 4194 4194
 24080 24080
 3724 3724
 22214 22214
 8646 8646
 11347 11347
 11185 11185
 16761 16761
 9020 9020
 23887 23887
 8060 8060
 13664 13664
 24829 24829
 8554 8554
 22704 22704
 12250 12250
 21914 21914
 16705 16705
 21507 21507
 13808 13808
 27542 27542
 8566 8566
 9335 9335
 13653 13653
 6107 6107
 23556 23556
 14528 14528
 712 712
 23626 23626
 15458 15458
 3260 3260
 11571 11571
 15293 15293
 9797 9797
 14024 14024
 17128 17128
 17936 17936
 30792 30792
 26743 26743
 13255 13255
 31171 31171
 12430 12430
 25133 25133
 16488 16488
 18384 18384
 25617 25617
 26319 26319
 18221 18221
 13610 13610
 6706 6706
 31237 31237
 13784 13784
 10522 10522
 7643 7643
 16320 16320
 3574 3574
 22064 22064
 10267 10267
 21763 21763
 3735 3735
 8628 8628
 25717 25717
 4972 4972
 16771 16771
 7985 7985
 4132 4132
 22409 22409
 6473 6473
 14699 14699
 18324 18324
 3954 3954
 13755 13755
 25057 25057
 15411 15411
 1546 1546
 18209 18209
 7639 7639
 24363 24363
 14470 14470
 1631 1631
 9573 9573
 25356 25356
 31712 31712
 20089 20089
 5805 5805
 25109 25109
 10473 10473
 7011 7011
 9376 9376
 17980 17980
 22397 22397
 6730 6730
 8227 8227
 5477 5477
 19976 19976
 3619 3619
 16716 16716
 12173 12173
 3341 3341
 3062 3062
 25178 25178
 11908 11908
 1596 1596
 7703 7703
 19830 19830
 18610 18610
 29519 29519
 26610 26610
 5274 5274
 18274 18274
 14071 14071
 16545 16545
 22510 22510
 7825 7825
 2523 2523
 17230 17230
 2706 2706
 14551 14551
 1870 1870
 20016 20016
 1539 1539
 2025 2025
 2669 2669
 12148 12148
 5914 5914
 27444 27444
 25576 25576
 24245 24245
 24574 24574
 22190 22190
 3178 3178
 22965 22965
 10075 10075
 538 538
 10747 10747
 25490 25490
 22466 22466
 10753 10753
 18520 18520
 22446 22446
 11901 11901
 22342 22342
 30858 30858
 23159 23159
 6504 6504
 16411 16411
 264 264
 21664 21664
 10296 10296
 15539 15539
 16072 16072
 28188 28188
 11612 11612
 14648 14648
 22054 22054
 32575 32575
 15739 15739
 30616 30616
 28395 28395
 13135 13135
 21787 21787
 14752 14752
 4044 4044
 19880 19880
 30093 30093
 15616 15616
 1102 1102
 20901 20901
 1555 1555
 186 186
 29802 29802
 3501 3501
 30937 30937
 18842 18842
 20940 20940
 23954 23954
 20334 20334
 23546 23546
 13329 13329
 2032 2032
 23474 23474
 10066 10066
 17654 17654
 4568 4568
 10726 10726
 663 663
 11130 11130
 10543 10543
 7763 7763
 6822 6822
 17902 17902
 27326 27326
 6461 6461
 19242 19242
 20356 20356
 13262 13262
 28499 28499
 2012 2012
 15129 15129
 5177 5177
 26137 26137
 5649 5649
 28390 28390
 4856 4856
 4697 4697
 18688 18688
 28047 28047
 6971 6971
 29352 29352
 20469 20469
 13178 13178
 24686 24686
 12819 12819
 19750 19750
 9670 9670
 11510 11510
 1755 1755
 23350 23350
 1061 1061
 26339 26339
 27905 27905
 6285 6285
 6735 6735
 2424 2424
 30361 30361
 5246 5246
 81 81
 30255 30255
 13674 13674
 25091 25091
 27681 27681
 7434 7434
 17960 17960
 18466 18466
 2771 2771
 32400 32400
 15932 15932
 4534 4534
 31586 31586
 1499 1499
 7850 7850
 25255 25255
 1052 1052
 31311 31311
 11428 11428
 27172 27172
 14956 14956
 18246 18246
 31642 31642
 4896 4896
 19763 19763
 3375 3375
 19690 19690
 14181 14181
 28451 28451
 4526 4526
 31306 31306
 11918 11918
 17289 17289
 1734 1734
 21122 21122
 11295 11295
 26280 26280
 16523 16523
 878 878
 28702 28702
 31264 31264
