 18288 18288
 22702 22702
 21248 21248
 18439 18439
 6819 6819
 27337 27337
 24868 24868
 24003 24003
 24346 24346
 32543 32543
 3673 3673
 14304 14304
 9660 9660
 8495 8495
 22111 22111
 8738 8738
 5448 5448
 23536 23536
 6156 6156
 30458 30458
 29023 29023
 29092 29092
 5414 5414
 8894 8894
 9294 9294
 19264 19264
 1363 1363
 14739 14739
 8047 8047
 22030 22030
 30763 30763
 29689 29689
 1780 1780
 14060 14060
 1656 1656
 32015 32015
 16739 16739
 8228 8228
 25704 25704
 12765 12765
 31753 31753
 20381 20381
 10545 10545
 2289 2289
 21084 21084
 28350 28350
 16673 16673
 2670 2670
 6372 6372
 17455 17455
 9755 9755
 23164 23164
 16110 16110
 6694 6694
 4032 4032
 19938 19938
 21219 21219
 24077 24077
 19991 19991
 29528 29528
 28855 28855
 13115 13115
 5414 5414
 16729 16729
 5167 5167
 19572 19572
 5868 5868
 2857 2857
 3460 3460
 867 867
 9584 9584
 14717 14717
 23802 23802
 18614 18614
 25525 25525
 15114 15114
 25970 25970
 21772 21772
 23411 23411
 547 547
 5626 5626
 3944 3944
 18111 18111
 17001 17001
 19993 19993
 28461 28461
 4425 4425
 606 606
 14726 14726
 11010 11010
 15851 15851
 24093 24093
 31715 31715
 7754 7754
 18342 18342
 10969 10969
 27225 27225
 8014 8014
 4928 4928
 29730 29730
 16062 16062
 18529 18529
 11719 11719
 9490 9490
 543 543
 1328 1328
 15070 15070
 30612 30612
 28750 28750
 11862 11862
 24556 24556
 18243 18243
 13240 13240
 9273 9273
 30067 30067
 6014 6014
 696 696
 9416 9416
 293 293
 19081 19081
 8658 8658
 5095 5095
 31935 31935
 12608 12608
 9769 9769
 4486 4486
 17973 17973
 29326 29326
 30115 30115
 27824 27824
 21164 21164
 25441 25441
 7319 7319
 11157 11157
 8350 8350
 492 492
 22778 22778
 20208 20208
 11917 11917
 21883 21883
 23138 23138
 3628 3628
 13669 13669
 19385 19385
 9991 9991
 27735 27735
 27352 27352
 16018 16018
 10401 10401
 7523 7523
 8591 8591
 32549 32549
 31159 31159
 2822 2822
 31735 31735
 24655 24655
 2381 2381
 19026 19026
 9291 9291
 29035 29035
 30762 30762
 19861 19861
 17245 17245
 20747 20747
 18923 18923
 11026 11026
 32598 32598
 16430 16430
 22560 22560
 24619 24619
 17604 17604
 26948 26948
 9386 9386
 15656 15656
 27531 27531
 7056 7056
 13022 13022
 20876 20876
 6552 6552
 1473 1473
 29594 29594
 21115 21115
 11839 11839
 20295 20295
 26102 26102
 16161 16161
 24143 24143
 20976 20976
 14268 14268
 26404 26404
 8421 8421
 29688 29688
 24129 24129
 10218 10218
 10404 10404
 30785 30785
 7980 7980
 12363 12363
 14934 14934
 15527 15527
 16863 16863
 30114 30114
 13088 13088
 7258 7258
 6008 6008
 8830 8830
 15385 15385
 13829 13829
 24159 24159
 25257 25257
 29053 29053
 1327 1327
 28556 28556
 83 83
 5898 5898
 27346 27346
 18976 18976
 22033 22033
 8536 8536
 15779 15779
 21585 21585
 14050 14050
 21317 21317
 30428 30428
 7125 7125
 6849 6849
 21111 21111
 19237 19237
 8711 8711
 19046 19046
 13946 13946
 15388 15388
 1000 1000
 16876 16876
 17439 17439
 3945 3945
 29356 29356
 19084 19084
 21598 21598
 4439 4439
 16750 16750
 19588 19588
 13201 13201
 7625 7625
 10172 10172
 31242 31242
 30063 30063
 5373 5373
 7247 7247
 11678 11678
 5800 5800
 4186 4186
 23659 23659
 15744 15744
 21295 21295
 21772 21772
 17534 17534
 31451 31451
 7581 7581
 20029 20029
 23731 23731
 9439 9439
 20637 20637
 11876 11876
 24156 24156
 15253 15253
 28927 28927
 14065 14065
 24373 24373
 18020 18020
 31062 31062
 22492 22492
 27616 27616
 30754 30754
 8015 8015
 20367 20367
 28730 28730
 6467 6467
 22261 22261
 17814 17814
 9487 9487
 7982 7982
 24021 24021
 4634 4634
 8213 8213
 27949 27949
 25751 25751
 11670 11670
 29540 29540
 31289 31289
 26992 26992
 4061 4061
 20887 20887
 26006 26006
 12798 12798
 30050 30050
 11793 11793
 13928 13928
 7333 7333
 24900 24900
