-25.373769104888478
14.989861263674474
-21.711689912280278
6.932462371251921
1.5816541002378959
10.380727785827586
1.5591145059664417
4.29971852822182
11.111758096527698
-23.232047359767837
2.5612539841560897
1.661488049419654
1.7405292057731814
14.351838945315203
13.855077984460351
14.729707177080742
11.494119611543633
1.8919978287580124
12.906272424043832
11.929756263623695
4.909634007411609
-15.73896134144122
-15.38787370950375
2.0278705551009057
13.550953983245858
14.048542951139442
1.5789417112999562
2.337142889546415
-25.045976513117743
-8.620025019724704
2.871081763829061
6.746347441068484
1.5548964789815782
3.434250821392593
9.27565563281747
-2.2850104306843875
14.329011598134333
-1.6708474558864908
12.268714647403106
-25.748973676786658
5.466596082303468
15.088416780611249
1.5473056028582495
12.839998236866814
1.5482754777600705
10.652389193350913
11.320350934200253
1.543504597063789
1.5540236045222913
1.4018088900572736
3.1441936182021832
7.233089484239529
1.5906365931970332
6.7027318812385195
-26.06682900742256
1.5419367490466542
5.260059230678116
1.902759367471588
1.550386445854529
15.15207075541947
1.5541709811561084
14.072052294033172
1.5741456318319123
1.5912085602612431
11.199353478428568
-4.918013840604512
11.325779952183733
1.545735498297185
12.887123606320104
-22.21028672685072
1.5409082874241626
6.118924866900093
2.4561354538980806
1.5618341727612224
-18.763343718817822
6.711197166940535
3.4841427951433155
1.6398448064162645
14.300421202871071
1.739478707448193
3.8148785885947185
1.543462189715323
1.6084973518601744
1.6250635634050294
1.6092651450381412
-26.006020360746643
-25.698364825190332
-24.46266246144164
11.960624166009437
2.569475452002151
1.54706968227515
2.1526684602925714
-24.83384430636529
-15.720284455757332
14.152764786396755
1.5486789537448242
4.463894512718443
5.197786520871729
1.891268774654896
1.5418333965171722
-1.3871678174753839
5.46240682768436
-16.88202216899115
5.208441364303727
-21.958569809151378
5.1714035174792
14.938744518180563
8.695566833993713
2.026541824797173
11.957433008879693
2.2060966868153797
15.084793822963341
14.573235053342987
8.491892018228814
0.2899597915280854
2.1339766971967657
1.5445743786407697
3.5427474426059624
1.5676979709084198
5.402095617834278
-3.904096055129968
-21.461415209306537
6.030966671730586
2.277226401051752
1.8861541832385045
14.86454043015566
3.8641443924918826
14.360766510100962
15.000739639665287
1.7842070819832108
2.012767603805086
-23.23843744799474
-23.7287941699855
-21.728629403906822
7.376156503185728
-0.10211261551715145
2.008367704665547
-26.027623519049378
-25.39772395743242
4.085661934868246
15.050803298236245
-18.760049304514833
0.3322569426546176
-23.60062568971738
-24.620429652837082
12.661415638849004
2.3401545494521256
6.881302724743194
-26.069368422062645
1.5820420980848109
10.01624669124862
3.674748786500909
4.900671978920706
6.227997590742198
1.644614023074979
1.7838058158769141
1.5619015920173192
2.8339011257639637
-8.194915361927178
11.942130659932582
1.7578678822129046
1.7091268074741048
4.308475485235095
-25.74833091068389
7.09343633709653
-20.087374613796737
-6.563116981679729
-25.129340463184757
-25.737290086923682
1.5813860112482223
-2.7816290272830835
1.559553043954853
10.65176740049975
-11.275234753399861
6.505412906849926
11.325336261447523
1.5944957630969214
-23.461324616209563
-25.941697089667695
8.926898996200443
1.6845617493654608
-5.512553123406846
8.29814335951224
4.300003777859559
-21.437800572386703
-25.697171692136543
14.199146508459988
1.7811427422470172
15.146517636322553
1.5415174786821253
-11.629238027816394
6.150030777822235
-2.3479080181516605
1.5653207398477118
2.200628194606349
1.5538624743131804
2.132121691946452
9.574954187700554
11.760505116326224
-6.462584353836348
13.939400256602802
-13.581699090006094
11.799532169199596
2.6350193678221467
12.136113617648192
1.9054524393185275
1.5750166428706185
1.6212177177446252
11.655474095546554
1.5507378320696115
1.8079903280550722
-6.023992835476443
-6.571761307329181
2.828425911848193
1.7003925293110216
1.6339796189137807
3.3018651965715256
-13.45603584405144
15.045669790961629
14.595533510154297
1.6206258521610941
1.8909566612499804
2.785936870697063
-25.942852502575164
-21.97162121667388
14.026108598989143
6.993904215377259
2.1813580715497625
15.001407875426564
1.7000903051789704
-13.083039128995532
14.384159552606551
8.51543083027295
12.538163965917628
-16.960139361634116
-22.836956522150366
-16.546214026415427
6.005311120993957
13.962123055733572
-24.72401667809359
14.269267625909155
-23.044238078287894
-20.039583628222275
-8.165257235969145
-25.790165499565767
-24.071281303402753
-26.067610329798732
2.5579241247958118
1.8334512567226748
11.948291559084806
1.8441815520321452
13.298057015964433
-9.568428235747447
-1.6780453175946117
-23.06155532540333
14.984147475780906
4.40176762291334
-17.607483543068312
8.510994788740943
-25.987503447393927
10.551605344154627
3.855326681317172
4.09216768913858
12.666952436242463
-23.214863514780994
-24.84736129627126
6.966418048161294
7.8173770056111165
9.365230793550877
14.471826753973637
7.905697015570091
-25.79430435129256
3.8664693222626894
7.400861696466328
7.234890122375397
1.5414619547504897
14.230180697135362
-6.550226950379754
12.263059349878882
1.5815735710392838
-16.863374967114062
1.5544295787026465
1.6660926344294067
3.659425390586053
14.170450002488096
1.7283195297929672
-24.605655226378385
-22.638781535283048
14.568844699996612
14.733954475762651
-3.901950838442684
2.1067226379297037
-16.586882376447228
1.709465740770356
-21.192233376769277
1.7072549572437006
1.6671837430970495
-25.142865479717535
6.604934987146178
-20.95655760687741
