 7920 7920
 21972 21972
 23199 23199
 11985 11985
 18766 18766
 12373 12373
 22385 22385
 27059 27059
 1290 1290
 29725 29725
 15546 15546
 28625 28625
 10891 10891
 15890 15890
 17418 17418
 4868 4868
 29947 29947
 18530 18530
 22258 22258
 23939 23939
 24459 24459
 18907 18907
 25456 25456
 30548 30548
 12416 12416
 18319 18319
 6568 6568
 9114 9114
 21561 21561
 31102 31102
 17009 17009
 9161 9161
 29942 29942
 19579 19579
 24098 24098
 9169 9169
 10340 10340
 25897 25897
 3394 3394
 8175 8175
 6265 6265
 21704 21704
 17964 17964
 5531 5531
 29708 29708
 25949 25949
 25302 25302
 2529 2529
 7836 7836
 9429 9429
 11795 11795
 30999 30999
 26236 26236
 56 56
 31937 31937
 7412 7412
 22601 22601
 20927 20927
 28666 28666
 13606 13606
 28589 28589
 25290 25290
 31596 31596
 621 621
 20930 20930
 16430 16430
 14414 14414
 11436 11436
 28289 28289
 3613 3613
 5979 5979
 3588 3588
 21987 21987
 10784 10784
 10235 10235
 20778 20778
 16139 16139
 1121 1121
 12109 12109
 26753 26753
 1280 1280
 31897 31897
 18970 18970
 9859 9859
 4057 4057
 4900 4900
 17575 17575
 13457 13457
 10219 10219
 27147 27147
 539 539
 18184 18184
 24351 24351
 11360 11360
 21518 21518
 30519 30519
 16247 16247
 22018 22018
 9655 9655
 19187 19187
 18967 18967
 15099 15099
 24520 24520
 24898 24898
 15375 15375
 12269 12269
 30859 30859
 32131 32131
 13677 13677
 15065 15065
 11718 11718
 20946 20946
 19522 19522
 11304 11304
 3560 3560
 3049 3049
 11908 11908
 31761 31761
 20561 20561
 2408 2408
 6634 6634
 31536 31536
 19324 19324
 23593 23593
 9690 9690
 9773 9773
 2778 2778
 7420 7420
 28007 28007
 12007 12007
 28520 28520
 5676 5676
 22241 22241
 23590 23590
 25943 25943
 26642 26642
 5427 5427
 29138 29138
 16629 16629
 6506 6506
 11583 11583
 13745 13745
 31710 31710
 23619 23619
 19038 19038
 2892 2892
 12649 12649
 6597 6597
 27477 27477
 7933 7933
 8110 8110
 2186 2186
 11978 11978
 23424 23424
 23553 23553
 21721 21721
 10930 10930
 4934 4934
 25996 25996
 28372 28372
 14628 14628
 3724 3724
 6066 6066
 20300 20300
 9014 9014
 27125 27125
 138 138
 30882 30882
 22074 22074
 13856 13856
 30325 30325
 15302 15302
 658 658
 1597 1597
 17162 17162
 29578 29578
 19482 19482
 21587 21587
 26816 26816
 18987 18987
 30158 30158
 30288 30288
 20655 20655
 16537 16537
 16378 16378
 24016 24016
 22806 22806
 31239 31239
 13565 13565
 31642 31642
 29659 29659
 29954 29954
 12913 12913
 24717 24717
 5537 5537
 16226 16226
 24069 24069
 18054 18054
 15893 15893
 31400 31400
 26298 26298
 3322 3322
 13872 13872
 23026 23026
 26418 26418
 16209 16209
 9509 9509
 21974 21974
 10557 10557
 8866 8866
 26111 26111
 3823 3823
 6923 6923
 16602 16602
 27377 27377
 5975 5975
 8918 8918
 22977 22977
 25667 25667
 12477 12477
 28985 28985
 10675 10675
 17793 17793
 15708 15708
 2240 2240
 4869 4869
 742 742
 3351 3351
 4381 4381
 18050 18050
 16467 16467
 25521 25521
 6436 6436
 23911 23911
 26813 26813
 8061 8061
 5561 5561
 21875 21875
 3739 3739
 9391 9391
 10762 10762
 16595 16595
 3927 3927
 27139 27139
 3664 3664
 26188 26188
 11165 11165
 6334 6334
 5595 5595
 7479 7479
 16336 16336
 13725 13725
 5113 5113
 3587 3587
 7825 7825
 25734 25734
 29547 29547
 6745 6745
 10013 10013
 614 614
 10346 10346
 31995 31995
 27754 27754
 25565 25565
 31937 31937
 11766 11766
 10022 10022
 22540 22540
 14574 14574
 18205 18205
 30448 30448
 12660 12660
 27382 27382
 23156 23156
 6792 6792
 4280 4280
 28821 28821
 1965 1965
 17780 17780
 72 72
 6915 6915
 12567 12567
 1495 1495
 4642 4642
 17710 17710
 100 100
 31231 31231
 31447 31447
 30917 30917
 31420 31420
 5046 5046
 27751 27751
 32109 32109
 11051 11051
 15296 15296
 524 524
 7872 7872
 8622 8622
 28918 28918
 22229 22229
