-26.069788811132604
1.5456703584299922
-12.155233556049033
-25.144949836848348
3.720675252873018
14.685426622926009
13.291494319410942
1.8065014239685888
9.350346372664525
12.726497690565905
-23.731043426157306
-19.71199009634013
14.22343859133623
2.234548497647918
1.6601765367816954
-20.108080219528784
1.654077005993098
12.720863334607708
0.20529106402979735
-16.94314716846562
1.5781087193616457
1.545749548421648
-24.637873606080902
-11.573162414143496
1.7269776129131598
4.310613525056839
6.6362527224286545
8.946047465688586
-13.612710462650192
1.7091268074741048
1.6203112481860713
1.571039570372101
4.699409658918318
-14.038067425406405
-21.40420587099102
8.965135685459618
1.5822042656927662
-12.52650597326518
7.513559594866223
-25.96003219992692
-25.69415451593918
-7.645268614378326
4.293860313716501
5.355107597038533
-26.06658938842591
1.9209357016181476
-25.036819273764014
5.400715817590487
1.5454709786579623
1.847420302944465
-20.603955275655302
-24.6174897482261
3.160224696591764
13.124559794241303
-15.805151201395619
2.2812699962770835
1.5523911020062213
3.6695456836985056
-24.497796612031163
-12.622758553830641
15.147001110222913
6.233549804330095
-24.637873606080902
-3.8678196641638807
9.85543280729661
3.372714072556409
7.2704414038126774
-17.770470873828117
-23.462533610261666
3.117233283342775
8.483856193543506
3.998039474037422
1.904980334872868
-6.530811763156204
14.777717035506452
8.257899451526601
2.8303231918494074
1.5414410575038047
3.5458028582094574
1.7737415377255348
14.86543734756517
-17.392484485297558
11.364418318241366
11.012450051131937
3.209847464033915
-16.917684036419264
3.046389539625248
12.73624755271653
-14.915215532389308
4.707119536858497
2.786995346376405
-10.166511055366204
-25.52674976905765
1.6052233078239466
2.088112993038594
4.688768121679928
2.916703703721571
8.284740426851506
6.1090858572180995
-23.417551525393222
9.09419186256051
3.317672004850406
1.5468913295006597
12.840993860770537
15.121790847554024
10.325605675016554
9.026251073731967
1.8320826846216942
-18.045475008801116
9.90856558137153
1.9375357018749346
9.383584942934863
1.9701418431635624
14.888489289955603
5.801295453140628
1.5893435983595319
5.106966491789992
-25.688707471636498
-26.029862927460584
15.13351584408029
4.164771081959544
10.077176195235165
-25.964776105906992
-26.069851484066866
8.928107034436719
3.880181774987853
0.34426704279538134
12.572954958130715
4.894716377576423
7.115627071282809
10.037839156294577
1.7490911823363062
14.186212871375755
-20.969699094661284
5.395200266434701
5.254023723042861
2.282007081390239
1.8740270309342755
-25.59368039604327
9.7009477558797
-12.593912674473831
15.128068724138988
1.391417063854676
2.0672911229641713
1.5436248847936938
1.604413173988625
1.9055157989961586
8.790837425288833
11.774446750267765
6.708656626877795
4.974805959271164
7.797370157766638
1.5521998453523296
1.5454282045214631
8.237983768156248
4.079169405258225
5.1060131213271305
1.6268806246810197
-16.98926511155766
1.728279760386617
6.9781413913600465
3.547867054283882
-26.067155823829
3.107756048124504
-21.482483281450023
14.947396335362615
1.5435369989863315
7.801565444214978
-15.2827373087063
2.367314639832697
2.2987457665071798
8.654259945229171
15.111292077867299
-10.225852799305319
-20.35373454026815
2.796162204178801
-8.588470802682531
-9.647733427534481
8.534505001942296
14.369567584972119
2.067913722101258
-20.63525180081389
2.363702327486011
1.8470425330582254
3.1052562167988773
1.562059892734771
5.227186011762574
14.470968343593272
14.923628826411765
7.1138497848924365
2.554839983578973
2.9607875439678826
2.707779298682356
2.5907236003877583
14.667790871412835
-24.619611440525453
1.7845284251869276
-26.02805487871467
14.767859280037143
1.8313174895591802
15.135691706363751
10.73764407348927
2.259442265314498
1.5613048975368287
1.8720249490270617
8.191066183545997
-25.516607038202572
4.729983511848876
2.1810294807335064
6.554104201456124
6.603605575045966
1.8295032122338528
15.116258155985012
1.9504956825114936
-20.116350061599256
2.7485256219023633
1.5409173010371036
-24.950698318712302
-18.352892156610125
5.368115401367491
10.516306186302012
1.5410534416539317
-17.704892002884403
3.345909588534048
3.4366156043634595
1.821890243188361
7.3843846408786575
-24.738766821287935
14.460066233883659
3.2033140209474653
-23.57910406273322
1.653397052107922
1.580905908592294
9.58666426140986
-3.8714472946741427
13.180502666810227
1.5744730323997755
5.899440380406627
14.862824235934633
1.4364341205950741
14.816705722895982
-12.577876095925605
2.6006091133277094
-20.59807462501039
7.003551259964093
6.371655620616692
-23.59245664046389
1.55002443436384
14.255494294394378
-25.93196841647861
1.5715754245791294
2.1290400291952456
12.915500995626438
-8.187862235471208
1.8891495044363573
1.5414410575038047
-26.066435251324428
-24.36683723284728
-20.003254918571113
-15.321517043361673
8.808676957036479
3.1472923528794987
4.310994524874442
1.5409243003404698
-18.405897595115157
-25.035506806525923
12.260349089332408
-8.077010643148155
1.6206652293555905
3.7376877742597068
-24.070682596220472
-15.731620688640776
2.1341314847312716
-25.520328385801324
-26.067506883639986
-6.011710387001749
-10.686579336763739
2.865063857778216
5.087847567392826
1.7277819927814482
9.133197617282717
12.237940003395614
1.7492355619813988
-11.553351317885785
1.5500732490982716
2.1118141514586037
14.47572856291941
8.194998846671181
14.196209062229077
12.192463001181233
8.358968629309258
7.216899417618393
3.3664303320439295
3.2596104939783537
13.307420324346108
-25.793420408554205
7.948427670498376
-16.578756141026496
1.6216137342265
4.466684588213577
