2.2047435074503183
1.5410534416539317
-9.661513785678617
2.525589716151568
6.109864737891753
1.6158575206017614
-22.15992442147937
2.228722955451127
11.368448477288592
11.81773439521732
14.984848815804067
-24.961715891733157
1.6753315220234957
1.5418295289522632
15.10867941961897
1.5567867279570136
1.5623248499129327
1.5418843996375484
9.415724890828427
2.2775932761985236
5.386937886264823
13.26007852618618
6.628706438414869
3.696803395231086
-18.429921015699495
2.3402703113435654
13.309291290248353
14.488851778720628
12.26619641512906
5.276189767076403
1.5499879108672183
14.734170929770858
9.872629715585262
-22.595948766153803
2.3093718088078874
10.202001148207033
-18.761005101767864
10.747230844084912
13.948345537169896
-23.561475258246166
-25.79253485555305
2.8823462493290286
-19.46623646089066
-25.44029661144676
-16.180700840669832
15.07369559449575
14.992421176198356
3.938866252836401
-16.10187684195032
-25.050150831543014
13.881904031485432
2.964842624576476
5.793886989979751
-18.08246072423495
-12.53935607250118
15.110528692778734
3.6071745429596422
15.037253280111644
-18.08738477225813
8.215664838336787
6.575969015940185
12.454970497898051
1.5942145009448878
11.883659158758686
1.9909123785501093
1.5621732324296942
1.6148964630988765
15.08664015468409
-24.063171670828687
-25.942852502575164
3.652530491359467
-24.594095627024274
12.290652473760728
-25.05145129898642
-21.681091220196095
4.909011428110192
-2.310299084801318
4.0801673958572
13.138162914546497
1.5822854816709828
15.036607836680982
-12.079103558629624
-16.919255073915412
1.6160855269625871
2.2001237773881113
10.509772388751067
-20.623528814922082
-23.399895492015517
1.5618640325598454
-25.38848421936394
2.1817840150716257
3.1640435616462588
1.8915810910241473
13.884855406861824
4.382075747001292
1.570158109990972
7.81461581105534
13.423160143177162
1.6323298803374275
-16.110216220859364
1.5818802827238454
2.0086256590622424
3.862475616532241
1.545806339438751
14.988335102788515
-19.70768611916573
4.2612806929641085
13.548574337363293
6.9568125976898605
8.474821183669949
10.199390545628422
6.494702342653089
14.20890332358248
1.7090641913629183
-25.03747510477178
-20.072854337024687
-23.80601232334057
4.022153334504946
-14.03501646585475
1.8724246664363438
4.899062121789698
8.214097651022323
10.974170072223481
12.6750625113281
1.7013014394710102
8.659338719393782
11.344235101371252
-10.768831312448716
5.30203258591918
-13.992265571384499
10.499972520681135
-5.611573947509926
13.939067482615465
2.492646359622772
5.772034446063305
2.130425230621504
-13.997128499757626
6.3554856958655925
7.340622333698048
2.906891405184035
2.3205424812886077
1.9044454476160264
2.069186476026606
14.992803115494388
11.339365602406586
1.5779150608607262
1.661589305841141
9.579211795262673
2.229244491962669
1.8323560340471878
14.984290693524269
-25.990589252845425
-18.413109214266356
1.6096468520436664
7.114212898291809
14.169149432467044
1.605536358846489
13.793346416702207
1.5821501706687784
1.5773466319519505
1.5409114389427914
14.86490452884613
8.201883871650683
2.1597412200790767
2.4267804022061887
11.459046751141086
2.669707478144583
13.670906374667911
-1.8775995404222228
-21.969027194834883
-26.06666243957573
2.025745910612309
15.043733008237787
14.874678520731303
-3.458279965498183
1.6341956883795388
2.04988412227271
1.595705511669896
-10.087999137653789
-25.709113372083678
-0.7129139903797943
10.339029133090373
1.781056821417245
-26.026205958234133
-16.164080200395144
2.4326210834581548
2.2067740880263043
3.098188060523544
15.003086978194098
-13.552490081178757
1.6212572675319448
5.157111883017546
-25.800856186205596
1.5408954836004378
-12.213660440604176
2.069186476026606
-20.357763883824383
-24.94903360613863
2.5976656162695115
4.556682588821307
13.165222228225732
-13.07543472869201
14.707532426472838
14.332996808485813
3.8010202323279
4.081165699132601
-4.373168555460993
10.647995479362777
14.489575436350929
-24.23153388293826
12.641872490453768
13.144568443365253
15.00602157878914
2.7902560632190685
-25.53435111699732
14.45283872180161
3.206650648868785
10.693644044057924
12.106147776540038
6.490587027397385
1.6832983796470713
13.716640368886775
2.9975956349026927
4.479545813296497
5.888900892731504
2.5964411149297013
1.5988588668335093
1.6922267768674257
1.5619092706803257
8.998216825195085
13.422617624922562
-25.793420408554205
-18.44049819991522
1.5419449223206776
3.0493331814476163
2.3397631325746056
12.915500995626438
15.086255285826159
2.4600693420758004
7.8323034625467916
4.142100609997957
4.26582875872082
1.9377637771343985
1.4502780779894722
2.3380036461840206
-25.699270382854316
2.9084015096438396
10.200474374906237
-0.7843176016659179
-19.497015307320787
2.4964801211605114
-26.060018789543435
-26.066018738411877
1.8075620965547496
-6.58252706399138
10.022723202526777
1.9735875617796785
14.722765505341346
4.647069825841057
-26.05201235448143
1.5564573172202678
-22.441790076888704
4.791768910057776
-16.89532905197458
2.284112561952412
15.119965204587198
2.390142241987112
-10.765464542217366
15.147919639465691
8.20946794773353
3.7923957861903688
1.7295603552536032
1.5708349044025827
6.485315664277851
2.3686038060782586
14.353621297850708
-8.631971953050368
14.206558126138011
6.872657772124996
-2.7924900083696347
14.300421202871071
-21.437800572386703
14.365155186459486
3.0565485276322932
8.332706143952679
-22.591559646287816
14.88546084378933
15.147229413949383
1.7705311876720502
-25.637347115098493
9.734641100486673
12.723886794986354
-23.766835640786685
3.1548876091279014
1.907169588173734
-19.99279599777146
10.661170285234146
15.118431594600112
3.0483514461207495
10.083662332404218
