 28668 28668
 20228 20228
 25774 25774
 11578 11578
 30777 30777
 7241 7241
 7950 7950
 6891 6891
 25307 25307
 15525 15525
 12164 12164
 21063 21063
 23876 23876
 26646 26646
 16000 16000
 32415 32415
 12852 12852
 10600 10600
 18686 18686
 30892 30892
 12570 12570
 28402 28402
 10724 10724
 3962 3962
 19514 19514
 7386 7386
 21874 21874
 32456 32456
 12588 12588
 1021 1021
 6891 6891
 32630 32630
 30472 30472
 31065 31065
 25338 25338
 16234 16234
 27840 27840
 32389 32389
 256 256
 24214 24214
 9281 9281
 20401 20401
 14271 14271
 3014 3014
 5803 5803
 2774 2774
 9799 9799
 9163 9163
 2300 2300
 8248 8248
 28544 28544
 31084 31084
 29042 29042
 6726 6726
 13147 13147
 25035 25035
 32114 32114
 3493 3493
 3707 3707
 31433 31433
 19314 19314
 31132 31132
 19352 19352
 13625 13625
 3741 3741
 15138 15138
 26378 26378
 2272 2272
 21473 21473
 11295 11295
 20361 20361
 219 219
 30238 30238
 19884 19884
 9324 9324
 31252 31252
 31743 31743
 20496 20496
 7542 7542
 1025 1025
 4703 4703
 21987 21987
 753 753
 31185 31185
 24236 24236
 15724 15724
 17316 17316
 2543 2543
 23927 23927
 31784 31784
 21804 21804
 24193 24193
 16696 16696
 29074 29074
 31111 31111
 14687 14687
 19431 19431
 27505 27505
 3400 3400
 7214 7214
 24628 24628
 13874 13874
 11886 11886
 1493 1493
 15385 15385
 17992 17992
 19516 19516
 8033 8033
 25502 25502
 27943 27943
 18974 18974
 17585 17585
 5058 5058
 26713 26713
 21129 21129
 29855 29855
 12721 12721
 1609 1609
 25037 25037
 3640 3640
 22435 22435
 22383 22383
 5211 5211
 1476 1476
 16180 16180
 12597 12597
 19234 19234
 22025 22025
 13432 13432
 24846 24846
 2772 2772
 3447 3447
 20872 20872
 25885 25885
 7184 7184
 2932 2932
 4368 4368
 24496 24496
 28188 28188
 6775 6775
 21114 21114
 31347 31347
 27939 27939
 16063 16063
 11930 11930
 19827 19827
 403 403
 4413 4413
 4659 4659
 8986 8986
 13563 13563
 29882 29882
 14633 14633
 24484 24484
 16129 16129
 5573 5573
 26800 26800
 22620 22620
 15146 15146
 5199 5199
 1365 1365
 17680 17680
 22896 22896
 29916 29916
 27585 27585
 31095 31095
 4928 4928
 31735 31735
 27938 27938
 29094 29094
 2765 2765
 15200 15200
 27509 27509
 27372 27372
 27009 27009
 22070 22070
 10041 10041
 19046 19046
 17911 17911
 1435 1435
 22571 22571
 8063 8063
 3725 3725
 7517 7517
 6739 6739
 27227 27227
 19056 19056
 15979 15979
 14853 14853
 25392 25392
 4165 4165
 23512 23512
 27109 27109
 3881 3881
 29063 29063
 5830 5830
 27103 27103
 24162 24162
 16717 16717
 20771 20771
 9861 9861
 940 940
 12779 12779
 32222 32222
 10234 10234
 17923 17923
 19051 19051
 585 585
 9314 9314
 28500 28500
 5016 5016
 5368 5368
 18453 18453
 31674 31674
 15566 15566
 17542 17542
 5957 5957
 22471 22471
 5542 5542
 29944 29944
 5655 5655
 26861 26861
 23651 23651
 11315 11315
 31113 31113
 25218 25218
 25410 25410
 15203 15203
 9790 9790
 32004 32004
 23783 23783
 6592 6592
 15965 15965
 1778 1778
 11292 11292
 4008 4008
 8479 8479
 9154 9154
 24922 24922
 1570 1570
 16751 16751
 1406 1406
 28758 28758
 26103 26103
 31260 31260
 5099 5099
 21597 21597
 30166 30166
 316 316
 22874 22874
 23096 23096
 18855 18855
 18580 18580
 9714 9714
 255 255
 13168 13168
 9601 9601
 30256 30256
 2657 2657
 4693 4693
 16717 16717
 20900 20900
 6598 6598
 19233 19233
 5692 5692
 29482 29482
 356 356
 3812 3812
 22696 22696
 11316 11316
 18527 18527
 140 140
 12474 12474
 15645 15645
 28959 28959
 24605 24605
 28011 28011
 25598 25598
 1264 1264
 25461 25461
 21531 21531
 2435 2435
 8051 8051
 29394 29394
 28523 28523
 9008 9008
 30829 30829
 27656 27656
 12742 12742
 28824 28824
 19506 19506
 1554 1554
 19236 19236
 22614 22614
 8747 8747
 27239 27239
 25885 25885
 2433 2433
 7222 7222
 25857 25857
