 26058 26058
 26686 26686
 25195 25195
 3139 3139
 10122 10122
 6796 6796
 12112 12112
 19811 19811
 29405 29405
 17966 17966
 21357 21357
 23329 23329
 1587 1587
 22951 22951
 9678 9678
 9444 9444
 14021 14021
 4819 4819
 616 616
 14307 14307
 13887 13887
 12269 12269
 9048 9048
 9833 9833
 1208 1208
 29315 29315
 21497 21497
 7803 7803
 15337 15337
 31006 31006
 21001 21001
 6540 6540
 675 675
 26944 26944
 6659 6659
 28865 28865
 18714 18714
 5959 5959
 31029 31029
 9825 9825
 29853 29853
 16826 16826
 15242 15242
 787 787
 5302 5302
 29126 29126
 8903 8903
 4043 4043
 12197 12197
 18756 18756
 18466 18466
 23274 23274
 2048 2048
 29690 29690
 24155 24155
 27460 27460
 3398 3398
 9298 9298
 12674 12674
 72 72
 10915 10915
 32060 32060
 7269 7269
 23192 23192
 3639 3639
 3588 3588
 23199 23199
 6969 6969
 30459 30459
 11926 11926
 20837 20837
 6030 6030
 17904 17904
 18299 18299
 10090 10090
 24573 24573
 5151 5151
 10870 10870
 538 538
 7102 7102
 11890 11890
 746 746
 32521 32521
 28745 28745
 27428 27428
 25071 25071
 21511 21511
 25598 25598
 27897 27897
 28409 28409
 18198 18198
 10766 10766
 10561 10561
 16956 16956
 12290 12290
 3782 3782
 14864 14864
 8230 8230
 15897 15897
 11874 11874
 19016 19016
 30941 30941
 18706 18706
 4676 4676
 22579 22579
 21623 21623
 31258 31258
 30820 30820
 9370 9370
 14376 14376
 3867 3867
 1693 1693
 2366 2366
 27909 27909
 4616 4616
 27858 27858
 33 33
 10512 10512
 12511 12511
 23671 23671
 23801 23801
 5600 5600
 834 834
 812 812
 1646 1646
 30269 30269
 27836 27836
 25713 25713
 28197 28197
 29608 29608
 16265 16265
 2930 2930
 11329 11329
 11896 11896
 26472 26472
 5285 5285
 11232 11232
 17421 17421
 27754 27754
 22658 22658
 4108 4108
 10759 10759
 31629 31629
 9961 9961
 24948 24948
 11531 11531
 22167 22167
 7893 7893
 863 863
 3084 3084
 4657 4657
 31765 31765
 1286 1286
 4122 4122
 30167 30167
 6392 6392
 31451 31451
 24593 24593
 14932 14932
 11653 11653
 21579 21579
 17753 17753
 12644 12644
 16520 16520
 24010 24010
 20604 20604
 20856 20856
 29824 29824
 22468 22468
 24935 24935
 23404 23404
 12247 12247
 9091 9091
 16746 16746
 22144 22144
 11562 11562
 22206 22206
 362 362
 31958 31958
 30162 30162
 31035 31035
 20447 20447
 24413 24413
 9686 9686
 22530 22530
 14725 14725
 353 353
 14122 14122
 18222 18222
 24957 24957
 3083 3083
 23291 23291
 12967 12967
 19907 19907
 2701 2701
 32345 32345
 15679 15679
 4680 4680
 26231 26231
 23383 23383
 22655 22655
 10651 10651
 14020 14020
 18408 18408
 3174 3174
 8133 8133
 23997 23997
 29797 29797
 20720 20720
 3785 3785
 26800 26800
 12852 12852
 19087 19087
 13722 13722
 14224 14224
 1107 1107
 6560 6560
 4085 4085
 30191 30191
 19226 19226
 16451 16451
 17199 17199
 27565 27565
 29843 29843
 11023 11023
 8866 8866
 4857 4857
 25190 25190
 20429 20429
 17093 17093
 15929 15929
 25983 25983
 14231 14231
 22623 22623
 5047 5047
 9428 9428
 32025 32025
 18436 18436
 12915 12915
 21738 21738
 10990 10990
 3217 3217
 20203 20203
 23846 23846
 11343 11343
 18572 18572
 12135 12135
 26650 26650
 15753 15753
 17597 17597
 5674 5674
 25144 25144
 3847 3847
 21863 21863
 7774 7774
 20995 20995
 91 91
 29879 29879
 15463 15463
 27606 27606
 32119 32119
 17407 17407
 29967 29967
 24736 24736
 25436 25436
 27477 27477
 26325 26325
 32082 32082
 14420 14420
 17249 17249
 15343 15343
 5356 5356
 13292 13292
 29550 29550
 5405 5405
 19058 19058
 20702 20702
 22920 22920
 6742 6742
 8932 8932
 29308 29308
 1076 1076
 15623 15623
 24975 24975
 5272 5272
 23337 23337
 4557 4557
 31154 31154
 26080 26080
 10768 10768
 15669 15669
 6614 6614
 31768 31768
 22766 22766
 10294 10294
 3749 3749
 14990 14990
 6997 6997
 6134 6134
 26325 26325
