2.718281828459045
1.5935304908570131
6.33613050913973
5.333156060581132
-25.96964776202806
11.561132259626197
4.654680547631792
1.5460401746387822
3.529183667862374
14.607236637832814
-25.115689917964936
-2.4527283403306908
8.396845761422856
1.6938693306446342
2.2238702666890124
13.52612886383387
-18.323890962588834
-17.78053409719301
13.324238569884379
2.186633500195559
1.707192798184056
8.618340645129885
-3.2501287675012076
-24.97198082927795
14.755046215589939
3.4405622423041367
1.5482427206591374
4.78581763403217
11.115921068860473
-26.003316601470083
6.009001275729192
6.161011526778226
1.5869556255959172
2.778397829937382
15.069469975047394
-22.999981972005806
-10.30074104269466
10.723086626890725
1.8639162617216147
1.91725840582855
11.282975552983881
-12.013928474194953
-22.25463957027487
14.894071999080923
2.641840826011975
1.6030765582834334
6.576581840026522
4.404344787659273
-25.9132757418846
12.113728651550042
4.486273565475815
1.5437181902740493
3.652530491359467
14.371328857627503
-25.287744229844435
-1.3943501961931792
8.10689313786488
1.6772045545546734
2.2761266435742336
13.783162127557565
-19.01540262875864
-17.023620933834444
13.044407036686279
2.1394766627385775
1.7261088040832218
8.918642328272549
-4.315141677814515
-24.759544610618526
14.914321086965993
3.3274198738256735
1.5518034718023723
4.967230795849446
10.481914355040992
-26.03725062494071
6.8802193529688696
5.934507656772564
1.5789417112999562
2.8624170860645504
15.12736595119348
-23.378963561425792
-9.292014819212524
10.403221705323366
1.8360181605149832
1.9504956825114936
11.600957632630271
-12.958380715292277
-21.77987812682098
14.755120982391327
2.569475452002151
1.6135472169972394
6.824920343040089
3.446618770959814
-25.843048770995956
12.618971587349245
4.325079404358069
1.5420905309200255
3.7819911403988615
14.090037549877225
-25.438855645307235
-0.344918030492404
7.823477672540769
1.661741289971649
2.331499282845779
14.024522938552074
-19.66887052435484
-16.23047503630856
12.754071808022331
2.0950412122131823
1.746403110472825
9.224110847404555
-5.378805644037918
-24.521841359533624
15.031707476273146
3.219825114899158
1.5560903884666828
5.156270565410658
9.802705292855771
-26.059114737615474
7.7149111179698275
5.715992563689707
1.5717597245175248
2.951029134964759
15.15190916262722
-23.725417579770557
-8.265409626250607
10.084743451106885
1.809880285483223
1.9858706718436383
11.915904613299645
-13.874621928214204
-21.26843082900206
14.590659870148425
2.50100635138638
1.6249822732561041
7.081033618201279
2.4631297859689356
-25.75802384360953
13.076601000799304
4.170923897660007
1.5411507679912493
3.9177690108061665
13.762454897622868
-25.570501247819937
0.6918548447325734
7.54696901812739
1.6474226886008303
2.390142241987112
14.248211859109048
-20.28413552264625
-15.402271820004756
12.454970497898051
2.0531940060837197
1.7681477943931008
9.534107324405793
-6.437438679489945
-24.257266608962485
15.108784913622438
3.1175726189994433
1.5611202905174881
5.353056737728775
9.07960649521544
-26.069241305018693
8.510748813885217
5.505438734274485
1.565381839989349
3.0444297172465373
15.141117168710199
-24.040757151094862
-7.2241582402139874
9.768610469166282
1.7854136347354084
2.023496202661568
12.226413557898004
-14.76045849242756
-20.719593019469006
14.402811930299944
2.4362592222685167
1.637424933075633
7.344762836725837
1.457198737618147
-25.657117840223822
13.486624919432392
4.023623548075236
1.5408951869362477
4.060064248167931
13.387893684062938
-25.68407611623436
1.7123199399184053
7.277674811227808
1.6341956883795388
2.452215111775974
14.452180155686492
-20.861289236307954
-14.540464865639763
12.148756058290843
2.0138074165229125
1.7914192796644108
9.847911944398078
-7.487439821577491
-23.964234548196526
15.147267138745441
3.0204586974326184
1.5669128583462357
5.557688606183333
8.31421141193416
-26.06778618462001
9.265663098243692
5.302789768094575
1.5597832495075465
3.142817968853789
15.09308844041106
-24.326478988843483
-6.171650864995976
9.45569200857186
1.762533889975563
2.0634904175171154
12.53098846118585
-15.613959368786755
-20.132868490232045
14.19368466046991
2.3750650011054866
1.6509218989172898
7.615898667203332
0.43229002408937944
-25.539120714805676
13.849309472465768
3.8829873686165035
1.5413227771687685
4.2090723381586255
12.96590244244397
-25.780875597149247
2.7129233353049993
7.0158448885342235
1.6220109042704896
2.517882941523239
14.634340895043064
-21.400660518475437
-13.646783025136205
11.836992790175358
1.976759268953106
1.8162984596823564
10.16472056658729
-8.525318243247584
-23.641201458698923
15.148982581147274
2.928282031333379
1.5734906839471727
5.770242074901735
7.508388797346953
-26.054726904849474
9.977853825614707
5.107963591588653
1.5549420991203864
3.2463958669454276
15.00602157878914
-24.58413963296232
-5.111408719225499
9.14677068407259
1.74116129438948
2.105976856994674
12.828042393355586
-16.433464545105288
-19.50798670479616
13.965356494048264
2.3172600035677107
1.6655234712747193
7.894177121051546
-0.6080158893651539
-25.402710431325854
14.165166805837002
3.7488185598496906
1.5424352293241996
4.364982546851252
12.496278948550822
-25.8620791284459
3.6902342324222066
6.761675481216348
1.6108225232580322
2.5873161282016963
14.792581310231636
-21.90279974061329
-12.72322434954429
11.521153436313966
1.941932766673228
1.842870820167093
10.483641689320262
-9.547720951400114
-23.286689430868716
15.115854930769538
2.8408442904549034
1.5808793287575738
5.990766583205531
6.6642741700953705
-26.029862927460584
10.64579783050874
4.9208554865453005
1.5508394329798767
3.3553675883859464
14.878234788289763
-24.815331780654247
-4.047055948532399
8.842545607033314
1.7212205298003074
2.1510845318004743
13.115900673132801
-17.217590307563537
-18.84491798369408
13.719864751249048
2.262686025905636
1.6812836547759535
8.179275349097434
-1.6600513568516932
-25.246469542599165
14.434941148079314
3.620916031050302
1.5442369398483473
4.527976202964498
11.97908180117814
-25.928735733633843
4.640971959612312
6.515313351955858
1.6005882039602735
2.6606902648956914
14.924776400598482
-22.36846109870016
-11.772046849828426
11.202617285206573
1.9092164037965924
1.8712265609382208
10.803693843590048
-10.55145872552445
-22.899310109772596
15.049884016384297
2.7579506664855917
1.5891073880973643
6.2192818456072905
5.78425828162421
-25.992817991673142
11.268253705421879
4.741340930158035
1.5474591439905874
3.4699387730321973
14.708185383059506
-25.021660959300824
-2.9822902158919113
8.543635852534946
1.7026405939968314
2.1989479803410488
13.392805139326946
-17.96523133856209
-18.143886406483606
13.459194865882363
2.211190411298111
1.6982602683777337
8.470807426143068
-2.7200915422546714
-25.068903287464746
14.659593284673095
3.4990757734266835
1.5467350229065824
4.698224814491398
11.414639851156116
-25.98175128986341
5.5620311093996015
6.276859844002368
1.5912689812298544
2.7381859436232165
15.028803708828379
-22.798583214389556
-10.795756147442699
10.882669210037966
1.8785038685075715
1.901460715681442
11.123803492758654
-11.533529978450012
-22.477788205502506
14.953127189453081
2.6794103282855577
1.5982065620209345
6.455774413556991
4.870972656095311
-25.943044526018383
11.844263613359272
4.569278246107263
1.5447879313962543
3.590315683709586
14.494489087918364
-25.204722775205866
-1.920852344463587
8.250584193684377
1.6853546790468616
2.249707309266884
13.65691958192012
-18.675559685969315
-17.405380204416502
13.185270899204719
2.1626260852972026
1.716515059182441
8.768320165556174
-3.784385136844429
-24.868459064793868
