-25.3826260046117
13.418571384591
1.7598340758070479
-20.099803291796086
5.802036808365314
13.750474805061735
3.922980870549954
-7.712707111708431
-8.65649948551096
11.656355230712325
4.315964327253262
3.8627503310271587
3.2607030629115763
14.938856238921632
4.801284946285508
2.52420202211116
10.44156695063161
1.9237047360044255
3.8708492777936034
-25.988417056099337
-23.905620752704397
6.368418683656256
6.923764762583407
-23.20071489033314
-2.884493954279328
-9.582228745746166
10.038919084744448
-14.458366108363617
13.558674651041486
-1.6636499638623592
-7.712707111708431
2.1821129088699394
4.3064529884920715
1.5647863872814303
-24.36083134782928
-13.117743064711632
12.414674370270896
12.855327492806467
-5.111408719225499
6.978784861295685
1.5436314971625276
7.385299306249566
4.979863150252628
-20.711855853029398
-23.73441460561268
-1.1453416175877464
-21.1604254097403
8.048039659301297
1.7851719933231744
-16.600417835208837
7.509854157090277
1.6460496083736025
1.6754399420667125
5.756745975380802
15.034217200500347
13.34009021425932
1.5644738625073207
6.633736473050279
3.115876536508215
-14.408534651414252
7.52190174979803
14.059327971079817
4.010416645315388
2.398682310255162
14.455470455597023
4.2199912805550674
1.7490616904590075
-25.571750690747578
-14.849172028915008
-25.318887810477165
-20.04081531577914
14.19368466046991
-12.625962064862808
-25.964847051819348
4.31810693038312
8.352997445676609
1.79375472115349
1.9557057951471744
9.081696030429962
1.5442442607473703
-4.870922205300566
8.35458090395346
14.893644480704044
2.6344125003800203
3.797385651095884
-19.716292300155146
6.741244621914082
-9.786781532195407
1.56774951389482
-24.230184723931725
2.0083150116722637
14.341100514700361
2.74443552803162
3.427795912466956
7.796404450901139
-5.982880026090198
-16.5070615439994
-20.652806562611172
1.541030175377736
1.5562493622525877
-24.36174342727601
1.5446392475569852
-14.926984470516679
-26.037439894686685
-25.516607038202572
-8.613014250122331
1.700998096139585
0.3935735366939337
4.2838749502406355
3.2605542043451563
13.324362349213622
-6.611231079525751
2.5677985740505034
-4.983206417443341
8.969078653858727
-23.056233971203888
-25.901111084599748
1.6341092243536666
1.8326986795907994
6.8292167472398635
-25.872337720448122
11.157554967765373
10.172302515221451
8.104940174857143
1.54105830896037
12.28438776087952
1.7279162806741444
13.55394631433299
4.228975130471193
11.001424754022395
1.6734431239866265
-25.8246000991387
11.489792445577356
-11.653650022193741
11.611741059463592
-25.84199225460913
1.7468326636208376
-25.046894987382245
3.009726006363009
3.5940991819165147
14.37318607211134
2.088608888058028
-26.052110748527618
-4.928880192837726
-14.047218160575312
-22.183584918829695
1.549939329582159
9.540483951122742
-3.8061504405120132
1.6196291819388868
-26.039026125136758
13.00348124647255
7.944572460333854
-2.85914431842936
2.463228130269661
3.8116823849871957
9.730689690164548
1.6151004310489525
-21.437800572386703
12.955261524842319
2.6238742431615414
13.824084581783525
2.4294208236379573
3.8010202323279
4.3066545572083825
7.107106989471145
6.1090858572180995
8.237983768156248
7.398430797282488
11.624433317417395
1.73077891947632
1.5814395509656156
1.782652037915686
13.690066408715131
-26.008404072919248
-19.08619253543011
1.661033051711077
3.2033140209474653
-26.06956758302354
13.527928178943949
4.1497405838554124
3.250379589662587
14.399423060067738
11.453633036457497
-17.987560952203108
5.798330957555096
14.061104628382035
1.5469504852647713
6.620330350447104
3.104919045474856
11.673576634657598
1.8329945588760843
-13.991016661040788
-22.892421624822177
-10.19038102884453
12.446714721477361
-23.767948217307577
-3.373396130293442
-25.218125185766862
13.524544758188034
14.94140206845949
-25.78117797572805
14.999399042586319
4.389497607004871
10.67651686052455
-14.834409976269932
1.7497414242951226
1.5572610052883484
11.614975394851971
7.785396800152944
6.582410608981506
8.775481433440286
11.01495081494688
1.6669967236162802
14.871680447627446
9.899957012778325
1.6105312335993232
11.792666900417293
1.9940530477745804
-8.117294375672719
2.235248583922095
1.7489468704010067
1.6525068298232577
15.08331622711366
9.73223773090563
-22.847531798852337
1.5410802251948552
-26.027623519049378
1.5410439210981028
-25.312223481475705
1.700246892503803
1.5671026826486725
8.521470252921326
3.498266211724889
1.6740886693125465
10.237781451921864
6.194098808106354
8.981083214200904
10.403305264996064
12.45290704699828
2.599381850409271
5.110103295886843
3.4829360761049353
15.115616335119324
1.7099422079421602
-13.89610148386987
3.366812782500685
1.7000903051789704
4.527976202964498
-6.552349516573597
14.940811212817904
13.16044021911279
1.571162928579378
2.071881146516043
-24.58413963296232
-1.8559776541467778
1.8771888491440594
13.940695829234672
12.299001362023631
7.958071178829354
-25.218125185766862
8.207788219651619
1.5596237184619897
2.1352792286294133
8.388863094614967
1.905837354577772
-25.068903287464746
-19.497015307320787
1.691444237561547
2.7944724202251403
-24.739540193207233
3.9177690108061665
4.886404033211796
3.4318884361146553
3.933150667682966
2.5267473348894485
1.5992985517290381
1.8603981312335036
1.644107520650849
2.560539701933582
2.8138979121205976
-17.225414909230505
10.176635593347774
1.8467208751170103
-23.770172294164876
-24.381727544443585
-24.847062288735266
-24.948341994926757
4.819472523105222
3.796530412788525
5.701627862362855
7.08280437510244
-4.413059391013959
1.541916455308822
1.5413547967462407
2.1116638971759505
-11.653650022193741
2.151559374560495
15.152133854467667
3.3691088544463974
