1.8334512567226748
2.200628194606349
6.340964321381409
7.503920253034081
8.353585843317381
1.5503615976317224
2.491429228412438
-5.049864752916206
-24.745716564841985
5.38184335384211
12.538163965917628
1.922152249583465
-23.583791077854656
-24.923960875470616
11.310133527895546
1.7705627200338152
-25.961625862362474
-19.383567961250247
13.688025533078328
-14.801900291785888
-21.93238593460959
2.2603421517357822
12.094531340506597
14.576234975810396
7.720465634895479
1.5864684401978955
-10.701446882928234
-25.9664031160453
8.219143053045968
1.818669792292923
1.5446936858056355
1.6315203400934786
3.668246511191951
15.03599633326465
7.6641113711861815
1.5713000922844802
4.645315557340771
7.483073668787113
-24.716672998522792
1.540920005694261
8.507976910655863
10.647995479362777
9.280178637208127
12.75105739120466
4.737152989762034
3.367156944851301
14.69965743027551
-10.558224373621144
7.088118766322676
-25.58291107106512
2.3346090431140176
6.093584452656254
-23.03488605109052
-23.9230905252182
9.604771807752597
-25.906530983425476
0.4217331179838353
1.5456353745224494
2.605036806066877
-8.705527388695415
10.54724795268159
1.580959097464251
2.047356447217492
14.88589443616436
1.5862971815237437
15.135328129068176
14.876713616687379
3.256551165558648
5.913773019571629
-24.25251948067339
14.166682601667452
-25.8733134729449
1.5507505028794006
1.5456441082914916
-25.941117278212158
1.5487239497084175
2.23472346704711
-22.458318524947792
8.227220444722994
3.366204199775828
11.359427396875166
-2.8736295661242863
1.860261033930336
13.098699233009713
1.5445743786407697
15.117213923058852
1.5595001301791287
1.543427652501495
11.388566837519956
2.0275259692919776
6.04831059470188
13.423535013919736
13.684336680025568
-25.684433539669744
2.676809976537376
2.754656914170578
1.6587537293978745
11.669010608755597
13.39464945970652
1.8443691308925836
6.488941544270721
15.034007391517015
-4.043428375745483
3.2525557235642486
1.8493141627537435
-17.324196254018638
-24.480116114082314
8.626448759795538
4.78224972369094
13.258192920345206
13.153348589321693
1.6136590996132203
15.112380878949038
1.7605069138415632
1.9363967831247815
4.8115524005647465
-23.55793953929501
3.0084452569266373
7.648144069956215
2.0697529008678113
11.332294050346803
13.717856108776783
8.9862610690294
5.372229959944735
8.357566515449102
-20.625483746698055
-10.686579336763739
9.249287458893484
2.364905027737162
1.5624770368161052
6.4782548616047
5.1132397382333235
2.1339766971967657
12.102980396521891
10.993461688359083
4.308257132295952
5.0897905227776254
1.5445743786407697
1.9894846096709722
11.346405172583339
1.6752773327808574
1.675494172871899
1.5618717039674384
8.201883871650683
7.306546353504384
1.9731730322006364
-26.06172856175135
-3.956365562287768
-24.838260605845747
-19.430051693359257
8.79698378661775
7.354802011149288
10.048148741924521
1.61437002938154
6.482027420577629
-8.034615967680457
1.5588642419097603
-20.058312355916897
-12.67208501393069
1.7579421148985537
-8.009874992342684
13.164838553444799
1.6326039126662897
13.558418520103315
2.13869762761247
-5.997295870122307
10.781936916719774
-17.699835427758213
7.938791997795652
14.946665082941237
13.689254057898903
14.941590892353414
10.10732285330893
7.385958614848665
1.5861832085877285
14.327200305839586
1.5419879733453161
15.150995833469636
-22.647477327676643
-16.89798917332089
1.5522623863604053
1.9382202194362659
14.047721839660044
-25.868307038590377
2.398806822262535
1.7812160145880904
-22.67347740131453
-24.617154977725964
10.360376244259628
1.8320826846216942
5.380468918137296
-25.744914654635274
4.809478152081793
5.692660870243451
14.280376315951617
-23.195558394633565
2.53418213728435
2.072876574976076
-23.232803618234566
14.19580856367586
8.505370613385656
6.603264228977631
1.548791692033574
-8.094668177266884
2.6011003410503974
6.251029134686728
6.614130690829591
13.573957887105983
-25.75166796616184
-19.79003110417097
-23.063427817029208
1.833322540089873
5.007402772902952
1.674034798028559
14.721693190628098
2.2820824161524005
-18.335982436332937
-7.56210935394904
-26.067266263206005
14.82720756943776
6.984785711938113
-26.02638077014484
14.486427979218822
-4.955713617755358
7.3858402359181445
-1.333313329427725
14.988681858302074
-25.959676371037247
-2.2669491187701865
0.300536422585433
3.657699962117937
-0.6329737487665388
6.019434899966546
6.6086191703048325
5.928448463049001
1.7205657800620424
4.155354556380359
5.586681848861849
13.806385006042879
3.1145207425568517
7.468994179925193
1.9208252485078163
-22.846140041746082
14.461107351037167
7.468994179925193
-25.877189812829236
2.3320816226119856
1.8868754667644867
4.832982275274749
3.1025605060467947
2.464765878384162
14.9372863252587
1.5996471953626972
1.9744397742810322
10.873944020898138
3.2536446367779335
6.126242640171713
-21.480013371513483
11.988694480915196
1.8187057929566448
14.750968670656484
4.069003446395053
-17.712473640581262
1.9739526417507582
-15.300098789126244
1.9069546206994608
3.47955702608273
10.543980022502494
14.987640569359248
-21.97162121667388
1.8638181604713697
2.707091372541479
-3.3335123737980386
6.981676390244589
3.2595847217047753
4.306120528320701
-15.294313179319047
5.001679194276441
2.3990986472964604
14.995084785692034
12.445616655915538
1.9361692906450396
8.637604348230683
12.196742340449507
7.395366268491271
10.385823186298563
-0.7435802789041277
2.047630600123455
13.724643679818291
12.855915286764887
1.8739267191480713
-3.2573789615809554
-23.46495047750659
10.837951436089124
6.491896561518816
3.0622779854370874
4.892601777607033
1.7725750707165466
-22.86476853566172
7.491893904012497
