-5.418577092818719
4.8115524005647465
2.3669126475171822
7.04347747633799
-18.78437146863653
2.1537791145410297
-22.431246124543016
-23.42560241151717
5.664057292134805
11.63481486478405
2.1315043590393765
13.895077503023842
10.180969058363086
3.739021074250614
1.5989898330366
3.226330219139115
1.9911118047182568
1.552153529573129
7.421041124841373
2.4608158284769797
4.749198057601682
1.5542449891998422
12.679921924836396
13.283985680156361
1.7016051565043755
-21.182365158632596
7.352964419210047
-16.06291163837079
-16.515220469530103
1.9895356921069407
1.71028221698982
2.287258725428329
15.152576522530383
1.582096114802685
6.130148164295421
4.45252779327379
-24.858303825613106
-25.987413114242763
1.6442455073990792
1.5909371703384427
1.5571294428561377
4.894462813653989
1.7606566246528028
4.1375251694520685
1.6601559948008426
8.215082443962844
5.797892817887174
-3.795267764381202
1.548363193440417
-23.950578864047387
2.3065301310821757
-25.78969282119471
-24.946957942549922
8.10689313786488
6.359046900207893
-25.240781783034233
1.7493800093599172
-25.98847908598849
7.932620961105082
9.757228692326898
1.6324755719418926
2.1115750583640476
-25.040363234446342
15.136594115909446
1.5471639653217673
7.801565444214978
1.7610312062233329
1.5785292032751426
7.791663049072694
2.13869762761247
-24.821275349415963
1.8634259703786666
8.35458090395346
7.094322907904774
4.912125204586256
7.25148011879185
-25.638111672309037
15.102756281327125
1.9191263058578016
12.567240589782024
-14.092923540025572
-22.21028672685072
1.6322017704453256
1.5526117082189463
-20.988435474501983
13.839190566037248
1.56440582838901
-3.4474008173225887
14.799492305051285
-24.079369064194182
8.894725839402083
1.6679881257783598
-24.35771996180785
2.7140085518062715
-20.070778240029952
2.7101710907093697
10.36849465061242
3.541923265921529
-25.876707600809592
-17.712473640581262
-20.94903856079314
1.633290224043476
4.763201913256113
-25.905649400630608
2.529762285425939
-23.946365262131074
10.850594104755528
13.545268448394761
1.7777038087121118
-24.237273124677557
3.4926068819965135
-25.050150831543014
2.2066046869718305
1.6050497691905337
-25.118803371395956
3.1441936182021832
2.0454405470351684
7.370674931002594
13.282662624963974
2.5880455460626166
15.14847478287869
1.5502872534336163
-6.534401649201076
5.482271148778757
1.9695375214024982
15.119627508020933
1.5432710678133248
6.507062063157399
11.906824098716942
3.676919776544424
1.5708441810250509
10.971989517664612
2.8172595000200515
8.995665324081568
4.548688464753354
1.9054086599977569
-8.75451878258096
11.030151633785682
-24.83236991307804
9.781186639881906
0.3759680385050812
-24.599882918580146
12.922549492474484
1.6327752018514374
2.9654673209228246
3.654252513021933
1.5704954647508598
5.296702549063703
1.5676425774155875
-23.737782540691914
-4.007152414541365
8.103963807216518
10.341902038171806
1.8902291853405258
-23.762381746065508
2.5976656162695115
-21.927464417064904
3.4144777561961734
13.935808432735062
-17.696272928983436
1.5427061022645567
-20.709920462227494
14.488044366326614
14.814298236984389
-26.066051586083418
1.6456505395883971
4.170923897660007
2.2038988682470846
1.7281850491576733
2.7433467418463753
12.116701680490154
13.675268251569538
-12.249317111083625
1.6375132423076075
15.152379413885738
2.818633126393162
-25.23105567064245
-23.248641660121148
9.571761434319825
12.27498582699064
11.353508635634876
2.8152716506108435
8.948590930315952
5.287248146189817
-25.908286393543424
3.2057959405525516
-21.72593658924447
14.990551426257309
5.920126756841292
3.366204199775828
12.422527661407964
7.118293661538495
1.6257155686359506
15.152547869967908
2.486267434232077
12.70092190743361
-19.105320873160046
13.139928232632013
12.45917516662613
8.967566583363606
11.038559013881388
-15.807973924509739
11.879917596260674
-18.770356929665127
-20.358954925904648
-5.5610014963019125
14.799000630985226
3.423870845772011
1.8306815736803166
1.7019092475579927
-20.357763883824383
12.487869728879836
15.133961441218846
4.3774916390827405
1.718974233723362
4.915864640839932
8.780598521160824
9.113376757849784
2.0897740993571
6.500887262442948
1.5566087327702776
3.4346447853337296
14.883288100901757
2.564212708434036
-5.389653111995699
6.882167714307133
1.5869268876591325
7.216000797404395
2.952889045121502
-3.956365562287768
13.110434144497349
11.037700492285627
6.584076795020934
-20.051223284638823
15.115436600408858
5.100815805847622
1.7511186697243593
-8.115851816264396
1.6339796189137807
-26.069421431044894
15.036607836680982
1.6667153970334183
2.6781095488351525
5.379094847050603
1.5561697676341715
4.9902535985358005
4.088662946377589
1.6052927989725134
7.069399399411258
6.463968364968895
4.641225254880151
14.645326651830203
0.7163859375203749
10.717634051784499
13.536017200338962
-20.649705178631216
-19.4388835896804
-2.7526684813270235
-26.03856377563182
-13.187030294433232
-26.023479615743657
1.604620260130496
1.7287233575399212
11.631412842933097
6.359046900207893
-26.023706190328095
1.8347327133268945
9.724268754166964
-11.59956123586933
15.145941029256324
4.986451451260604
9.282281074263192
3.368499649140367
13.932546244894606
3.379627453227895
1.707565980553349
2.59521776274636
-6.690131598788987
6.084536815379856
10.481914355040992
-20.596113527093458
1.5680932471421118
5.932992302238298
11.855544097297079
-26.009761055198524
7.823477672540769
-22.651228469446757
5.273099857904942
-25.229671813619376
-25.640556156574647
1.5787609354769239
-16.920340637280482
5.38390569111709
14.848357745617793
14.477500600261482
14.353138196801563
13.033708923681676
2.3338306914816354
13.528971518417919
14.170450002488096
