2.726400745638311
2.5302267838640056
1.8440877936992865
8.27669304742439
2.831881738769589
-22.626570378801315
-15.256668945053487
11.07419482731605
7.766017010643911
-5.0245192754536685
12.170040548656777
9.353842467921373
-10.253098414129273
-10.074332127800307
-20.887859769916084
-24.06012491344618
-23.626182809512546
6.391439906832942
8.810727674064518
1.8785038685075715
7.114738384037951
14.59184928552768
2.399305862323906
15.110948733184557
9.266517792957966
-3.2791301950734617
10.867400038815568
14.689043839523016
-25.524114831835334
-25.392212211246562
1.541051835074775
1.610023177778627
-23.397438563711823
10.516306186302012
14.998726682596196
10.652389193350913
-26.061325559395055
1.8903330429032255
-22.852272819153395
0.3146361706210681
11.156911252457954
7.654715957030603
-13.45603584405144
-25.64888521044337
-21.75801700564027
4.758728148872353
1.9521328963892333
1.6837716113526704
1.542475156761915
-1.2866587682105843
11.608064287675095
1.6768767602791055
4.740963592077948
1.8919978287580124
1.4329725824481536
15.148470484492055
8.9434860079255
-25.69857158922252
1.5426739777084355
3.6830080435719856
8.516437229409627
2.085355177326845
1.8430578191931122
2.4306998195516627
1.8359262103071723
-14.019756312967608
1.5504810658617143
-10.585276887991109
-25.446040194939908
11.092998173269692
-25.836668424428126
1.581961146389761
-8.716028630009351
1.5471799839187743
1.638995632951048
9.402354414669162
-22.462817673289535
-26.060174252776953
-23.06155532540333
8.523951448634968
1.577549011462311
14.581464990166221
1.7279437267982902
1.7699144845523398
-25.897279105712002
15.079953982877878
10.970194912726644
1.719364591151489
-5.05348535544416
2.2064353197556374
15.13187760966135
1.586668696206029
-4.979584961981465
-24.956904394082308
-4.4565739472090575
-25.644578042561097
6.10752837391214
14.927297600158418
14.400101327159085
9.355309838942802
-25.98872040637852
13.418571384591
13.566823018888751
14.584442232111218
3.7171451880691873
8.656891918703892
4.465340266076558
1.5681579580055263
1.5414107042345933
12.837010721112243
7.5413932315327665
14.940960349767693
9.543672859806291
3.2105585462485418
14.776522720468275
6.01636328388618
-26.05954506558124
1.7593558242595797
11.936146369332912
1.6337638513192974
8.980346060443987
1.590115754142101
3.250379589662587
7.53489196001682
1.6258790382544457
-20.415990763036092
2.004715246154219
13.707765528953356
2.78202308488652
-16.515220469530103
13.55481678505802
15.089837332399867
12.74200867310223
1.709340358533084
15.043291995339017
2.367113624148361
7.934939925917822
-24.241092657172683
-8.117294375672719
-0.6472383574968472
-17.61765751096492
2.868009782089166
-21.505237025489585
0.8423975422485532
4.077174361846961
5.159556291938967
-7.019158524234867
1.5587088416011468
3.5565554984761403
7.645328784119382
1.5518569561219016
4.46166395351708
-25.83586390792292
2.3147766532823577
-17.98012164605293
9.54686216428812
10.042095049775465
4.40176762291334
14.26057834858171
-7.072761921001609
14.268544788332353
1.5709578104489013
3.4849476126089747
14.607236637832814
1.9223284831773262
2.9246171639408525
8.242686659856165
15.150844004474255
14.932779748201181
12.869233043063774
7.38895882298311
10.437073426803694
7.380297738238694
-19.15069214496701
2.2067740880263043
6.087553091280311
2.954130096747193
1.8053082821213327
11.483300807702935
-26.025940682599774
13.00738805137282
1.574434608361893
1.591238765647997
1.5426136893798374
5.571201768566287
2.1806339260506262
-19.03371162186315
-26.069509033221472
11.454715835455797
3.5312339811160802
15.14853281989123
14.796044222957105
1.552186247463806
14.95084381651701
-22.614926084714725
1.5982065620209345
9.385450021615178
2.207282494276198
2.4283561210417606
10.328864610355017
1.9028442419602025
-24.214814163119023
14.950462090972822
-1.805538514870713
9.2581154419206
14.571895459991373
-25.523674922261836
-17.778018937633764
5.289272593340865
12.109314599885412
1.8724246664363438
-24.483591721259344
1.8330858578473956
-14.87692463090145
14.925467089595589
14.789550141133034
-24.819048671713574
7.4153911905512215
2.5654068700403
1.5444148706048093
8.960998078636223
1.5470198733389195
1.5414559443764453
-15.703268204336403
-20.11014834431303
2.7579506664855917
-23.20071489033314
14.735542389312602
-20.29428162275937
1.6253077143828238
4.737785295591532
-26.042287790251095
14.649348676465141
8.93579871223889
8.665435415122126
2.2071129916728087
-22.15518105129362
1.638888299650941
2.009347387621842
1.8872881211253123
-26.025654366280534
14.573235053342987
-10.146041781926908
-18.774075484902134
1.5867260021118288
6.501291622672255
10.361702744239798
-25.96691906900418
3.9196631736766565
14.370448484599082
-25.139189250446165
6.3385469998274235
1.5414176516864362
8.59348685875906
-19.44329687982242
-17.33820624433593
7.936865804798762
1.6198247250704014
-18.69438440133315
-22.45681798909134
-19.120293306862788
1.5646458033453687
-26.037345329715677
-25.8620791284459
9.06438414824415
-25.458094853345287
1.6405183498420124
15.133092670589035
7.785958842209123
-25.596914292675617
7.666931600695948
3.3105759854912375
7.537677716227034
2.7891336539474447
-20.92077977415896
-23.956888804251005
-24.487929154883176
-26.061963655022385
13.136089201557137
3.4281887845804015
1.542615830873111
2.2240431116462847
-13.103839024910528
-20.61570468418164
-26.008927410301638
-24.965829290861414
1.5504487126307618
3.2155430411642576
2.4643263115250753
1.6198638680617439
-9.683584787235212
2.871672702188223
1.7844480618465208
1.5414469884142645
14.918533596874049
11.646935013047283
11.879917596260674
2.3346090431140176
12.636974270712164
4.839317526313059
