3.0087653588192254
1.9378778512305839
8.508387957318929
-24.818305869826382
4.016768499939399
-26.022910690126274
-22.22813874251021
2.284482152301331
4.895336934545872
12.556595501582732
1.675570588485332
6.859707203628463
-24.042801696339176
2.820620813519099
5.069488519030102
1.7615563519214557
-7.0334554840336825
3.9493732370219528
1.9590161127794814
2.0921102516325853
1.717741824434057
-23.946365262131074
2.0315266016164877
3.808945659880868
2.9975956349026927
-26.06666243957573
9.880156120362296
11.031299919270218
4.393002476149801
0.32873313683807526
15.108122038635978
12.445682380187632
14.798293842633193
3.4266176949068794
14.174115688692217
2.5253583241151025
14.996373414598452
14.79653771478352
15.149064610298383
-19.796435320429016
2.7901413580349392
5.592898059113353
15.043961665978502
2.8627109586533184
15.047927359632599
-18.42271858278675
4.562402814432355
9.432996047993953
1.9879865181063767
1.5505111883483962
4.639473549438345
1.6455388244821938
5.011859417232323
5.693091176868819
13.556630123025764
14.1678822504416
13.679410558473936
14.920393199549164
1.5418606924696754
10.481914355040992
1.6663000064427163
-5.541460272115038
9.757896191319157
1.5414351583768706
1.6137337439550348
1.8634259703786666
2.3669126475171822
1.5703152829770566
-19.0848461272211
1.62729298822451
5.791666255229864
-18.124259742531706
-6.52722177324771
12.405970206406645
12.440519447392067
7.931089110962086
13.495820264204301
2.3720313174726932
-26.06995618064264
6.344188709152688
9.70822252546749
-10.297339573136998
11.945098545798464
8.503359394552652
5.085640926919189
1.652603336150399
-24.35406400267191
1.8603981312335036
5.276464873260581
14.577731843076025
5.07723470813318
9.766817973117261
15.134969477781784
-26.041762975533914
2.3716274933229036
7.011452305809522
-23.07006798214796
14.822452433706879
1.610023177778627
13.310517463823642
0.854315891347091
15.110694048706037
1.5741117987511375
1.9343528403181507
-21.193311542791644
14.936732206563407
13.283046470902859
1.5820310659953714
3.9239294649396426
2.43198029258187
11.969864568178513
12.49291691670069
-21.405977899288096
14.16441952380418
-25.065041825139726
-7.084939026852085
2.778397829937382
1.9931720004973421
1.737291096850608
10.200474374906237
1.8751730031050802
3.3029795969979636
-8.261886519501843
2.331693358168887
3.882051870771789
10.04910307362962
2.398185586685247
9.572390750890698
-20.924553303087336
3.010366723026056
-25.31513285066115
6.828357285997518
1.7107859507201966
5.46589764434899
1.5676979709084198
1.5442883557128289
-26.062010267280094
-25.938392907440686
1.7287233575399212
1.5434467801243401
13.680642908653606
9.239842703089016
8.20720617601921
8.63253263282306
-25.4555409355371
2.0256133546946695
3.107080885727514
1.951781655238353
9.535169985079168
15.148760931521021
1.7169018501103415
-20.664489930228495
-23.804912057361562
1.994305013068615
2.206027512666629
6.343382473748081
-24.36683723284728
1.574410475071285
-3.3262610908293837
-26.02816236502386
14.807317790402285
5.255278268362741
10.024882274702428
2.4572268401732256
5.687272588265752
2.228896766370743
7.922036331128789
-25.962402003270995
10.209588833984725
-13.069119021666456
13.562358438220599
1.6381771217105148
11.980195135451327
1.9362830247564733
7.108520040524358
1.5672508340749225
1.7939685045514147
-25.98175128986341
3.547698283846173
14.68032457312555
12.117756728403565
2.4909794775382292
12.438824157557537
-23.57206249293795
1.3137331258257152
-20.61766137743971
1.6982602683777337
-24.718236242764007
1.5414559443764453
2.0899198849434972
-23.636586914930664
11.958931474520554
1.7742646420775903
4.802791274499947
11.989756650725536
13.142238957637867
13.801813238732231
14.8248338472889
11.039801218222358
-10.16310010491639
-25.310287774301756
1.5939963198826064
9.711431069312205
-12.16822582499903
1.5892254123850047
14.929194456668412
2.492104176307555
8.365531293209372
-21.21590018985148
14.637241616759813
9.730689690164548
10.44156695063161
10.37754321540008
6.999164904339115
14.76725415213427
1.7165794853629033
1.784689206966088
1.5640285153718065
1.8742687365581556
8.080553799138253
2.958169662299965
5.369486556482867
1.5566410177610746
-24.94308270518208
11.140136473462109
1.7019092475579927
2.3444702308395873
1.5471037560595065
12.409076285546714
14.350054483047376
1.6825126964022177
6.73070180221534
6.145330301140449
-21.70999361550471
2.864475313153939
-7.533671215691572
5.900501844941313
1.691094919402887
2.402076611553719
-16.548928139763447
1.5473056028582495
2.678369608123933
14.935944345955193
1.9374217007031076
4.621180095401725
15.040134690182887
8.93619232249708
4.753673295551685
1.6258790382544457
-25.590433283153473
1.8928323882963338
10.722401162632936
3.35727105590453
-25.74445872287373
3.41604062041653
10.740708350371632
3.446618770959814
13.818691776106029
2.4007574895719492
-26.040429034250323
9.720426113196094
15.03599633326465
14.278643458286457
14.054830445488625
3.2065056150771247
1.5676425774155875
-1.2615446359082425
2.490846529786738
2.371022051046064
3.151086327984489
7.943608853791788
14.488851778720628
1.8993287764368971
2.1106742834542107
2.3048291350566807
1.6594034967737537
15.041086771040106
15.149205374211457
2.2096590887148975
-23.209723943740784
-7.63316434794762
2.7384571146123897
5.264635751057501
10.046920789122954
1.7207620394665333
1.8323187887757233
3.3576519443248065
5.912262745385011
1.33107598681281
7.756525985926427
12.153228880210749
-25.535220241039653
2.027260145500331
6.603264228977631
8.48486042969673
-23.95898932952076
-9.219150877912854
-25.825975983767865
2.9087036938603115
-1.2615446359082425
