-25.879112014458833
12.11353616229938
10.644136365698733
7.506150065906483
1.7091268074741048
13.43324213580536
2.5644514506657847
-15.204438275825812
4.793689775070187
8.967627649685989
-13.877691495484893
-16.951103655234363
-18.34564775444748
8.538595318109149
1.968451348050371
-3.3915260261273477
1.9343528403181507
-21.904447013875398
-24.745716564841985
-22.423085413135425
4.33033137981263
14.046647305169497
14.048154169863917
14.810430361817197
5.279158516390228
10.035679385955328
2.374052791708598
14.996224081845844
1.7577936668130834
1.6917595757642003
3.995123977970254
1.7824122896861692
2.521567756980241
-1.1525093134234707
12.184296905919203
-20.709920462227494
8.23101172936347
1.8088482392307492
6.382517121491988
1.5642266969382128
-25.377847979604663
-23.90027861827492
-8.663505693593148
10.003682361267414
-20.682778814902026
-25.13943992594131
15.072463683660764
11.641910901223389
-25.65076471035114
-13.092507816092928
-22.44329471403199
5.282527609260801
-25.93257005065556
13.12710793843801
6.586576760206054
-16.194540211766487
5.492087630981564
4.400122547428531
1.8070488551643753
1.8732251492188594
6.336935913713859
1.794133588167224
2.0461241606419662
14.825784259708405
-24.341227343869946
4.557254231099434
2.4876118071688573
3.0619483921036905
2.5637353590559897
-25.692953494391258
-19.413270694529476
3.8664693222626894
-25.515275652978136
2.281529503317773
4.708306963079844
1.9379244743523243
1.5615462100120634
8.967627649685989
1.675245294367211
12.180008291740748
4.233772668703068
1.5713229854544606
4.533085758424122
-11.190631783316743
10.687462847285278
-26.062056744091734
15.120133387728423
14.988335102788515
14.758117027986133
-25.304660081803107
1.9077074121937194
-21.475467485585725
13.381105905012625
1.747262822827935
3.1053940181714568
6.341770279860442
1.7377077404089345
14.395348286921603
-26.062468941684493
-3.896840764424589
1.9515476186594005
15.150214545748074
10.033519731266972
4.878978327848866
1.6665075939301113
5.279158516390228
-7.6701205881284835
1.8097080841496445
1.8204717650041804
8.92041097642485
0.3125518662100806
3.739910303413576
-24.32832708484287
-25.030246192103952
-14.428343615306208
1.5414004310091443
3.1524677661474056
10.076095268551049
2.1112133178723744
15.134589206057953
15.135558526368717
2.3928166160967774
-25.78838094913717
-25.22275582265113
1.5473667974389924
11.454715835455797
-20.98469169650364
3.7946628041518573
3.325541910164218
14.475870664915533
14.037974861330621
-7.730445165331906
7.619642157748697
1.874729826553529
2.0454405470351684
2.4358305885371503
3.810313690478042
1.9222629871208352
12.42812010832531
1.581718819349169
1.547083751950339
13.12263643653184
14.370432961540237
7.862619557798895
2.0667267222758055
-23.920532026849962
13.536017200338962
-18.68262225052669
2.457445242927683
-23.802710454945583
13.440936677910317
-26.0498521484707
-25.749104918010705
5.714531562539751
4.287480743387164
8.902436484309911
15.129715857081578
2.519723950194669
14.654161959094502
-18.41070577858752
-16.136346690193207
1.6675179059006857
-25.645489555331842
11.27641422038835
2.9185266020419767
2.415651235366762
-26.06995618064264
14.074432096964713
13.814823531664713
-23.593147448905793
14.036395368673833
-19.074803518797932
13.931730208222815
1.5621732324296942
15.041086370392375
1.8755343366057802
12.868240498289454
1.556233426088494
10.37821267741241
2.3172600035677107
6.25294556100358
-25.05987832842048
1.5525011346751163
5.8075321304414755
3.009726006363009
1.5546996817312362
5.074005566793802
2.6340117032374293
6.959715093277117
5.699941867922618
-21.707293329465067
1.8901867506604155
-2.785249307705361
-6.0189171449185
14.28612209097347
-26.065818822847007
2.7108118755578734
12.425212677631961
10.987252856392917
13.657795037747354
-1.7644480625066636
2.4563502523668004
-25.68407611623436
1.5457583880198178
1.8572546539005694
6.577713269824725
11.89300348828295
-18.072607417152575
14.375935291792095
2.9147588249914387
9.723602199608791
12.39871991192077
14.717930941587976
2.633508153228211
1.8086765024053997
-13.111436242858831
2.261603488963355
1.5785549127730918
-10.053824561346813
14.150489621889438
3.8084897971806844
-10.087999137653789
-0.8343308675597647
1.770068553618579
1.700332054674834
4.972910973574237
10.42132960243923
0.2758551974634278
-15.768419556470711
-0.20285806527012795
2.0847759506756467
14.177968284013916
5.298054629285399
15.152529604968057
1.7112906665145404
14.994183526051785
14.076731578025523
-19.361364201938812
4.222596240033281
14.686096526712511
7.89013182233976
-8.669079838249493
-5.539323624969724
8.786741108029736
9.574954187700554
1.919236394629062
5.682912523193939
2.114887330368737
12.438453703162672
6.220865693577574
3.3122886211641696
13.458283411235323
3.313560965008943
2.0689871136346976
4.290669067221202
8.53456411646946
10.652389193350913
1.5616844028672077
6.755711087326276
10.403221705323366
2.311461026334121
4.069500809100217
10.202642103508849
-22.643988227003888
1.5894027520057081
15.087220495965818
4.639473549438345
2.2889286099559953
-26.05291007007328
-25.23392374591394
-25.863583413070423
1.6999695198248794
-23.3814317967743
11.294926642798357
10.727649062221403
14.707532426472838
4.9950687454752885
14.921782806767073
-20.933209478741684
6.5940815949530664
5.591468464056108
3.366204199775828
2.129193815604802
12.708348168621866
1.564008746588424
1.2998549764457055
3.551173351061688
1.5434557864430298
7.899935644992466
-4.474704116813594
13.694162693414622
-26.053141620239913
3.620065882111408
-24.08482466889575
-25.318887810477165
-25.138575641634116
-14.47159028699406
-7.220590964920397
1.7186109710590096
14.781638941297286
