 19962 19962
 7447 7447
 4262 4262
 19015 19015
 21277 21277
 27276 27276
 21867 21867
 12326 12326
 12847 12847
 29979 29979
 5186 5186
 20540 20540
 16786 16786
 2806 2806
 17790 17790
 29657 29657
 19155 19155
 11797 11797
 8368 8368
 10113 10113
 13060 13060
 9538 9538
 15415 15415
 29829 29829
 1538 1538
 12102 12102
 20249 20249
 13494 13494
 26765 26765
 19410 19410
 8904 8904
 7610 7610
 26207 26207
 17407 17407
 15387 15387
 14320 14320
 11366 11366
 6638 6638
 12702 12702
 16136 16136
 26624 26624
 1004 1004
 14080 14080
 2236 2236
 5309 5309
 17131 17131
 9572 9572
 1750 1750
 5814 5814
 21442 21442
 11462 11462
 19910 19910
 18495 18495
 27889 27889
 4806 4806
 22058 22058
 2353 2353
 19862 19862
 421 421
 15367 15367
 10354 10354
 2420 2420
 21848 21848
 13533 13533
 16362 16362
 14733 14733
 2428 2428
 20133 20133
 32574 32574
 3705 3705
 25779 25779
 19595 19595
 5266 5266
 20572 20572
 7481 7481
 21263 21263
 7785 7785
 9605 9605
 28895 28895
 31642 31642
 2079 2079
 21644 21644
 25511 25511
 10787 10787
 32265 32265
 19713 19713
 11568 11568
 20528 20528
 9591 9591
 30348 30348
 9260 9260
 28041 28041
 6238 6238
 896 896
 7477 7477
 8853 8853
 9828 9828
 12764 12764
 1768 1768
 11644 11644
 23040 23040
 5082 5082
 1010 1010
 12323 12323
 3255 3255
 29415 29415
 17628 17628
 5701 5701
 20260 20260
 2101 2101
 27994 27994
 2219 2219
 14488 14488
 19384 19384
 17456 17456
 21972 21972
 1166 1166
 25348 25348
 27457 27457
 20364 20364
 19829 19829
 26411 26411
 5604 5604
 20039 20039
 24117 24117
 17565 17565
 28730 28730
 17149 17149
 16099 16099
 541 541
 32270 32270
 2116 2116
 26906 26906
 21095 21095
 10611 10611
 29715 29715
 20131 20131
 32265 32265
 20717 20717
 10599 10599
 26912 26912
 29752 29752
 23261 23261
 16640 16640
 1161 1161
 30990 30990
 15492 15492
 18050 18050
 22309 22309
 26707 26707
 20278 20278
 13231 13231
 21550 21550
 15709 15709
 23099 23099
 5545 5545
 14691 14691
 25778 25778
 11641 11641
 8295 8295
 575 575
 9082 9082
 26459 26459
 25575 25575
 3613 3613
 17527 17527
 7505 7505
 22737 22737
 18893 18893
 1341 1341
 9078 9078
 21676 21676
 12519 12519
 21041 21041
 19202 19202
 16976 16976
 17135 17135
 1209 1209
 22718 22718
 18388 18388
 24210 24210
 28816 28816
 23322 23322
 18024 18024
 29966 29966
 14729 14729
 9938 9938
 28655 28655
 24048 24048
 30612 30612
 28559 28559
 29246 29246
 27717 27717
 22839 22839
 20432 20432
 1122 1122
 1885 1885
 4744 4744
 21712 21712
 22279 22279
 27325 27325
 22766 22766
 17003 17003
 17615 17615
 11781 11781
 28735 28735
 31996 31996
 14174 14174
 14336 14336
 11955 11955
 18414 18414
 31147 31147
 7018 7018
 10582 10582
 7002 7002
 29041 29041
 3566 3566
 15108 15108
 14405 14405
 1130 1130
 26737 26737
 28806 28806
 7486 7486
 30786 30786
 32128 32128
 12125 12125
 17030 17030
 11345 11345
 15598 15598
 25326 25326
 8572 8572
 5237 5237
 25258 25258
 24793 24793
 5755 5755
 7402 7402
 30381 30381
 6043 6043
 32590 32590
 6547 6547
 10188 10188
 29060 29060
 24508 24508
 29496 29496
 10188 10188
 8235 8235
 2232 2232
 5675 5675
 8900 8900
 20422 20422
 11159 11159
 29486 29486
 31618 31618
 13729 13729
 6050 6050
 14453 14453
 20548 20548
 32186 32186
 3411 3411
 32409 32409
 5767 5767
 12964 12964
 19187 19187
 16569 16569
 26820 26820
 15237 15237
 17381 17381
 12484 12484
 14900 14900
 30100 30100
 748 748
 29820 29820
 16352 16352
 24924 24924
 11968 11968
 26875 26875
 25400 25400
 13408 13408
 21143 21143
 30975 30975
 21573 21573
 16036 16036
 13511 13511
 19110 19110
 12591 12591
 11441 11441
 27247 27247
 23268 23268
 29668 29668
 20140 20140
 19498 19498
 1442 1442
 2040 2040
 29480 29480
 31619 31619
 13314 13314
 19574 19574
 11197 11197
 18081 18081
 9785 9785
