 30184 30184
 2123 2123
 18895 18895
 27546 27546
 2337 2337
 30295 30295
 5565 5565
 28311 28311
 8965 8965
 20678 20678
 9090 9090
 29565 29565
 15820 15820
 18692 18692
 24332 24332
 19019 19019
 11768 11768
 12020 12020
 24237 24237
 27390 27390
 30125 30125
 1720 1720
 26457 26457
 15927 15927
 22310 22310
 23063 23063
 23192 23192
 23665 23665
 8516 8516
 6249 6249
 26376 26376
 25921 25921
 23590 23590
 2720 2720
 24707 24707
 21842 21842
 17624 17624
 28072 28072
 32414 32414
 4950 4950
 16801 16801
 20142 20142
 15517 15517
 9577 9577
 16885 16885
 27381 27381
 20320 20320
 26016 26016
 13192 13192
 19171 19171
 8278 8278
 16740 16740
 27193 27193
 127 127
 13210 13210
 4793 4793
 24877 24877
 11588 11588
 630 630
 22586 22586
 27341 27341
 1588 1588
 1970 1970
 1152 1152
 13764 13764
 29664 29664
 6384 6384
 26900 26900
 22979 22979
 13236 13236
 6417 6417
 20677 20677
 26954 26954
 14816 14816
 23720 23720
 21606 21606
 14476 14476
 17968 17968
 10296 10296
 15235 15235
 24567 24567
 7325 7325
 10244 10244
 21319 21319
 13938 13938
 9610 9610
 23084 23084
 21214 21214
 6231 6231
 10957 10957
 22148 22148
 19243 19243
 6227 6227
 10096 10096
 24685 24685
 27384 27384
 30113 30113
 22077 22077
 29696 29696
 23012 23012
 25251 25251
 24854 24854
 10070 10070
 23377 23377
 24752 24752
 27675 27675
 12468 12468
 5745 5745
 6459 6459
 7935 7935
 8974 8974
 18444 18444
 11166 11166
 20265 20265
 22872 22872
 31987 31987
 24565 24565
 30589 30589
 22149 22149
 23401 23401
 6776 6776
 6685 6685
 7336 7336
 6200 6200
 18387 18387
 17997 17997
 12337 12337
 5662 5662
 24595 24595
 20584 20584
 5348 5348
 21216 21216
 12344 12344
 25508 25508
 32729 32729
 17490 17490
 1012 1012
 23276 23276
 6147 6147
 16889 16889
 1542 1542
 15194 15194
 21503 21503
 13712 13712
 13983 13983
 7738 7738
 20507 20507
 18341 18341
 23379 23379
 31673 31673
 894 894
 4160 4160
 8051 8051
 27953 27953
 744 744
 1305 1305
 23037 23037
 9516 9516
 16223 16223
 20645 20645
 13505 13505
 14402 14402
 13665 13665
 18316 18316
 23107 23107
 9795 9795
 19608 19608
 25567 25567
 29308 29308
 30900 30900
 18170 18170
 5527 5527
 10356 10356
 2525 2525
 23153 23153
 30330 30330
 3533 3533
 22452 22452
 4536 4536
 32162 32162
 19299 19299
 1427 1427
 15102 15102
 14035 14035
 949 949
 2941 2941
 26861 26861
 18845 18845
 10720 10720
 29680 29680
 21827 21827
 23508 23508
 5532 5532
 22370 22370
 1701 1701
 23303 23303
 1845 1845
 21571 21571
 6273 6273
 1770 1770
 7896 7896
 12704 12704
 22864 22864
 13798 13798
 25686 25686
 9892 9892
 13743 13743
 6241 6241
 22150 22150
 17423 17423
 25418 25418
 16108 16108
 9021 9021
 19254 19254
 8412 8412
 28734 28734
 8640 8640
 5068 5068
 23108 23108
 20929 20929
 30044 30044
 3882 3882
 26671 26671
 14232 14232
 351 351
 15386 15386
 6263 6263
 22696 22696
 19483 19483
 16967 16967
 373 373
 18113 18113
 32207 32207
 28115 28115
 30597 30597
 32133 32133
 21448 21448
 8799 8799
 25696 25696
 32469 32469
 32660 32660
 7508 7508
 14295 14295
 23030 23030
 22879 22879
 3187 3187
 3238 3238
 1532 1532
 4521 4521
 18319 18319
 19582 19582
 8770 8770
 23623 23623
 27551 27551
 17865 17865
 16162 16162
 32432 32432
 11012 11012
 28386 28386
 24707 24707
 29243 29243
 10610 10610
 11779 11779
 8391 8391
 7053 7053
 588 588
 5937 5937
 15489 15489
 24532 24532
 31070 31070
 18188 18188
 13709 13709
 31488 31488
 1637 1637
 10730 10730
 26579 26579
 28464 28464
 31995 31995
 7514 7514
 8834 8834
 17663 17663
 31436 31436
 14831 14831
 20485 20485
 17276 17276
 13701 13701
 28814 28814
 6541 6541
 17321 17321
 22184 22184
 1097 1097
 30922 30922
 13991 13991
 12607 12607
 17002 17002
 1667 1667
 22353 22353
 18349 18349
 26804 26804
 9893 9893
