 11081 11081
 32659 32659
 23333 23333
 12854 12854
 20880 20880
 32022 32022
 27188 27188
 18355 18355
 1448 1448
 30817 30817
 27591 27591
 3651 3651
 6648 6648
 15673 15673
 3775 3775
 17652 17652
 18032 18032
 11354 11354
 27919 27919
 9358 9358
 13075 13075
 31457 31457
 3699 3699
 23601 23601
 16848 16848
 30416 30416
 76 76
 20692 20692
 26613 26613
 19412 19412
 31152 31152
 13056 13056
 2382 2382
 11385 11385
 3046 3046
 19148 19148
 18396 18396
 2441 2441
 23247 23247
 31803 31803
 12606 12606
 14410 14410
 10990 10990
 8780 8780
 2156 2156
 2424 2424
 27639 27639
 29048 29048
 8257 8257
 11539 11539
 3049 3049
 16841 16841
 15275 15275
 2553 2553
 26764 26764
 26164 26164
 6882 6882
 12582 12582
 25856 25856
 5092 5092
 15357 15357
 9116 9116
 32403 32403
 1785 1785
 2456 2456
 13933 13933
 24089 24089
 24147 24147
 15380 15380
 31897 31897
 29626 29626
 26229 26229
 12970 12970
 24681 24681
 25156 25156
 9653 9653
 26628 26628
 13302 13302
 552 552
 17298 17298
 603 603
 27741 27741
 6102 6102
 1553 1553
 30807 30807
 14229 14229
 23233 23233
 3428 3428
 29948 29948
 88 88
 24499 24499
 7403 7403
 18049 18049
 25332 25332
 13260 13260
 24103 24103
 28450 28450
 21286 21286
 16324 16324
 7704 7704
 1475 1475
 8346 8346
 14128 14128
 28403 28403
 24420 24420
 16445 16445
 14121 14121
 1957 1957
 16501 16501
 27818 27818
 21652 21652
 25060 25060
 32669 32669
 15264 15264
 23196 23196
 26906 26906
 32265 32265
 23438 23438
 26472 26472
 1250 1250
 23829 23829
 27443 27443
 14608 14608
 4318 4318
 705 705
 4206 4206
 23193 23193
 8334 8334
 9939 9939
 10820 10820
 5875 5875
 27267 27267
 2253 2253
 30433 30433
 27501 27501
 3440 3440
 30015 30015
 15203 15203
 7368 7368
 15425 15425
 9107 9107
 25953 25953
 31716 31716
 25093 25093
 31495 31495
 18553 18553
 20477 20477
 5579 5579
 6551 6551
 20999 20999
 6964 6964
 15557 15557
 28804 28804
 8145 8145
 9074 9074
 14370 14370
 29978 29978
 17329 17329
 14324 14324
 14517 14517
 7585 7585
 22030 22030
 22104 22104
 30383 30383
 10074 10074
 15838 15838
 25004 25004
 15630 15630
 6243 6243
 13780 13780
 12425 12425
 9438 9438
 5632 5632
 2832 2832
 8840 8840
 27730 27730
 22011 22011
 4170 4170
 5351 5351
 5745 5745
 10330 10330
 26380 26380
 4464 4464
 29052 29052
 15146 15146
 26456 26456
 27410 27410
 14387 14387
 23885 23885
 4022 4022
 20964 20964
 9971 9971
 20601 20601
 2294 2294
 7447 7447
 447 447
 18386 18386
 24686 24686
 1171 1171
 5124 5124
 22983 22983
 15147 15147
 25088 25088
 19214 19214
 8714 8714
 25177 25177
 6843 6843
 14433 14433
 17734 17734
 5976 5976
 15746 15746
 29322 29322
 25395 25395
 30819 30819
 26616 26616
 3739 3739
 3470 3470
 8272 8272
 10982 10982
 11369 11369
 25083 25083
 18454 18454
 19203 19203
 1091 1091
 30100 30100
 1523 1523
 17982 17982
 22739 22739
 8519 8519
 30166 30166
 24044 24044
 32474 32474
 20225 20225
 5186 5186
 17101 17101
 32281 32281
 22448 22448
 13781 13781
 3103 3103
 32727 32727
 20737 20737
 23465 23465
 32168 32168
 31815 31815
 22240 22240
 21467 21467
 5175 5175
 17651 17651
 19962 19962
 30391 30391
 10224 10224
 19898 19898
 4546 4546
 3861 3861
 32695 32695
 7800 7800
 3977 3977
 3522 3522
 28754 28754
 26632 26632
 7514 7514
 9703 9703
 6195 6195
 31136 31136
 11772 11772
 20990 20990
 11827 11827
 26388 26388
 28606 28606
 21491 21491
 8786 8786
 32180 32180
 26743 26743
 8331 8331
 18261 18261
 16802 16802
 4690 4690
 29655 29655
 25022 25022
 18750 18750
 9158 9158
 24392 24392
 8075 8075
 11412 11412
 22229 22229
 23494 23494
 18715 18715
 26978 26978
 25691 25691
 23332 23332
 28700 28700
 3809 3809
 11798 11798
 26239 26239
 29950 29950
 730 730
 22985 22985
 31250 31250
 24186 24186
 16127 16127
