1.8253528177693966e20
1.271122903786421e19
1.3532628126128148e19
1.5114191375501915e20
3.6714306565920634e20
5.383730670888873e17
6.318702709096068e17
5.291340386965485e20
1.7665897963738262e19
8.133499979374728e20
1.083592618236265e17
1.5717321420891157e20
8.217180543559744e20
2.0737473319256596e19
8.278208382595329e15
9.509941758856378e20
4.98865786971171e18
6.156744737964739e19
9.923716397545598e19
1.5881137579305679e19
9.143044711417275e18
5.762630546740942e20
8.372730931180877e19
1.1257608616702472e19
3.542173318987776e15
3.7522704038338903e18
3.209213133207541e18
4.26983789185683e19
7.255939903313554e19
8.642484457428206e19
2.8613289189253608e20
3.725184024271916e20
3.117192791979768e18
2.1661983308252545e20
9.552195707855415e19
4.319827868014045e18
1.3798946699614226e18
2.2671451383492877e18
2.0996923402008533e20
2.473425995751689e19
5.516509783338478e20
2.904794295113497e19
1.6490484043813437e19
8.317052253549e16
7.360725861574819e20
1.954545144149264e19
1.028476664450107e21
9.356166778305178e18
8.284909093195507e16
1.3267199279867773e20
3.4367044519868373e20
9.34315848369e11
3.470561986582799e20
8.702892743919531e20
5.50626483935787e20
5.688035214862338e19
1.9264902385716e13
9.172817170257656e20
6.506730219848186e20
3.242435857706268e20
3.158559908826403e20
4.983385120651266e20
9.22257342043191e20
6.178091200052344e19
4.5769936797939e20
4.438060595633447e20
2.0198406212909754e20
3.872523340373239e19
2.310499621919472e20
6.887924234270459e20
5.188156269719299e18
3.572498045144791e20
4.231369280599626e17
4.51293096561129e14
1.1164224612121833e19
8.46883630429208e20
4.240979939656359e19
7.516641377769618e20
5.564495485275534e17
1.337178070879359e18
1.9590814280694502e18
2.175135210011668e18
5.146852225624308e20
4.475988207270362e19
2.1179033334471636e16
5.012912130785707e19
4.049718424401303e19
2.9954907169211156e18
8.367582541338474e18
6.603262361848946e17
2.0196548206608384e16
8.2592107792884e15
1.1521627002222962e20
3.606779382686171e20
7.444299804820488e20
1.4272267082319218e20
3.2141996087349857e18
2.18543063151223e20
2.744387606088558e19
1.4036296433130586e20
5.373989576752268e18
1.5315280967107173e20
9.862788991562277e18
5.151373118092568e19
1.0282250378226165e21
2.2194979174083887e19
4.879909637417756e17
4.7472855708155845e20
1.197679194783817e19
1.6637978441557895e20
9.318382236101266e17
6.803693176103432e18
1.3942940909413165e19
7.068522925402727e20
5.741473222512908e20
3.431336463780953e19
2.855549309678181e20
1.9467157185801e13
2.1793907209030664e19
2.372723528033056e17
2.2465418706367824e19
1.2493863401131232e20
3.16459550329461e18
5.906354251421026e19
2.9127538239574077e18
1.5773643110652698e17
3.775370049928611e20
4.25928132042246e20
1.2163207061500056e20
7.284655466002777e20
1.979783543005747e19
8.760762517702556e20
7.449026778197737e19
4.917020499074074e19
2.1655384287354224e17
1.564364120697442e20
9.991417562546432e19
8.002401759631244e20
5.9024115437808556e20
3.614239406764505e20
1.895851010454996e20
4.308208081764363e20
8.127141525465201e15
1.4525689301258115e20
1.7392875906493923e19
3.2846222372468183e18
1.3714403486704579e19
5.791563571058786e18
1.9758848935123e19
1.0537012238081472e18
7.682095053626893e20
5.550498781677194e20
1.3483811372300032e19
1.5515134894148877e17
9.932377708001628e18
5.231214291122174e20
6.851667187142075e20
4.54835762197827e19
7.199541987301137e20
8.877367393838059e20
4.338722984121e12
3.52378834592221e20
2.8488175034141547e20
2.5218556948524276e20
7.943021642678834e18
7.809245675731448e20
5.09687591450609e20
2.138106170776329e15
1.7755617935735249e19
1.1202356653985155e19
9.371000909944353e18
9.13668624756e11
7.705229911418044e19
3.162230142050721e17
1.0206506793412096e19
6.027003032753664e20
2.6759688988853434e17
6.600736636074508e19
5.857794013010633e19
3.1857796929300906e19
4.78599541244347e18
2.1490369331731487e20
4.710032997477696e15
2.5653528670044557e19
3.1331155452564384e17
3.5830909023351894e19
3.139914311223831e20
3.60792614529e11
3.761875576641846e19
1.4975229600939108e19
9.355465166488599e20
5.237199215472627e17
3.497379364803139e20
3.2466730372327716e20
4.097934848213677e20
5.5501153944396145e19
1.2629039866095121e20
7.750053097632508e20
3.0944278897970764e16
7.84923779168082e20
2.4562411793168486e17
1.7164052907757457e20
5.833059074942853e18
3.7687198404141e15
2.3262212583437373e19
5.727170560806442e18
3.563966031167059e20
4.974796484247082e18
3.719956558543612e19
6.144573388058888e16
5.023035994750163e17
9.438395688068275e19
9.457291369234964e19
4.002104506651744e19
1.1028132585636973e18
1.437265947020437e20
1.909429208614823e17
1.6776398035449e13
2.5369876070270106e17
4.849191715763938e19
2.2557690978189916e16
1.3512635453023753e20
9.681946836800981e20
4.763196771951557e19
3.9561575187209016e18
3.7935320963569096e18
2.5288780659842636e20
7.273179514167679e19
1.630668664900401e20
8.21930738387944e20
7.10046416537228e19
8.45361949414551e20
4.868316881764931e19
1.3485197942214584e20
8.910088741330481e20
4.505431609103716e20
2.8792046214561012e20
1.759733715246516e15
2.5988241736351693e18
1.1936434680860618e20
8.617728137789984e20
8.094374501344957e19
1.3675870137411128e18
1.47047879632509e16
4.801774241645288e20
3.112331599476e12
6.908440300316289e20
1.3501655429345945e20
5.860213214424873e20
7.006046449755441e20
4.115632048309102e20
1.3113495543383436e20
3.323654800015185e20
2.621058647867759e20
1.8205407804725684e20
3.947654787102656e16
7.936932158452215e20
2.134320528610434e19
5.2585496174548537e20
1.3544917965799416e18
9.013366254410156e17
6.68617839085874e20
5.120699574105722e20
7.525377658954037e18
6.041221089894279e18
8.49096706549105e18
2.481760452949835e20
1.4530036284504144e16
2.2511353312285422e20
1.3763697552032794e18
1.0221371689332326e17
1.5523849239404864e18
2.55654196904061e18
3.578680060879161e17
3.388955740476158e18
2.0697106782658003e19
1.9226264485504783e18
2.5945324303497357e20
3.0066649077925827e19
5.33812031398212e20
5.566361021831411e20
1.11557279594827e20
5.0894480976632244e20
9.313345238206763e20
2.2250773185072697e20
7.059034431353961e15
8.876441214188201e18
7.860545338646397e20
2.792045901441252e19
1.0229515363650104e21
4.472998511810406e20
9.1389778902864e13
3.702057562880226e17
2.5757724113402613e20
7.43640383130851e20
3.677245056179005e20
3.059091249590279e18
6.955668558144e12
2.416141384998461e20
1.1446282789560148e20
