5.064010404267303e19
2.448928290835034e19
8.501310339599057e18
2.1677386200368144e17
4.126940516174646e17
8.643652928898208e16
6.394622026503941e19
1.256391500239089e20
6.622638191021301e20
1.0088337280477262e19
1.5541227624472596e16
8.784748654741266e19
2.156045132594284e20
6.824208552955615e17
9.304385972494907e18
2.0176143396159613e20
7.429721971605797e19
9.417734852650554e20
2.9970685366023025e18
2.01063329150121e14
1.3642153007849066e20
8.175789596910854e20
4.638817736984456e19
3.470927267026815e17
1.1675891367171636e20
6.2638562514018e20
8.397688323384943e19
8.371371451110216e20
7.44551401842051e19
1.7328912360752094e20
1.9121864232000065e20
5.450563241829224e20
5.97078028954836e14
2.647787748246719e20
1.5525899470329221e19
4.7606875053342556e20
6.84239361046546e20
3.1543097296537453e19
5.103581814514982e19
3.417940899358221e20
3.029860761242362e19
2.2408279809103176e19
4.806039720491842e20
3.40822613889e11
1.6136195485580478e19
9.989788488341047e20
9.827898120665093e17
3.656237532062501e17
1.7983236923696113e20
7.45516703341302e20
1.6313010593630844e20
6.471100780944817e20
4.1119398280905236e18
2.408084407000293e20
5.477184247845686e20
1.624670083712456e20
1.5398967422037978e18
2.7783783747332142e20
9.17512693991871e20
3.170941109601021e19
1.6099025937252594e20
4.528511536257799e20
6.792102834313451e19
8.52374893361364e14
2.582460699021458e20
1.0262136866269556e21
3.3863759947984634e19
3.1239888831166906e19
2.0553362083485916e20
2.466517524835952e19
5.995042440248288e20
1.4366908537431532e20
4.15555314834989e17
3.48965675793037e19
4.4283545847740736e16
1.9226264485504783e18
7.832133180701082e19
1.1176924458752242e19
9.059547132537468e18
8.376566904402254e19
8.83255805553803e19
6.862304943225e12
7.559644479326557e17
1.1178007378572465e18
4.633893792490136e19
8.567124080489424e15
3.271166996703613e19
5.937413014948781e19
2.3327509681843008e20
1.2026759646558038e20
1.384310329406066e18
4.386037979791791e20
1.1385790992945381e20
8.518979068927886e20
6.420946694065794e18
1.3022450866379684e20
2.39855226947316e14
1.1176924458752242e19
5.523396701538308e19
4.22431296674988e20
6.024475192572597e20
3.9744137913254366e20
5.814959225942435e20
4.414006702288347e18
4.765850948927259e18
7.425557125936849e20
7.454178612196556e20
6.981608146522532e17
8.65623933250067e19
1.7392875906493923e19
1.1590303102622108e18
6.65318921685591e18
1.1103500024701193e20
2.0847524339142508e18
9.531316075198977e20
2.1682309241355563e19
8.176848945761012e20
7.012653033361886e20
2.21670713096466e20
3.136017921705216e17
6.414398283311714e20
5.376100521241043e19
4.115948294484e16
2.104281934444865e20
4.5205130869288124e19
2.2525956922878115e17
8.320808791786573e20
2.8621117867247555e18
1.5001617664375011e19
4.4461049607198337e20
4.7226718910622584e20
4.392652606045246e19
3.395883019221919e18
3.433940272561447e20
9.411885731877175e18
2.221088564146944e20
8.150396089977345e20
3.8585605745263075e19
1.6036027138941989e19
3.1368147559431805e20
8.528171601298644e15
1.4607026862372094e20
2.7324605937291356e20
1.9279101618469192e20
2.2940994270542426e19
1.7618186572992684e19
5.029901715452751e19
3.277516912624786e20
2.1889769685237953e20
2.485743542965599e19
3.4229002259553845e20
1.0365531307349011e21
3.2846222372468183e18
1.875276515848272e19
8.240598502004797e20
6.229229665080684e20
7.4403510324867e20
7.832812233888022e20
2.3027084330342947e20
8.647357328793458e17
1.4496460774534298e17
4.987039834385983e20
1.688000489815308e20
3.2181525040650276e20
2.663878192388593e19
1.9105835514747444e16
4.8876250820107554e20
4.658552766504338e19
8.687361525372062e20
7.90902367106057e19
5.122937316057385e20
5.067213352628349e20
9.51414867234821e19
5.2926828003018375e19
7.168777325657884e20
6.71376383732447e19
1.5738990055706605e17
4.874064431180625e15
3.527610530781649e19
2.4666330821745e20
1.545651118504067e18
2.67655413726078e20
1.0940883188624636e20
3.5438068125e12
4.074060392140288e18
1.679257327861005e20
2.962909789265193e20
8.42433070780153e20
2.49521699199323e20
9.220833895729645e16
3.1705157692284476e20
8.733174441897361e19
4.0463171497957115e18
9.757044092914316e19
6.184200371693874e19
4.561245782394139e20
7.6266434489372e20
1.1533814040517383e20
1.8953352849338376e19
5.877391950216109e18
1.3952941673569102e19
8.588562899414061e16
4.9513101902735134e20
5.729763606047877e19
7.899701796649464e20
2.84234431999684e18
9.54082732773699e20
8.380404195563284e19
1.1393037319526511e20
3.900097535425319e18
6.567503969141803e18
1.4786261799153023e19
3.495138666940851e20
2.062491091285836e20
2.5829070474973122e20
1.827662690401358e19
2.203601718681687e20
1.508882050946636e16
4.622409743505078e20
2.6197049700914256e20
6.076002166782446e18
6.252469768660761e15
1.1385790992945381e20
1.4627113872151408e17
1.6532621116457542e17
5.126668515697219e20
2.1088790486739406e20
3.477735234027181e19
3.690644382660531e20
8.004486770419703e20
6.587846989776e12
1.2257366819350174e20
2.298023027479098e18
3.436151482647111e20
3.4648547469736583e19
1.0445615058604342e20
3.254098092506192e20
4.829193485404952e16
6.998030061574465e16
1.9311382897852318e20
2.1889769685237953e20
7.385112995188176e15
7.13197625180841e14
3.0737780892670165e20
4.7037496902300316e20
9.664885947233955e19
6.00428108617668e20
1.634782517438455e20
1.4700401821273344e20
3.748148024430603e20
2.312309366588732e19
8.298632438781308e17
5.799327060035013e18
6.802624456062101e20
7.839440847225e12
7.390929503592463e18
7.1106376594653676e19
1.927551730955418e20
2.211537434510866e20
3.0319385384862925e18
2.5846722811928013e18
1.1976516065381194e20
2.473527464594798e18
1.1893958530647946e20
1.5361563112443894e17
3.314496134365709e20
2.57444613621e15
3.56169341076936e20
5.5675517154321744e16
1.25842629921489e14
3.4939843809551626e18
1.6227792378524074e20
1.085325573791852e16
3.898400272720803e19
9.743421235445422e20
4.4627329769634657e18
1.131111452390424e20
5.130401753130354e20
9.675205149713727e18
9.679006428588466e18
4.7346151216936655e20
6.72086251913384e20
2.5297568924366157e20
5.4053750468592376e20
2.1763763713044152e18
1.4470155808710728e19
1.2773205528559488e20
5.484247277805375e20
8.912123562019506e18
3.35342941873948e19
5.659498332189e14
7.206118314665443e19
2.5673192401525634e20
3.782967444003728e19
3.26632403668477e20
4.695358100071254e20
2.9391028994276864e18
8.84024247646868e20
7.427528371036364e20
7.668357809360976e15
