 17799 17799 17799 17799 17799 17799 17799 17799 17799 17799
 18432 18432 18432 18432 18432 18432 18432 18432 18432 18432
 10737 10737 10737 10737 10737 10737 10737 10737 10737 10737
 26884 26884 26884 26884 26884 26884 26884 26884 26884 26884
 18773 18773 18773 18773 18773 18773 18773 18773 18773 18773
 16164 16164 16164 16164 16164 16164 16164 16164 16164 16164
 11583 11583 11583 11583 11583 11583 11583 11583 11583 11583
 13141 13141 13141 13141 13141 13141 13141 13141 13141 13141
 27094 27094 27094 27094 27094 27094 27094 27094 27094 27094
 5359 5359 5359 5359 5359 5359 5359 5359 5359 5359
 32284 32284 32284 32284 32284 32284 32284 32284 32284 32284
 9998 9998 9998 9998 9998 9998 9998 9998 9998 9998
 24337 24337 24337 24337 24337 24337 24337 24337 24337 24337
 12989 12989 12989 12989 12989 12989 12989 12989 12989 12989
 18877 18877 18877 18877 18877 18877 18877 18877 18877 18877
 14778 14778 14778 14778 14778 14778 14778 14778 14778 14778
 8771 8771 8771 8771 8771 8771 8771 8771 8771 8771
 7119 7119 7119 7119 7119 7119 7119 7119 7119 7119
 31697 31697 31697 31697 31697 31697 31697 31697 31697 31697
 1138 1138 1138 1138 1138 1138 1138 1138 1138 1138
 2772 2772 2772 2772 2772 2772 2772 2772 2772 2772
 2882 2882 2882 2882 2882 2882 2882 2882 2882 2882
 23844 23844 23844 23844 23844 23844 23844 23844 23844 23844
 14281 14281 14281 14281 14281 14281 14281 14281 14281 14281
 11611 11611 11611 11611 11611 11611 11611 11611 11611 11611
 28524 28524 28524 28524 28524 28524 28524 28524 28524 28524
 17932 17932 17932 17932 17932 17932 17932 17932 17932 17932
 2007 2007 2007 2007 2007 2007 2007 2007 2007 2007
 21050 21050 21050 21050 21050 21050 21050 21050 21050 21050
 1228 1228 1228 1228 1228 1228 1228 1228 1228 1228
 19045 19045 19045 19045 19045 19045 19045 19045 19045 19045
 23530 23530 23530 23530 23530 23530 23530 23530 23530 23530
 1931 1931 1931 1931 1931 1931 1931 1931 1931 1931
 1395 1395 1395 1395 1395 1395 1395 1395 1395 1395
 5477 5477 5477 5477 5477 5477 5477 5477 5477 5477
 25416 25416 25416 25416 25416 25416 25416 25416 25416 25416
 18123 18123 18123 18123 18123 18123 18123 18123 18123 18123
 30194 30194 30194 30194 30194 30194 30194 30194 30194 30194
 5747 5747 5747 5747 5747 5747 5747 5747 5747 5747
 7410 7410 7410 7410 7410 7410 7410 7410 7410 7410
 3067 3067 3067 3067 3067 3067 3067 3067 3067 3067
 25325 25325 25325 25325 25325 25325 25325 25325 25325 25325
 26198 26198 26198 26198 26198 26198 26198 26198 26198 26198
 21059 21059 21059 21059 21059 21059 21059 21059 21059 21059
 26548 26548 26548 26548 26548 26548 26548 26548 26548 26548
 7151 7151 7151 7151 7151 7151 7151 7151 7151 7151
 15298 15298 15298 15298 15298 15298 15298 15298 15298 15298
 32758 32758 32758 32758 32758 32758 32758 32758 32758 32758
 7367 7367 7367 7367 7367 7367 7367 7367 7367 7367
 9702 9702 9702 9702 9702 9702 9702 9702 9702 9702
 20237 20237 20237 20237 20237 20237 20237 20237 20237 20237
 6306 6306 6306 6306 6306 6306 6306 6306 6306 6306
 26681 26681 26681 26681 26681 26681 26681 26681 26681 26681
 15289 15289 15289 15289 15289 15289 15289 15289 15289 15289
 7538 7538 7538 7538 7538 7538 7538 7538 7538 7538
 20462 20462 20462 20462 20462 20462 20462 20462 20462 20462
 23663 23663 23663 23663 23663 23663 23663 23663 23663 23663
 20745 20745 20745 20745 20745 20745 20745 20745 20745 20745
 23720 23720 23720 23720 23720 23720 23720 23720 23720 23720
 21020 21020 21020 21020 21020 21020 21020 21020 21020 21020
 28768 28768 28768 28768 28768 28768 28768 28768 28768 28768
 32446 32446 32446 32446 32446 32446 32446 32446 32446 32446
 9787 9787 9787 9787 9787 9787 9787 9787 9787 9787
 3008 3008 3008 3008 3008 3008 3008 3008 3008 3008
 14024 14024 14024 14024 14024 14024 14024 14024 14024 14024
 23809 23809 23809 23809 23809 23809 23809 23809 23809 23809
 3498 3498 3498 3498 3498 3498 3498 3498 3498 3498
 15019 15019 15019 15019 15019 15019 15019 15019 15019 15019
 21367 21367 21367 21367 21367 21367 21367 21367 21367 21367
 32474 32474 32474 32474 32474 32474 32474 32474 32474 32474
 27462 27462 27462 27462 27462 27462 27462 27462 27462 27462
 29215 29215 29215 29215 29215 29215 29215 29215 29215 29215
 6320 6320 6320 6320 6320 6320 6320 6320 6320 6320
 5720 5720 5720 5720 5720 5720 5720 5720 5720 5720
 10190 10190 10190 10190 10190 10190 10190 10190 10190 10190
 357 357 357 357 357 357 357 357 357 357
 19650 19650 19650 19650 19650 19650 19650 19650 19650 19650
 6663 6663 6663 6663 6663 6663 6663 6663 6663 6663
 617 617 617 617 617 617 617 617 617 617
 28844 28844 28844 28844 28844 28844 28844 28844 28844 28844
 21080 21080 21080 21080 21080 21080 21080 21080 21080 21080
 28249 28249 28249 28249 28249 28249 28249 28249 28249 28249
 28143 28143 28143 28143 28143 28143 28143 28143 28143 28143
 6912 6912 6912 6912 6912 6912 6912 6912 6912 6912
 24194 24194 24194 24194 24194 24194 24194 24194 24194 24194
 20274 20274 20274 20274 20274 20274 20274 20274 20274 20274
 3359 3359 3359 3359 3359 3359 3359 3359 3359 3359
 5075 5075 5075 5075 5075 5075 5075 5075 5075 5075
 17526 17526 17526 17526 17526 17526 17526 17526 17526 17526
 24952 24952 24952 24952 24952 24952 24952 24952 24952 24952
 24837 24837 24837 24837 24837 24837 24837 24837 24837 24837
 15409 15409 15409 15409 15409 15409 15409 15409 15409 15409
 24271 24271 24271 24271 24271 24271 24271 24271 24271 24271
 9668 9668 9668 9668 9668 9668 9668 9668 9668 9668
 8476 8476 8476 8476 8476 8476 8476 8476 8476 8476
 32235 32235 32235 32235 32235 32235 32235 32235 32235 32235
 30894 30894 30894 30894 30894 30894 30894 30894 30894 30894
 3212 3212 3212 3212 3212 3212 3212 3212 3212 3212
 29463 29463 29463 29463 29463 29463 29463 29463 29463 29463
 16132 16132 16132 16132 16132 16132 16132 16132 16132 16132
 20390 20390 20390 20390 20390 20390 20390 20390 20390 20390
 21446 21446 21446 21446 21446 21446 21446 21446 21446 21446
 8449 8449 8449 8449 8449 8449 8449 8449 8449 8449
 32578 32578 32578 32578 32578 32578 32578 32578 32578 32578
 3918 3918 3918 3918 3918 3918 3918 3918 3918 3918
 30103 30103 30103 30103 30103 30103 30103 30103 30103 30103
 21892 21892 21892 21892 21892 21892 21892 21892 21892 21892
 1538 1538 1538 1538 1538 1538 1538 1538 1538 1538
 11832 11832 11832 11832 11832 11832 11832 11832 11832 11832
 3561 3561 3561 3561 3561 3561 3561 3561 3561 3561
 24884 24884 24884 24884 24884 24884 24884 24884 24884 24884
 28122 28122 28122 28122 28122 28122 28122 28122 28122 28122
 19283 19283 19283 19283 19283 19283 19283 19283 19283 19283
 23190 23190 23190 23190 23190 23190 23190 23190 23190 23190
 22750 22750 22750 22750 22750 22750 22750 22750 22750 22750
 31301 31301 31301 31301 31301 31301 31301 31301 31301 31301
 7605 7605 7605 7605 7605 7605 7605 7605 7605 7605
 7797 7797 7797 7797 7797 7797 7797 7797 7797 7797
 19966 19966 19966 19966 19966 19966 19966 19966 19966 19966
 13154 13154 13154 13154 13154 13154 13154 13154 13154 13154
 6425 6425 6425 6425 6425 6425 6425 6425 6425 6425
 32218 32218 32218 32218 32218 32218 32218 32218 32218 32218
 6466 6466 6466 6466 6466 6466 6466 6466 6466 6466
 1251 1251 1251 1251 1251 1251 1251 1251 1251 1251
 10169 10169 10169 10169 10169 10169 10169 10169 10169 10169
 10600 10600 10600 10600 10600 10600 10600 10600 10600 10600
 10864 10864 10864 10864 10864 10864 10864 10864 10864 10864
 25465 25465 25465 25465 25465 25465 25465 25465 25465 25465
 29821 29821 29821 29821 29821 29821 29821 29821 29821 29821
 3947 3947 3947 3947 3947 3947 3947 3947 3947 3947
 28213 28213 28213 28213 28213 28213 28213 28213 28213 28213
 14018 14018 14018 14018 14018 14018 14018 14018 14018 14018
 20992 20992 20992 20992 20992 20992 20992 20992 20992 20992
 16181 16181 16181 16181 16181 16181 16181 16181 16181 16181
 25185 25185 25185 25185 25185 25185 25185 25185 25185 25185
 32367 32367 32367 32367 32367 32367 32367 32367 32367 32367
 26339 26339 26339 26339 26339 26339 26339 26339 26339 26339
 25984 25984 25984 25984 25984 25984 25984 25984 25984 25984
 3451 3451 3451 3451 3451 3451 3451 3451 3451 3451
 15640 15640 15640 15640 15640 15640 15640 15640 15640 15640
 7967 7967 7967 7967 7967 7967 7967 7967 7967 7967
 1072 1072 1072 1072 1072 1072 1072 1072 1072 1072
 12279 12279 12279 12279 12279 12279 12279 12279 12279 12279
 22457 22457 22457 22457 22457 22457 22457 22457 22457 22457
 29669 29669 29669 29669 29669 29669 29669 29669 29669 29669
 5456 5456 5456 5456 5456 5456 5456 5456 5456 5456
 27873 27873 27873 27873 27873 27873 27873 27873 27873 27873
 26139 26139 26139 26139 26139 26139 26139 26139 26139 26139
 10409 10409 10409 10409 10409 10409 10409 10409 10409 10409
 14701 14701 14701 14701 14701 14701 14701 14701 14701 14701
 21398 21398 21398 21398 21398 21398 21398 21398 21398 21398
 23278 23278 23278 23278 23278 23278 23278 23278 23278 23278
 2097 2097 2097 2097 2097 2097 2097 2097 2097 2097
 8142 8142 8142 8142 8142 8142 8142 8142 8142 8142
 15946 15946 15946 15946 15946 15946 15946 15946 15946 15946
 18485 18485 18485 18485 18485 18485 18485 18485 18485 18485
 15212 15212 15212 15212 15212 15212 15212 15212 15212 15212
 22515 22515 22515 22515 22515 22515 22515 22515 22515 22515
 17363 17363 17363 17363 17363 17363 17363 17363 17363 17363
 6095 6095 6095 6095 6095 6095 6095 6095 6095 6095
 30036 30036 30036 30036 30036 30036 30036 30036 30036 30036
 13268 13268 13268 13268 13268 13268 13268 13268 13268 13268
 21614 21614 21614 21614 21614 21614 21614 21614 21614 21614
 23965 23965 23965 23965 23965 23965 23965 23965 23965 23965
 11722 11722 11722 11722 11722 11722 11722 11722 11722 11722
 17907 17907 17907 17907 17907 17907 17907 17907 17907 17907
 30574 30574 30574 30574 30574 30574 30574 30574 30574 30574
 6895 6895 6895 6895 6895 6895 6895 6895 6895 6895
 62 62 62 62 62 62 62 62 62 62
 2962 2962 2962 2962 2962 2962 2962 2962 2962 2962
 31818 31818 31818 31818 31818 31818 31818 31818 31818 31818
 11502 11502 11502 11502 11502 11502 11502 11502 11502 11502
 32506 32506 32506 32506 32506 32506 32506 32506 32506 32506
 4100 4100 4100 4100 4100 4100 4100 4100 4100 4100
 19844 19844 19844 19844 19844 19844 19844 19844 19844 19844
 21254 21254 21254 21254 21254 21254 21254 21254 21254 21254
 1035 1035 1035 1035 1035 1035 1035 1035 1035 1035
 18691 18691 18691 18691 18691 18691 18691 18691 18691 18691
 839 839 839 839 839 839 839 839 839 839
 26157 26157 26157 26157 26157 26157 26157 26157 26157 26157
 20394 20394 20394 20394 20394 20394 20394 20394 20394 20394
 26352 26352 26352 26352 26352 26352 26352 26352 26352 26352
 17411 17411 17411 17411 17411 17411 17411 17411 17411 17411
 21027 21027 21027 21027 21027 21027 21027 21027 21027 21027
 9935 9935 9935 9935 9935 9935 9935 9935 9935 9935
 9581 9581 9581 9581 9581 9581 9581 9581 9581 9581
 16435 16435 16435 16435 16435 16435 16435 16435 16435 16435
 2423 2423 2423 2423 2423 2423 2423 2423 2423 2423
 6752 6752 6752 6752 6752 6752 6752 6752 6752 6752
 17309 17309 17309 17309 17309 17309 17309 17309 17309 17309
 15247 15247 15247 15247 15247 15247 15247 15247 15247 15247
 22114 22114 22114 22114 22114 22114 22114 22114 22114 22114
 26210 26210 26210 26210 26210 26210 26210 26210 26210 26210
 30969 30969 30969 30969 30969 30969 30969 30969 30969 30969
 26978 26978 26978 26978 26978 26978 26978 26978 26978 26978
 19114 19114 19114 19114 19114 19114 19114 19114 19114 19114
 5321 5321 5321 5321 5321 5321 5321 5321 5321 5321
 28383 28383 28383 28383 28383 28383 28383 28383 28383 28383
 3812 3812 3812 3812 3812 3812 3812 3812 3812 3812
 15686 15686 15686 15686 15686 15686 15686 15686 15686 15686
 5063 5063 5063 5063 5063 5063 5063 5063 5063 5063
 11820 11820 11820 11820 11820 11820 11820 11820 11820 11820
 5861 5861 5861 5861 5861 5861 5861 5861 5861 5861
 25773 25773 25773 25773 25773 25773 25773 25773 25773 25773
 28998 28998 28998 28998 28998 28998 28998 28998 28998 28998
 1976 1976 1976 1976 1976 1976 1976 1976 1976 1976
 670 670 670 670 670 670 670 670 670 670
 10665 10665 10665 10665 10665 10665 10665 10665 10665 10665
 24739 24739 24739 24739 24739 24739 24739 24739 24739 24739
 5236 5236 5236 5236 5236 5236 5236 5236 5236 5236
 2907 2907 2907 2907 2907 2907 2907 2907 2907 2907
 23339 23339 23339 23339 23339 23339 23339 23339 23339 23339
 4895 4895 4895 4895 4895 4895 4895 4895 4895 4895
 1058 1058 1058 1058 1058 1058 1058 1058 1058 1058
 4304 4304 4304 4304 4304 4304 4304 4304 4304 4304
 508 508 508 508 508 508 508 508 508 508
 28445 28445 28445 28445 28445 28445 28445 28445 28445 28445
 13902 13902 13902 13902 13902 13902 13902 13902 13902 13902
 29883 29883 29883 29883 29883 29883 29883 29883 29883 29883
 21699 21699 21699 21699 21699 21699 21699 21699 21699 21699
 258 258 258 258 258 258 258 258 258 258
 22468 22468 22468 22468 22468 22468 22468 22468 22468 22468
 11703 11703 11703 11703 11703 11703 11703 11703 11703 11703
 5032 5032 5032 5032 5032 5032 5032 5032 5032 5032
 22045 22045 22045 22045 22045 22045 22045 22045 22045 22045
 22365 22365 22365 22365 22365 22365 22365 22365 22365 22365
 30088 30088 30088 30088 30088 30088 30088 30088 30088 30088
 22791 22791 22791 22791 22791 22791 22791 22791 22791 22791
 4355 4355 4355 4355 4355 4355 4355 4355 4355 4355
 10861 10861 10861 10861 10861 10861 10861 10861 10861 10861
 12854 12854 12854 12854 12854 12854 12854 12854 12854 12854
 14090 14090 14090 14090 14090 14090 14090 14090 14090 14090
 16852 16852 16852 16852 16852 16852 16852 16852 16852 16852
 5859 5859 5859 5859 5859 5859 5859 5859 5859 5859
 26146 26146 26146 26146 26146 26146 26146 26146 26146 26146
 1034 1034 1034 1034 1034 1034 1034 1034 1034 1034
 32637 32637 32637 32637 32637 32637 32637 32637 32637 32637
 11003 11003 11003 11003 11003 11003 11003 11003 11003 11003
 5507 5507 5507 5507 5507 5507 5507 5507 5507 5507
 27215 27215 27215 27215 27215 27215 27215 27215 27215 27215
 15855 15855 15855 15855 15855 15855 15855 15855 15855 15855
 29416 29416 29416 29416 29416 29416 29416 29416 29416 29416
 32449 32449 32449 32449 32449 32449 32449 32449 32449 32449
 24339 24339 24339 24339 24339 24339 24339 24339 24339 24339
 1634 1634 1634 1634 1634 1634 1634 1634 1634 1634
 14917 14917 14917 14917 14917 14917 14917 14917 14917 14917
 15498 15498 15498 15498 15498 15498 15498 15498 15498 15498
 23563 23563 23563 23563 23563 23563 23563 23563 23563 23563
 4932 4932 4932 4932 4932 4932 4932 4932 4932 4932
 6014 6014 6014 6014 6014 6014 6014 6014 6014 6014
 2359 2359 2359 2359 2359 2359 2359 2359 2359 2359
 18776 18776 18776 18776 18776 18776 18776 18776 18776 18776
 20338 20338 20338 20338 20338 20338 20338 20338 20338 20338
 27712 27712 27712 27712 27712 27712 27712 27712 27712 27712
 10659 10659 10659 10659 10659 10659 10659 10659 10659 10659
 17817 17817 17817 17817 17817 17817 17817 17817 17817 17817
 5014 5014 5014 5014 5014 5014 5014 5014 5014 5014
 5904 5904 5904 5904 5904 5904 5904 5904 5904 5904
 29292 29292 29292 29292 29292 29292 29292 29292 29292 29292
 16047 16047 16047 16047 16047 16047 16047 16047 16047 16047
 10698 10698 10698 10698 10698 10698 10698 10698 10698 10698
 11435 11435 11435 11435 11435 11435 11435 11435 11435 11435
 12820 12820 12820 12820 12820 12820 12820 12820 12820 12820
 3880 3880 3880 3880 3880 3880 3880 3880 3880 3880
 14795 14795 14795 14795 14795 14795 14795 14795 14795 14795
 30852 30852 30852 30852 30852 30852 30852 30852 30852 30852
 31765 31765 31765 31765 31765 31765 31765 31765 31765 31765
 9130 9130 9130 9130 9130 9130 9130 9130 9130 9130
 15471 15471 15471 15471 15471 15471 15471 15471 15471 15471
 20336 20336 20336 20336 20336 20336 20336 20336 20336 20336
 30365 30365 30365 30365 30365 30365 30365 30365 30365 30365
 23307 23307 23307 23307 23307 23307 23307 23307 23307 23307
 1807 1807 1807 1807 1807 1807 1807 1807 1807 1807
 13414 13414 13414 13414 13414 13414 13414 13414 13414 13414
 25911 25911 25911 25911 25911 25911 25911 25911 25911 25911
 9755 9755 9755 9755 9755 9755 9755 9755 9755 9755
 32552 32552 32552 32552 32552 32552 32552 32552 32552 32552
 18478 18478 18478 18478 18478 18478 18478 18478 18478 18478
 29253 29253 29253 29253 29253 29253 29253 29253 29253 29253
 15394 15394 15394 15394 15394 15394 15394 15394 15394 15394
 2816 2816 2816 2816 2816 2816 2816 2816 2816 2816
 28427 28427 28427 28427 28427 28427 28427 28427 28427 28427
 27852 27852 27852 27852 27852 27852 27852 27852 27852 27852
 4322 4322 4322 4322 4322 4322 4322 4322 4322 4322
 7385 7385 7385 7385 7385 7385 7385 7385 7385 7385
 8150 8150 8150 8150 8150 8150 8150 8150 8150 8150
 28747 28747 28747 28747 28747 28747 28747 28747 28747 28747
 30178 30178 30178 30178 30178 30178 30178 30178 30178 30178
 27132 27132 27132 27132 27132 27132 27132 27132 27132 27132
 23080 23080 23080 23080 23080 23080 23080 23080 23080 23080
 20116 20116 20116 20116 20116 20116 20116 20116 20116 20116
 12594 12594 12594 12594 12594 12594 12594 12594 12594 12594
 5949 5949 5949 5949 5949 5949 5949 5949 5949 5949
 29668 29668 29668 29668 29668 29668 29668 29668 29668 29668
 11134 11134 11134 11134 11134 11134 11134 11134 11134 11134
 3914 3914 3914 3914 3914 3914 3914 3914 3914 3914
 30825 30825 30825 30825 30825 30825 30825 30825 30825 30825
 23864 23864 23864 23864 23864 23864 23864 23864 23864 23864
 21202 21202 21202 21202 21202 21202 21202 21202 21202 21202
 11052 11052 11052 11052 11052 11052 11052 11052 11052 11052
