 31907 31907 31907 31907 31907 31907 31907 31907 31907 31907
 21813 21813 21813 21813 21813 21813 21813 21813 21813 21813
 25735 25735 25735 25735 25735 25735 25735 25735 25735 25735
 30823 30823 30823 30823 30823 30823 30823 30823 30823 30823
 28489 28489 28489 28489 28489 28489 28489 28489 28489 28489
 31236 31236 31236 31236 31236 31236 31236 31236 31236 31236
 23607 23607 23607 23607 23607 23607 23607 23607 23607 23607
 29435 29435 29435 29435 29435 29435 29435 29435 29435 29435
 24126 24126 24126 24126 24126 24126 24126 24126 24126 24126
 32376 32376 32376 32376 32376 32376 32376 32376 32376 32376
 16052 16052 16052 16052 16052 16052 16052 16052 16052 16052
 27291 27291 27291 27291 27291 27291 27291 27291 27291 27291
 10670 10670 10670 10670 10670 10670 10670 10670 10670 10670
 32626 32626 32626 32626 32626 32626 32626 32626 32626 32626
 26973 26973 26973 26973 26973 26973 26973 26973 26973 26973
 5220 5220 5220 5220 5220 5220 5220 5220 5220 5220
 20348 20348 20348 20348 20348 20348 20348 20348 20348 20348
 254 254 254 254 254 254 254 254 254 254
 23076 23076 23076 23076 23076 23076 23076 23076 23076 23076
 4787 4787 4787 4787 4787 4787 4787 4787 4787 4787
 673 673 673 673 673 673 673 673 673 673
 15302 15302 15302 15302 15302 15302 15302 15302 15302 15302
 26360 26360 26360 26360 26360 26360 26360 26360 26360 26360
 23175 23175 23175 23175 23175 23175 23175 23175 23175 23175
 4187 4187 4187 4187 4187 4187 4187 4187 4187 4187
 28815 28815 28815 28815 28815 28815 28815 28815 28815 28815
 25710 25710 25710 25710 25710 25710 25710 25710 25710 25710
 19125 19125 19125 19125 19125 19125 19125 19125 19125 19125
 29754 29754 29754 29754 29754 29754 29754 29754 29754 29754
 24736 24736 24736 24736 24736 24736 24736 24736 24736 24736
 22818 22818 22818 22818 22818 22818 22818 22818 22818 22818
 31761 31761 31761 31761 31761 31761 31761 31761 31761 31761
 27153 27153 27153 27153 27153 27153 27153 27153 27153 27153
 20311 20311 20311 20311 20311 20311 20311 20311 20311 20311
 13741 13741 13741 13741 13741 13741 13741 13741 13741 13741
 5638 5638 5638 5638 5638 5638 5638 5638 5638 5638
 6218 6218 6218 6218 6218 6218 6218 6218 6218 6218
 20760 20760 20760 20760 20760 20760 20760 20760 20760 20760
 15356 15356 15356 15356 15356 15356 15356 15356 15356 15356
 20383 20383 20383 20383 20383 20383 20383 20383 20383 20383
 32513 32513 32513 32513 32513 32513 32513 32513 32513 32513
 28176 28176 28176 28176 28176 28176 28176 28176 28176 28176
 10045 10045 10045 10045 10045 10045 10045 10045 10045 10045
 24667 24667 24667 24667 24667 24667 24667 24667 24667 24667
 13628 13628 13628 13628 13628 13628 13628 13628 13628 13628
 18459 18459 18459 18459 18459 18459 18459 18459 18459 18459
 4272 4272 4272 4272 4272 4272 4272 4272 4272 4272
 14485 14485 14485 14485 14485 14485 14485 14485 14485 14485
 6108 6108 6108 6108 6108 6108 6108 6108 6108 6108
 12116 12116 12116 12116 12116 12116 12116 12116 12116 12116
 1527 1527 1527 1527 1527 1527 1527 1527 1527 1527
 14731 14731 14731 14731 14731 14731 14731 14731 14731 14731
 9061 9061 9061 9061 9061 9061 9061 9061 9061 9061
 4082 4082 4082 4082 4082 4082 4082 4082 4082 4082
 9114 9114 9114 9114 9114 9114 9114 9114 9114 9114
 29908 29908 29908 29908 29908 29908 29908 29908 29908 29908
 19943 19943 19943 19943 19943 19943 19943 19943 19943 19943
 11245 11245 11245 11245 11245 11245 11245 11245 11245 11245
 1050 1050 1050 1050 1050 1050 1050 1050 1050 1050
 7864 7864 7864 7864 7864 7864 7864 7864 7864 7864
 27813 27813 27813 27813 27813 27813 27813 27813 27813 27813
 27349 27349 27349 27349 27349 27349 27349 27349 27349 27349
 2453 2453 2453 2453 2453 2453 2453 2453 2453 2453
 21244 21244 21244 21244 21244 21244 21244 21244 21244 21244
 17277 17277 17277 17277 17277 17277 17277 17277 17277 17277
 28185 28185 28185 28185 28185 28185 28185 28185 28185 28185
 67 67 67 67 67 67 67 67 67 67
 1069 1069 1069 1069 1069 1069 1069 1069 1069 1069
 20624 20624 20624 20624 20624 20624 20624 20624 20624 20624
 27454 27454 27454 27454 27454 27454 27454 27454 27454 27454
 20623 20623 20623 20623 20623 20623 20623 20623 20623 20623
 31999 31999 31999 31999 31999 31999 31999 31999 31999 31999
 895 895 895 895 895 895 895 895 895 895
 12007 12007 12007 12007 12007 12007 12007 12007 12007 12007
 1276 1276 1276 1276 1276 1276 1276 1276 1276 1276
 28335 28335 28335 28335 28335 28335 28335 28335 28335 28335
 26196 26196 26196 26196 26196 26196 26196 26196 26196 26196
 21356 21356 21356 21356 21356 21356 21356 21356 21356 21356
 13638 13638 13638 13638 13638 13638 13638 13638 13638 13638
 24956 24956 24956 24956 24956 24956 24956 24956 24956 24956
 13032 13032 13032 13032 13032 13032 13032 13032 13032 13032
 24296 24296 24296 24296 24296 24296 24296 24296 24296 24296
 4764 4764 4764 4764 4764 4764 4764 4764 4764 4764
 27397 27397 27397 27397 27397 27397 27397 27397 27397 27397
 17013 17013 17013 17013 17013 17013 17013 17013 17013 17013
 14307 14307 14307 14307 14307 14307 14307 14307 14307 14307
 17780 17780 17780 17780 17780 17780 17780 17780 17780 17780
 3868 3868 3868 3868 3868 3868 3868 3868 3868 3868
 11958 11958 11958 11958 11958 11958 11958 11958 11958 11958
 19959 19959 19959 19959 19959 19959 19959 19959 19959 19959
 14533 14533 14533 14533 14533 14533 14533 14533 14533 14533
 22777 22777 22777 22777 22777 22777 22777 22777 22777 22777
 25995 25995 25995 25995 25995 25995 25995 25995 25995 25995
 13255 13255 13255 13255 13255 13255 13255 13255 13255 13255
 6144 6144 6144 6144 6144 6144 6144 6144 6144 6144
 19149 19149 19149 19149 19149 19149 19149 19149 19149 19149
 6634 6634 6634 6634 6634 6634 6634 6634 6634 6634
 30806 30806 30806 30806 30806 30806 30806 30806 30806 30806
 2443 2443 2443 2443 2443 2443 2443 2443 2443 2443
 20542 20542 20542 20542 20542 20542 20542 20542 20542 20542
 24603 24603 24603 24603 24603 24603 24603 24603 24603 24603
 23915 23915 23915 23915 23915 23915 23915 23915 23915 23915
 20276 20276 20276 20276 20276 20276 20276 20276 20276 20276
 1321 1321 1321 1321 1321 1321 1321 1321 1321 1321
 6439 6439 6439 6439 6439 6439 6439 6439 6439 6439
 31621 31621 31621 31621 31621 31621 31621 31621 31621 31621
 11408 11408 11408 11408 11408 11408 11408 11408 11408 11408
 23699 23699 23699 23699 23699 23699 23699 23699 23699 23699
 4279 4279 4279 4279 4279 4279 4279 4279 4279 4279
 1639 1639 1639 1639 1639 1639 1639 1639 1639 1639
 31955 31955 31955 31955 31955 31955 31955 31955 31955 31955
 21879 21879 21879 21879 21879 21879 21879 21879 21879 21879
 9790 9790 9790 9790 9790 9790 9790 9790 9790 9790
 20095 20095 20095 20095 20095 20095 20095 20095 20095 20095
 7945 7945 7945 7945 7945 7945 7945 7945 7945 7945
 21155 21155 21155 21155 21155 21155 21155 21155 21155 21155
 7659 7659 7659 7659 7659 7659 7659 7659 7659 7659
 28722 28722 28722 28722 28722 28722 28722 28722 28722 28722
 3242 3242 3242 3242 3242 3242 3242 3242 3242 3242
 13677 13677 13677 13677 13677 13677 13677 13677 13677 13677
 15079 15079 15079 15079 15079 15079 15079 15079 15079 15079
 14207 14207 14207 14207 14207 14207 14207 14207 14207 14207
 18257 18257 18257 18257 18257 18257 18257 18257 18257 18257
 19494 19494 19494 19494 19494 19494 19494 19494 19494 19494
 10954 10954 10954 10954 10954 10954 10954 10954 10954 10954
 27630 27630 27630 27630 27630 27630 27630 27630 27630 27630
 12563 12563 12563 12563 12563 12563 12563 12563 12563 12563
 3006 3006 3006 3006 3006 3006 3006 3006 3006 3006
 6773 6773 6773 6773 6773 6773 6773 6773 6773 6773
 21278 21278 21278 21278 21278 21278 21278 21278 21278 21278
 5342 5342 5342 5342 5342 5342 5342 5342 5342 5342
 15768 15768 15768 15768 15768 15768 15768 15768 15768 15768
 30244 30244 30244 30244 30244 30244 30244 30244 30244 30244
 2192 2192 2192 2192 2192 2192 2192 2192 2192 2192
 21851 21851 21851 21851 21851 21851 21851 21851 21851 21851
 2920 2920 2920 2920 2920 2920 2920 2920 2920 2920
 873 873 873 873 873 873 873 873 873 873
 4988 4988 4988 4988 4988 4988 4988 4988 4988 4988
 31532 31532 31532 31532 31532 31532 31532 31532 31532 31532
 21112 21112 21112 21112 21112 21112 21112 21112 21112 21112
 31140 31140 31140 31140 31140 31140 31140 31140 31140 31140
 10788 10788 10788 10788 10788 10788 10788 10788 10788 10788
 16091 16091 16091 16091 16091 16091 16091 16091 16091 16091
 24713 24713 24713 24713 24713 24713 24713 24713 24713 24713
 26063 26063 26063 26063 26063 26063 26063 26063 26063 26063
 19112 19112 19112 19112 19112 19112 19112 19112 19112 19112
 32663 32663 32663 32663 32663 32663 32663 32663 32663 32663
 22292 22292 22292 22292 22292 22292 22292 22292 22292 22292
 9977 9977 9977 9977 9977 9977 9977 9977 9977 9977
 26125 26125 26125 26125 26125 26125 26125 26125 26125 26125
 2107 2107 2107 2107 2107 2107 2107 2107 2107 2107
 10852 10852 10852 10852 10852 10852 10852 10852 10852 10852
 23924 23924 23924 23924 23924 23924 23924 23924 23924 23924
 3491 3491 3491 3491 3491 3491 3491 3491 3491 3491
 29906 29906 29906 29906 29906 29906 29906 29906 29906 29906
 12384 12384 12384 12384 12384 12384 12384 12384 12384 12384
 9472 9472 9472 9472 9472 9472 9472 9472 9472 9472
 19869 19869 19869 19869 19869 19869 19869 19869 19869 19869
 13895 13895 13895 13895 13895 13895 13895 13895 13895 13895
 8724 8724 8724 8724 8724 8724 8724 8724 8724 8724
 30818 30818 30818 30818 30818 30818 30818 30818 30818 30818
 13207 13207 13207 13207 13207 13207 13207 13207 13207 13207
 17344 17344 17344 17344 17344 17344 17344 17344 17344 17344
 17237 17237 17237 17237 17237 17237 17237 17237 17237 17237
 8901 8901 8901 8901 8901 8901 8901 8901 8901 8901
 2208 2208 2208 2208 2208 2208 2208 2208 2208 2208
 27753 27753 27753 27753 27753 27753 27753 27753 27753 27753
 32462 32462 32462 32462 32462 32462 32462 32462 32462 32462
 14502 14502 14502 14502 14502 14502 14502 14502 14502 14502
 29300 29300 29300 29300 29300 29300 29300 29300 29300 29300
 22300 22300 22300 22300 22300 22300 22300 22300 22300 22300
 4226 4226 4226 4226 4226 4226 4226 4226 4226 4226
 27592 27592 27592 27592 27592 27592 27592 27592 27592 27592
 22763 22763 22763 22763 22763 22763 22763 22763 22763 22763
 1853 1853 1853 1853 1853 1853 1853 1853 1853 1853
 31619 31619 31619 31619 31619 31619 31619 31619 31619 31619
 533 533 533 533 533 533 533 533 533 533
 560 560 560 560 560 560 560 560 560 560
 15849 15849 15849 15849 15849 15849 15849 15849 15849 15849
 11354 11354 11354 11354 11354 11354 11354 11354 11354 11354
 8029 8029 8029 8029 8029 8029 8029 8029 8029 8029
 27861 27861 27861 27861 27861 27861 27861 27861 27861 27861
 12684 12684 12684 12684 12684 12684 12684 12684 12684 12684
 14822 14822 14822 14822 14822 14822 14822 14822 14822 14822
 20251 20251 20251 20251 20251 20251 20251 20251 20251 20251
 13522 13522 13522 13522 13522 13522 13522 13522 13522 13522
 23 23 23 23 23 23 23 23 23 23
 5130 5130 5130 5130 5130 5130 5130 5130 5130 5130
 29794 29794 29794 29794 29794 29794 29794 29794 29794 29794
 1289 1289 1289 1289 1289 1289 1289 1289 1289 1289
 17023 17023 17023 17023 17023 17023 17023 17023 17023 17023
 21095 21095 21095 21095 21095 21095 21095 21095 21095 21095
 12072 12072 12072 12072 12072 12072 12072 12072 12072 12072
 17717 17717 17717 17717 17717 17717 17717 17717 17717 17717
 26512 26512 26512 26512 26512 26512 26512 26512 26512 26512
 27255 27255 27255 27255 27255 27255 27255 27255 27255 27255
 28597 28597 28597 28597 28597 28597 28597 28597 28597 28597
 5632 5632 5632 5632 5632 5632 5632 5632 5632 5632
 30427 30427 30427 30427 30427 30427 30427 30427 30427 30427
 24838 24838 24838 24838 24838 24838 24838 24838 24838 24838
 659 659 659 659 659 659 659 659 659 659
 10571 10571 10571 10571 10571 10571 10571 10571 10571 10571
 20112 20112 20112 20112 20112 20112 20112 20112 20112 20112
 3265 3265 3265 3265 3265 3265 3265 3265 3265 3265
 4728 4728 4728 4728 4728 4728 4728 4728 4728 4728
 18917 18917 18917 18917 18917 18917 18917 18917 18917 18917
 11753 11753 11753 11753 11753 11753 11753 11753 11753 11753
 18888 18888 18888 18888 18888 18888 18888 18888 18888 18888
 16357 16357 16357 16357 16357 16357 16357 16357 16357 16357
 9035 9035 9035 9035 9035 9035 9035 9035 9035 9035
 24361 24361 24361 24361 24361 24361 24361 24361 24361 24361
 13543 13543 13543 13543 13543 13543 13543 13543 13543 13543
 31375 31375 31375 31375 31375 31375 31375 31375 31375 31375
 2848 2848 2848 2848 2848 2848 2848 2848 2848 2848
 860 860 860 860 860 860 860 860 860 860
 11281 11281 11281 11281 11281 11281 11281 11281 11281 11281
 21639 21639 21639 21639 21639 21639 21639 21639 21639 21639
 7217 7217 7217 7217 7217 7217 7217 7217 7217 7217
 4111 4111 4111 4111 4111 4111 4111 4111 4111 4111
 31501 31501 31501 31501 31501 31501 31501 31501 31501 31501
 19261 19261 19261 19261 19261 19261 19261 19261 19261 19261
 28367 28367 28367 28367 28367 28367 28367 28367 28367 28367
 939 939 939 939 939 939 939 939 939 939
 9880 9880 9880 9880 9880 9880 9880 9880 9880 9880
 31085 31085 31085 31085 31085 31085 31085 31085 31085 31085
 6362 6362 6362 6362 6362 6362 6362 6362 6362 6362
 16621 16621 16621 16621 16621 16621 16621 16621 16621 16621
 21226 21226 21226 21226 21226 21226 21226 21226 21226 21226
 22421 22421 22421 22421 22421 22421 22421 22421 22421 22421
 14577 14577 14577 14577 14577 14577 14577 14577 14577 14577
 9965 9965 9965 9965 9965 9965 9965 9965 9965 9965
 23174 23174 23174 23174 23174 23174 23174 23174 23174 23174
 15093 15093 15093 15093 15093 15093 15093 15093 15093 15093
 2364 2364 2364 2364 2364 2364 2364 2364 2364 2364
 31606 31606 31606 31606 31606 31606 31606 31606 31606 31606
 13494 13494 13494 13494 13494 13494 13494 13494 13494 13494
 22860 22860 22860 22860 22860 22860 22860 22860 22860 22860
 26149 26149 26149 26149 26149 26149 26149 26149 26149 26149
 13929 13929 13929 13929 13929 13929 13929 13929 13929 13929
 27045 27045 27045 27045 27045 27045 27045 27045 27045 27045
 29027 29027 29027 29027 29027 29027 29027 29027 29027 29027
 21582 21582 21582 21582 21582 21582 21582 21582 21582 21582
 5513 5513 5513 5513 5513 5513 5513 5513 5513 5513
 1404 1404 1404 1404 1404 1404 1404 1404 1404 1404
 12445 12445 12445 12445 12445 12445 12445 12445 12445 12445
 18630 18630 18630 18630 18630 18630 18630 18630 18630 18630
 6062 6062 6062 6062 6062 6062 6062 6062 6062 6062
 28140 28140 28140 28140 28140 28140 28140 28140 28140 28140
 17502 17502 17502 17502 17502 17502 17502 17502 17502 17502
 20830 20830 20830 20830 20830 20830 20830 20830 20830 20830
 13855 13855 13855 13855 13855 13855 13855 13855 13855 13855
 27954 27954 27954 27954 27954 27954 27954 27954 27954 27954
 7913 7913 7913 7913 7913 7913 7913 7913 7913 7913
 10165 10165 10165 10165 10165 10165 10165 10165 10165 10165
 13285 13285 13285 13285 13285 13285 13285 13285 13285 13285
 10273 10273 10273 10273 10273 10273 10273 10273 10273 10273
 17563 17563 17563 17563 17563 17563 17563 17563 17563 17563
 27953 27953 27953 27953 27953 27953 27953 27953 27953 27953
 19380 19380 19380 19380 19380 19380 19380 19380 19380 19380
 25610 25610 25610 25610 25610 25610 25610 25610 25610 25610
 27111 27111 27111 27111 27111 27111 27111 27111 27111 27111
 27314 27314 27314 27314 27314 27314 27314 27314 27314 27314
 29139 29139 29139 29139 29139 29139 29139 29139 29139 29139
 3376 3376 3376 3376 3376 3376 3376 3376 3376 3376
 2150 2150 2150 2150 2150 2150 2150 2150 2150 2150
 9115 9115 9115 9115 9115 9115 9115 9115 9115 9115
 15332 15332 15332 15332 15332 15332 15332 15332 15332 15332
 7917 7917 7917 7917 7917 7917 7917 7917 7917 7917
 6773 6773 6773 6773 6773 6773 6773 6773 6773 6773
 12424 12424 12424 12424 12424 12424 12424 12424 12424 12424
 2751 2751 2751 2751 2751 2751 2751 2751 2751 2751
 23549 23549 23549 23549 23549 23549 23549 23549 23549 23549
 30949 30949 30949 30949 30949 30949 30949 30949 30949 30949
 11257 11257 11257 11257 11257 11257 11257 11257 11257 11257
 17657 17657 17657 17657 17657 17657 17657 17657 17657 17657
 31713 31713 31713 31713 31713 31713 31713 31713 31713 31713
 19006 19006 19006 19006 19006 19006 19006 19006 19006 19006
 26293 26293 26293 26293 26293 26293 26293 26293 26293 26293
 18332 18332 18332 18332 18332 18332 18332 18332 18332 18332
 68 68 68 68 68 68 68 68 68 68
 4551 4551 4551 4551 4551 4551 4551 4551 4551 4551
 29903 29903 29903 29903 29903 29903 29903 29903 29903 29903
 31395 31395 31395 31395 31395 31395 31395 31395 31395 31395
 3216 3216 3216 3216 3216 3216 3216 3216 3216 3216
 31314 31314 31314 31314 31314 31314 31314 31314 31314 31314
 16156 16156 16156 16156 16156 16156 16156 16156 16156 16156
 7613 7613 7613 7613 7613 7613 7613 7613 7613 7613
 714 714 714 714 714 714 714 714 714 714
 23262 23262 23262 23262 23262 23262 23262 23262 23262 23262
 30440 30440 30440 30440 30440 30440 30440 30440 30440 30440
 19987 19987 19987 19987 19987 19987 19987 19987 19987 19987
 2967 2967 2967 2967 2967 2967 2967 2967 2967 2967
 8880 8880 8880 8880 8880 8880 8880 8880 8880 8880
 29064 29064 29064 29064 29064 29064 29064 29064 29064 29064
 24591 24591 24591 24591 24591 24591 24591 24591 24591 24591
 15532 15532 15532 15532 15532 15532 15532 15532 15532 15532
 1465 1465 1465 1465 1465 1465 1465 1465 1465 1465
 1984 1984 1984 1984 1984 1984 1984 1984 1984 1984
 7246 7246 7246 7246 7246 7246 7246 7246 7246 7246
 8526 8526 8526 8526 8526 8526 8526 8526 8526 8526
