 18926 18926 18926 18926 18926 18926 18926 18926 18926 18926
 24194 24194 24194 24194 24194 24194 24194 24194 24194 24194
 29881 29881 29881 29881 29881 29881 29881 29881 29881 29881
 25268 25268 25268 25268 25268 25268 25268 25268 25268 25268
 21019 21019 21019 21019 21019 21019 21019 21019 21019 21019
 15928 15928 15928 15928 15928 15928 15928 15928 15928 15928
 9428 9428 9428 9428 9428 9428 9428 9428 9428 9428
 13336 13336 13336 13336 13336 13336 13336 13336 13336 13336
 28038 28038 28038 28038 28038 28038 28038 28038 28038 28038
 12148 12148 12148 12148 12148 12148 12148 12148 12148 12148
 3178 3178 3178 3178 3178 3178 3178 3178 3178 3178
 23722 23722 23722 23722 23722 23722 23722 23722 23722 23722
 24201 24201 24201 24201 24201 24201 24201 24201 24201 24201
 10451 10451 10451 10451 10451 10451 10451 10451 10451 10451
 23652 23652 23652 23652 23652 23652 23652 23652 23652 23652
 1296 1296 1296 1296 1296 1296 1296 1296 1296 1296
 8915 8915 8915 8915 8915 8915 8915 8915 8915 8915
 8221 8221 8221 8221 8221 8221 8221 8221 8221 8221
 8281 8281 8281 8281 8281 8281 8281 8281 8281 8281
 21210 21210 21210 21210 21210 21210 21210 21210 21210 21210
 16755 16755 16755 16755 16755 16755 16755 16755 16755 16755
 5356 5356 5356 5356 5356 5356 5356 5356 5356 5356
 25502 25502 25502 25502 25502 25502 25502 25502 25502 25502
 17938 17938 17938 17938 17938 17938 17938 17938 17938 17938
 9501 9501 9501 9501 9501 9501 9501 9501 9501 9501
 12224 12224 12224 12224 12224 12224 12224 12224 12224 12224
 6970 6970 6970 6970 6970 6970 6970 6970 6970 6970
 18523 18523 18523 18523 18523 18523 18523 18523 18523 18523
 1539 1539 1539 1539 1539 1539 1539 1539 1539 1539
 22958 22958 22958 22958 22958 22958 22958 22958 22958 22958
 28692 28692 28692 28692 28692 28692 28692 28692 28692 28692
 22817 22817 22817 22817 22817 22817 22817 22817 22817 22817
 12917 12917 12917 12917 12917 12917 12917 12917 12917 12917
 22776 22776 22776 22776 22776 22776 22776 22776 22776 22776
 8257 8257 8257 8257 8257 8257 8257 8257 8257 8257
 23755 23755 23755 23755 23755 23755 23755 23755 23755 23755
 16416 16416 16416 16416 16416 16416 16416 16416 16416 16416
 16602 16602 16602 16602 16602 16602 16602 16602 16602 16602
 29138 29138 29138 29138 29138 29138 29138 29138 29138 29138
 27753 27753 27753 27753 27753 27753 27753 27753 27753 27753
 9199 9199 9199 9199 9199 9199 9199 9199 9199 9199
 20566 20566 20566 20566 20566 20566 20566 20566 20566 20566
 29302 29302 29302 29302 29302 29302 29302 29302 29302 29302
 20656 20656 20656 20656 20656 20656 20656 20656 20656 20656
 2657 2657 2657 2657 2657 2657 2657 2657 2657 2657
 4141 4141 4141 4141 4141 4141 4141 4141 4141 4141
 10135 10135 10135 10135 10135 10135 10135 10135 10135 10135
 26855 26855 26855 26855 26855 26855 26855 26855 26855 26855
 23843 23843 23843 23843 23843 23843 23843 23843 23843 23843
 17664 17664 17664 17664 17664 17664 17664 17664 17664 17664
 24726 24726 24726 24726 24726 24726 24726 24726 24726 24726
 20076 20076 20076 20076 20076 20076 20076 20076 20076 20076
 13603 13603 13603 13603 13603 13603 13603 13603 13603 13603
 19372 19372 19372 19372 19372 19372 19372 19372 19372 19372
 9792 9792 9792 9792 9792 9792 9792 9792 9792 9792
 21803 21803 21803 21803 21803 21803 21803 21803 21803 21803
 8583 8583 8583 8583 8583 8583 8583 8583 8583 8583
 30667 30667 30667 30667 30667 30667 30667 30667 30667 30667
 31029 31029 31029 31029 31029 31029 31029 31029 31029 31029
 12273 12273 12273 12273 12273 12273 12273 12273 12273 12273
 14393 14393 14393 14393 14393 14393 14393 14393 14393 14393
 25109 25109 25109 25109 25109 25109 25109 25109 25109 25109
 9196 9196 9196 9196 9196 9196 9196 9196 9196 9196
 9414 9414 9414 9414 9414 9414 9414 9414 9414 9414
 4169 4169 4169 4169 4169 4169 4169 4169 4169 4169
 30465 30465 30465 30465 30465 30465 30465 30465 30465 30465
 1161 1161 1161 1161 1161 1161 1161 1161 1161 1161
 249 249 249 249 249 249 249 249 249 249
 522 522 522 522 522 522 522 522 522 522
 3267 3267 3267 3267 3267 3267 3267 3267 3267 3267
 12871 12871 12871 12871 12871 12871 12871 12871 12871 12871
 8995 8995 8995 8995 8995 8995 8995 8995 8995 8995
 1746 1746 1746 1746 1746 1746 1746 1746 1746 1746
 6468 6468 6468 6468 6468 6468 6468 6468 6468 6468
 23773 23773 23773 23773 23773 23773 23773 23773 23773 23773
 31421 31421 31421 31421 31421 31421 31421 31421 31421 31421
 19100 19100 19100 19100 19100 19100 19100 19100 19100 19100
 32314 32314 32314 32314 32314 32314 32314 32314 32314 32314
 12974 12974 12974 12974 12974 12974 12974 12974 12974 12974
 29682 29682 29682 29682 29682 29682 29682 29682 29682 29682
 18961 18961 18961 18961 18961 18961 18961 18961 18961 18961
 24918 24918 24918 24918 24918 24918 24918 24918 24918 24918
 7804 7804 7804 7804 7804 7804 7804 7804 7804 7804
 12149 12149 12149 12149 12149 12149 12149 12149 12149 12149
 21176 21176 21176 21176 21176 21176 21176 21176 21176 21176
 29962 29962 29962 29962 29962 29962 29962 29962 29962 29962
 11943 11943 11943 11943 11943 11943 11943 11943 11943 11943
 30361 30361 30361 30361 30361 30361 30361 30361 30361 30361
 26010 26010 26010 26010 26010 26010 26010 26010 26010 26010
 12330 12330 12330 12330 12330 12330 12330 12330 12330 12330
 26745 26745 26745 26745 26745 26745 26745 26745 26745 26745
 9760 9760 9760 9760 9760 9760 9760 9760 9760 9760
 19502 19502 19502 19502 19502 19502 19502 19502 19502 19502
 15074 15074 15074 15074 15074 15074 15074 15074 15074 15074
 9949 9949 9949 9949 9949 9949 9949 9949 9949 9949
 9340 9340 9340 9340 9340 9340 9340 9340 9340 9340
 3122 3122 3122 3122 3122 3122 3122 3122 3122 3122
 25676 25676 25676 25676 25676 25676 25676 25676 25676 25676
 5702 5702 5702 5702 5702 5702 5702 5702 5702 5702
 6649 6649 6649 6649 6649 6649 6649 6649 6649 6649
 26389 26389 26389 26389 26389 26389 26389 26389 26389 26389
 26748 26748 26748 26748 26748 26748 26748 26748 26748 26748
 25360 25360 25360 25360 25360 25360 25360 25360 25360 25360
 20382 20382 20382 20382 20382 20382 20382 20382 20382 20382
 20441 20441 20441 20441 20441 20441 20441 20441 20441 20441
 23544 23544 23544 23544 23544 23544 23544 23544 23544 23544
 6095 6095 6095 6095 6095 6095 6095 6095 6095 6095
 26143 26143 26143 26143 26143 26143 26143 26143 26143 26143
 13048 13048 13048 13048 13048 13048 13048 13048 13048 13048
 1954 1954 1954 1954 1954 1954 1954 1954 1954 1954
 16550 16550 16550 16550 16550 16550 16550 16550 16550 16550
 29016 29016 29016 29016 29016 29016 29016 29016 29016 29016
 10096 10096 10096 10096 10096 10096 10096 10096 10096 10096
 22993 22993 22993 22993 22993 22993 22993 22993 22993 22993
 22488 22488 22488 22488 22488 22488 22488 22488 22488 22488
 30273 30273 30273 30273 30273 30273 30273 30273 30273 30273
 19099 19099 19099 19099 19099 19099 19099 19099 19099 19099
 21053 21053 21053 21053 21053 21053 21053 21053 21053 21053
 18732 18732 18732 18732 18732 18732 18732 18732 18732 18732
 9048 9048 9048 9048 9048 9048 9048 9048 9048 9048
 8236 8236 8236 8236 8236 8236 8236 8236 8236 8236
 31164 31164 31164 31164 31164 31164 31164 31164 31164 31164
 24258 24258 24258 24258 24258 24258 24258 24258 24258 24258
 21026 21026 21026 21026 21026 21026 21026 21026 21026 21026
 22824 22824 22824 22824 22824 22824 22824 22824 22824 22824
 301 301 301 301 301 301 301 301 301 301
 32748 32748 32748 32748 32748 32748 32748 32748 32748 32748
 11479 11479 11479 11479 11479 11479 11479 11479 11479 11479
 7238 7238 7238 7238 7238 7238 7238 7238 7238 7238
 22543 22543 22543 22543 22543 22543 22543 22543 22543 22543
 24734 24734 24734 24734 24734 24734 24734 24734 24734 24734
 26131 26131 26131 26131 26131 26131 26131 26131 26131 26131
 15063 15063 15063 15063 15063 15063 15063 15063 15063 15063
 9522 9522 9522 9522 9522 9522 9522 9522 9522 9522
 9052 9052 9052 9052 9052 9052 9052 9052 9052 9052
 16509 16509 16509 16509 16509 16509 16509 16509 16509 16509
 1724 1724 1724 1724 1724 1724 1724 1724 1724 1724
 31931 31931 31931 31931 31931 31931 31931 31931 31931 31931
 32251 32251 32251 32251 32251 32251 32251 32251 32251 32251
 7816 7816 7816 7816 7816 7816 7816 7816 7816 7816
 11104 11104 11104 11104 11104 11104 11104 11104 11104 11104
 20582 20582 20582 20582 20582 20582 20582 20582 20582 20582
 10856 10856 10856 10856 10856 10856 10856 10856 10856 10856
 14538 14538 14538 14538 14538 14538 14538 14538 14538 14538
 1382 1382 1382 1382 1382 1382 1382 1382 1382 1382
 6119 6119 6119 6119 6119 6119 6119 6119 6119 6119
 29721 29721 29721 29721 29721 29721 29721 29721 29721 29721
 19993 19993 19993 19993 19993 19993 19993 19993 19993 19993
 9250 9250 9250 9250 9250 9250 9250 9250 9250 9250
 24532 24532 24532 24532 24532 24532 24532 24532 24532 24532
 11084 11084 11084 11084 11084 11084 11084 11084 11084 11084
 17366 17366 17366 17366 17366 17366 17366 17366 17366 17366
 17801 17801 17801 17801 17801 17801 17801 17801 17801 17801
 17766 17766 17766 17766 17766 17766 17766 17766 17766 17766
 22998 22998 22998 22998 22998 22998 22998 22998 22998 22998
 15475 15475 15475 15475 15475 15475 15475 15475 15475 15475
 18410 18410 18410 18410 18410 18410 18410 18410 18410 18410
 5407 5407 5407 5407 5407 5407 5407 5407 5407 5407
 25840 25840 25840 25840 25840 25840 25840 25840 25840 25840
 8452 8452 8452 8452 8452 8452 8452 8452 8452 8452
 12997 12997 12997 12997 12997 12997 12997 12997 12997 12997
 25245 25245 25245 25245 25245 25245 25245 25245 25245 25245
 3381 3381 3381 3381 3381 3381 3381 3381 3381 3381
 18389 18389 18389 18389 18389 18389 18389 18389 18389 18389
 6767 6767 6767 6767 6767 6767 6767 6767 6767 6767
 10307 10307 10307 10307 10307 10307 10307 10307 10307 10307
 5720 5720 5720 5720 5720 5720 5720 5720 5720 5720
 18501 18501 18501 18501 18501 18501 18501 18501 18501 18501
 625 625 625 625 625 625 625 625 625 625
 412 412 412 412 412 412 412 412 412 412
 19512 19512 19512 19512 19512 19512 19512 19512 19512 19512
 15474 15474 15474 15474 15474 15474 15474 15474 15474 15474
 4211 4211 4211 4211 4211 4211 4211 4211 4211 4211
 10233 10233 10233 10233 10233 10233 10233 10233 10233 10233
 6184 6184 6184 6184 6184 6184 6184 6184 6184 6184
 5769 5769 5769 5769 5769 5769 5769 5769 5769 5769
 22053 22053 22053 22053 22053 22053 22053 22053 22053 22053
 21534 21534 21534 21534 21534 21534 21534 21534 21534 21534
 12580 12580 12580 12580 12580 12580 12580 12580 12580 12580
 28128 28128 28128 28128 28128 28128 28128 28128 28128 28128
 19740 19740 19740 19740 19740 19740 19740 19740 19740 19740
 5668 5668 5668 5668 5668 5668 5668 5668 5668 5668
 26708 26708 26708 26708 26708 26708 26708 26708 26708 26708
 1257 1257 1257 1257 1257 1257 1257 1257 1257 1257
 31482 31482 31482 31482 31482 31482 31482 31482 31482 31482
 28132 28132 28132 28132 28132 28132 28132 28132 28132 28132
 19173 19173 19173 19173 19173 19173 19173 19173 19173 19173
 18403 18403 18403 18403 18403 18403 18403 18403 18403 18403
 19679 19679 19679 19679 19679 19679 19679 19679 19679 19679
 2845 2845 2845 2845 2845 2845 2845 2845 2845 2845
 20132 20132 20132 20132 20132 20132 20132 20132 20132 20132
 10548 10548 10548 10548 10548 10548 10548 10548 10548 10548
 23824 23824 23824 23824 23824 23824 23824 23824 23824 23824
 3683 3683 3683 3683 3683 3683 3683 3683 3683 3683
 16847 16847 16847 16847 16847 16847 16847 16847 16847 16847
 12484 12484 12484 12484 12484 12484 12484 12484 12484 12484
 28842 28842 28842 28842 28842 28842 28842 28842 28842 28842
 23179 23179 23179 23179 23179 23179 23179 23179 23179 23179
 32602 32602 32602 32602 32602 32602 32602 32602 32602 32602
 16619 16619 16619 16619 16619 16619 16619 16619 16619 16619
 10629 10629 10629 10629 10629 10629 10629 10629 10629 10629
 1274 1274 1274 1274 1274 1274 1274 1274 1274 1274
 27908 27908 27908 27908 27908 27908 27908 27908 27908 27908
 30892 30892 30892 30892 30892 30892 30892 30892 30892 30892
 11982 11982 11982 11982 11982 11982 11982 11982 11982 11982
 3902 3902 3902 3902 3902 3902 3902 3902 3902 3902
 31741 31741 31741 31741 31741 31741 31741 31741 31741 31741
 32031 32031 32031 32031 32031 32031 32031 32031 32031 32031
 14007 14007 14007 14007 14007 14007 14007 14007 14007 14007
 30573 30573 30573 30573 30573 30573 30573 30573 30573 30573
 24484 24484 24484 24484 24484 24484 24484 24484 24484 24484
 22112 22112 22112 22112 22112 22112 22112 22112 22112 22112
 2563 2563 2563 2563 2563 2563 2563 2563 2563 2563
 27711 27711 27711 27711 27711 27711 27711 27711 27711 27711
 14960 14960 14960 14960 14960 14960 14960 14960 14960 14960
 14898 14898 14898 14898 14898 14898 14898 14898 14898 14898
 22788 22788 22788 22788 22788 22788 22788 22788 22788 22788
 20958 20958 20958 20958 20958 20958 20958 20958 20958 20958
 4334 4334 4334 4334 4334 4334 4334 4334 4334 4334
 11900 11900 11900 11900 11900 11900 11900 11900 11900 11900
 7633 7633 7633 7633 7633 7633 7633 7633 7633 7633
 10774 10774 10774 10774 10774 10774 10774 10774 10774 10774
 14821 14821 14821 14821 14821 14821 14821 14821 14821 14821
 13201 13201 13201 13201 13201 13201 13201 13201 13201 13201
 18691 18691 18691 18691 18691 18691 18691 18691 18691 18691
 5439 5439 5439 5439 5439 5439 5439 5439 5439 5439
 10587 10587 10587 10587 10587 10587 10587 10587 10587 10587
 21976 21976 21976 21976 21976 21976 21976 21976 21976 21976
 2302 2302 2302 2302 2302 2302 2302 2302 2302 2302
 10159 10159 10159 10159 10159 10159 10159 10159 10159 10159
 10865 10865 10865 10865 10865 10865 10865 10865 10865 10865
 6210 6210 6210 6210 6210 6210 6210 6210 6210 6210
 25155 25155 25155 25155 25155 25155 25155 25155 25155 25155
 23609 23609 23609 23609 23609 23609 23609 23609 23609 23609
 19501 19501 19501 19501 19501 19501 19501 19501 19501 19501
 15280 15280 15280 15280 15280 15280 15280 15280 15280 15280
 26841 26841 26841 26841 26841 26841 26841 26841 26841 26841
 10541 10541 10541 10541 10541 10541 10541 10541 10541 10541
 27177 27177 27177 27177 27177 27177 27177 27177 27177 27177
 26040 26040 26040 26040 26040 26040 26040 26040 26040 26040
 23173 23173 23173 23173 23173 23173 23173 23173 23173 23173
 29522 29522 29522 29522 29522 29522 29522 29522 29522 29522
 22065 22065 22065 22065 22065 22065 22065 22065 22065 22065
 28585 28585 28585 28585 28585 28585 28585 28585 28585 28585
 28909 28909 28909 28909 28909 28909 28909 28909 28909 28909
 32104 32104 32104 32104 32104 32104 32104 32104 32104 32104
 26464 26464 26464 26464 26464 26464 26464 26464 26464 26464
 7128 7128 7128 7128 7128 7128 7128 7128 7128 7128
 17386 17386 17386 17386 17386 17386 17386 17386 17386 17386
 23611 23611 23611 23611 23611 23611 23611 23611 23611 23611
 27360 27360 27360 27360 27360 27360 27360 27360 27360 27360
 18061 18061 18061 18061 18061 18061 18061 18061 18061 18061
 1922 1922 1922 1922 1922 1922 1922 1922 1922 1922
 7108 7108 7108 7108 7108 7108 7108 7108 7108 7108
 9252 9252 9252 9252 9252 9252 9252 9252 9252 9252
 2950 2950 2950 2950 2950 2950 2950 2950 2950 2950
 15343 15343 15343 15343 15343 15343 15343 15343 15343 15343
 31802 31802 31802 31802 31802 31802 31802 31802 31802 31802
 4282 4282 4282 4282 4282 4282 4282 4282 4282 4282
 32316 32316 32316 32316 32316 32316 32316 32316 32316 32316
 29420 29420 29420 29420 29420 29420 29420 29420 29420 29420
 13172 13172 13172 13172 13172 13172 13172 13172 13172 13172
 16606 16606 16606 16606 16606 16606 16606 16606 16606 16606
 3169 3169 3169 3169 3169 3169 3169 3169 3169 3169
 28486 28486 28486 28486 28486 28486 28486 28486 28486 28486
 9682 9682 9682 9682 9682 9682 9682 9682 9682 9682
 21274 21274 21274 21274 21274 21274 21274 21274 21274 21274
 2954 2954 2954 2954 2954 2954 2954 2954 2954 2954
 12538 12538 12538 12538 12538 12538 12538 12538 12538 12538
 9743 9743 9743 9743 9743 9743 9743 9743 9743 9743
 32537 32537 32537 32537 32537 32537 32537 32537 32537 32537
 30682 30682 30682 30682 30682 30682 30682 30682 30682 30682
 18318 18318 18318 18318 18318 18318 18318 18318 18318 18318
 25873 25873 25873 25873 25873 25873 25873 25873 25873 25873
 1419 1419 1419 1419 1419 1419 1419 1419 1419 1419
 16916 16916 16916 16916 16916 16916 16916 16916 16916 16916
 28962 28962 28962 28962 28962 28962 28962 28962 28962 28962
 19335 19335 19335 19335 19335 19335 19335 19335 19335 19335
 23229 23229 23229 23229 23229 23229 23229 23229 23229 23229
 311 311 311 311 311 311 311 311 311 311
 32276 32276 32276 32276 32276 32276 32276 32276 32276 32276
 31022 31022 31022 31022 31022 31022 31022 31022 31022 31022
 6227 6227 6227 6227 6227 6227 6227 6227 6227 6227
 12155 12155 12155 12155 12155 12155 12155 12155 12155 12155
 24206 24206 24206 24206 24206 24206 24206 24206 24206 24206
 27368 27368 27368 27368 27368 27368 27368 27368 27368 27368
 31530 31530 31530 31530 31530 31530 31530 31530 31530 31530
 23892 23892 23892 23892 23892 23892 23892 23892 23892 23892
 23285 23285 23285 23285 23285 23285 23285 23285 23285 23285
 12336 12336 12336 12336 12336 12336 12336 12336 12336 12336
 22824 22824 22824 22824 22824 22824 22824 22824 22824 22824
 4916 4916 4916 4916 4916 4916 4916 4916 4916 4916
 717 717 717 717 717 717 717 717 717 717
 15338 15338 15338 15338 15338 15338 15338 15338 15338 15338
 20644 20644 20644 20644 20644 20644 20644 20644 20644 20644
 27341 27341 27341 27341 27341 27341 27341 27341 27341 27341
 30323 30323 30323 30323 30323 30323 30323 30323 30323 30323
 11971 11971 11971 11971 11971 11971 11971 11971 11971 11971
 20652 20652 20652 20652 20652 20652 20652 20652 20652 20652
 7517 7517 7517 7517 7517 7517 7517 7517 7517 7517
