 29074 29074 29074 29074 29074 29074 29074 29074 29074 29074
 27260 27260 27260 27260 27260 27260 27260 27260 27260 27260
 9070 9070 9070 9070 9070 9070 9070 9070 9070 9070
 13876 13876 13876 13876 13876 13876 13876 13876 13876 13876
 24544 24544 24544 24544 24544 24544 24544 24544 24544 24544
 2324 2324 2324 2324 2324 2324 2324 2324 2324 2324
 10781 10781 10781 10781 10781 10781 10781 10781 10781 10781
 10801 10801 10801 10801 10801 10801 10801 10801 10801 10801
 19359 19359 19359 19359 19359 19359 19359 19359 19359 19359
 1570 1570 1570 1570 1570 1570 1570 1570 1570 1570
 22841 22841 22841 22841 22841 22841 22841 22841 22841 22841
 26290 26290 26290 26290 26290 26290 26290 26290 26290 26290
 32533 32533 32533 32533 32533 32533 32533 32533 32533 32533
 26868 26868 26868 26868 26868 26868 26868 26868 26868 26868
 3616 3616 3616 3616 3616 3616 3616 3616 3616 3616
 32714 32714 32714 32714 32714 32714 32714 32714 32714 32714
 28660 28660 28660 28660 28660 28660 28660 28660 28660 28660
 19657 19657 19657 19657 19657 19657 19657 19657 19657 19657
 30825 30825 30825 30825 30825 30825 30825 30825 30825 30825
 25721 25721 25721 25721 25721 25721 25721 25721 25721 25721
 3675 3675 3675 3675 3675 3675 3675 3675 3675 3675
 22132 22132 22132 22132 22132 22132 22132 22132 22132 22132
 10881 10881 10881 10881 10881 10881 10881 10881 10881 10881
 10320 10320 10320 10320 10320 10320 10320 10320 10320 10320
 20142 20142 20142 20142 20142 20142 20142 20142 20142 20142
 23660 23660 23660 23660 23660 23660 23660 23660 23660 23660
 24529 24529 24529 24529 24529 24529 24529 24529 24529 24529
 24244 24244 24244 24244 24244 24244 24244 24244 24244 24244
 14285 14285 14285 14285 14285 14285 14285 14285 14285 14285
 16799 16799 16799 16799 16799 16799 16799 16799 16799 16799
 31689 31689 31689 31689 31689 31689 31689 31689 31689 31689
 3807 3807 3807 3807 3807 3807 3807 3807 3807 3807
 7165 7165 7165 7165 7165 7165 7165 7165 7165 7165
 19425 19425 19425 19425 19425 19425 19425 19425 19425 19425
 30966 30966 30966 30966 30966 30966 30966 30966 30966 30966
 13249 13249 13249 13249 13249 13249 13249 13249 13249 13249
 32542 32542 32542 32542 32542 32542 32542 32542 32542 32542
 12578 12578 12578 12578 12578 12578 12578 12578 12578 12578
 27700 27700 27700 27700 27700 27700 27700 27700 27700 27700
 7195 7195 7195 7195 7195 7195 7195 7195 7195 7195
 28327 28327 28327 28327 28327 28327 28327 28327 28327 28327
 22391 22391 22391 22391 22391 22391 22391 22391 22391 22391
 3748 3748 3748 3748 3748 3748 3748 3748 3748 3748
 21781 21781 21781 21781 21781 21781 21781 21781 21781 21781
 11677 11677 11677 11677 11677 11677 11677 11677 11677 11677
 21538 21538 21538 21538 21538 21538 21538 21538 21538 21538
 24758 24758 24758 24758 24758 24758 24758 24758 24758 24758
 571 571 571 571 571 571 571 571 571 571
 6370 6370 6370 6370 6370 6370 6370 6370 6370 6370
 27517 27517 27517 27517 27517 27517 27517 27517 27517 27517
 11028 11028 11028 11028 11028 11028 11028 11028 11028 11028
 22233 22233 22233 22233 22233 22233 22233 22233 22233 22233
 32273 32273 32273 32273 32273 32273 32273 32273 32273 32273
 19379 19379 19379 19379 19379 19379 19379 19379 19379 19379
 4377 4377 4377 4377 4377 4377 4377 4377 4377 4377
 13738 13738 13738 13738 13738 13738 13738 13738 13738 13738
 69 69 69 69 69 69 69 69 69 69
 28471 28471 28471 28471 28471 28471 28471 28471 28471 28471
 23106 23106 23106 23106 23106 23106 23106 23106 23106 23106
 25484 25484 25484 25484 25484 25484 25484 25484 25484 25484
 10264 10264 10264 10264 10264 10264 10264 10264 10264 10264
 7254 7254 7254 7254 7254 7254 7254 7254 7254 7254
 8332 8332 8332 8332 8332 8332 8332 8332 8332 8332
 5825 5825 5825 5825 5825 5825 5825 5825 5825 5825
 3004 3004 3004 3004 3004 3004 3004 3004 3004 3004
 1451 1451 1451 1451 1451 1451 1451 1451 1451 1451
 19817 19817 19817 19817 19817 19817 19817 19817 19817 19817
 20176 20176 20176 20176 20176 20176 20176 20176 20176 20176
 3093 3093 3093 3093 3093 3093 3093 3093 3093 3093
 2318 2318 2318 2318 2318 2318 2318 2318 2318 2318
 16281 16281 16281 16281 16281 16281 16281 16281 16281 16281
 7343 7343 7343 7343 7343 7343 7343 7343 7343 7343
 21969 21969 21969 21969 21969 21969 21969 21969 21969 21969
 16059 16059 16059 16059 16059 16059 16059 16059 16059 16059
 2811 2811 2811 2811 2811 2811 2811 2811 2811 2811
 5430 5430 5430 5430 5430 5430 5430 5430 5430 5430
 25211 25211 25211 25211 25211 25211 25211 25211 25211 25211
 10793 10793 10793 10793 10793 10793 10793 10793 10793 10793
 13198 13198 13198 13198 13198 13198 13198 13198 13198 13198
 30846 30846 30846 30846 30846 30846 30846 30846 30846 30846
 14544 14544 14544 14544 14544 14544 14544 14544 14544 14544
 10475 10475 10475 10475 10475 10475 10475 10475 10475 10475
 6129 6129 6129 6129 6129 6129 6129 6129 6129 6129
 1213 1213 1213 1213 1213 1213 1213 1213 1213 1213
 24132 24132 24132 24132 24132 24132 24132 24132 24132 24132
 31053 31053 31053 31053 31053 31053 31053 31053 31053 31053
 26865 26865 26865 26865 26865 26865 26865 26865 26865 26865
 17744 17744 17744 17744 17744 17744 17744 17744 17744 17744
 15057 15057 15057 15057 15057 15057 15057 15057 15057 15057
 8329 8329 8329 8329 8329 8329 8329 8329 8329 8329
 14059 14059 14059 14059 14059 14059 14059 14059 14059 14059
 18067 18067 18067 18067 18067 18067 18067 18067 18067 18067
 3352 3352 3352 3352 3352 3352 3352 3352 3352 3352
 24136 24136 24136 24136 24136 24136 24136 24136 24136 24136
 5562 5562 5562 5562 5562 5562 5562 5562 5562 5562
 9559 9559 9559 9559 9559 9559 9559 9559 9559 9559
 16901 16901 16901 16901 16901 16901 16901 16901 16901 16901
 10560 10560 10560 10560 10560 10560 10560 10560 10560 10560
 19456 19456 19456 19456 19456 19456 19456 19456 19456 19456
 24876 24876 24876 24876 24876 24876 24876 24876 24876 24876
 18117 18117 18117 18117 18117 18117 18117 18117 18117 18117
 23935 23935 23935 23935 23935 23935 23935 23935 23935 23935
 30498 30498 30498 30498 30498 30498 30498 30498 30498 30498
 1512 1512 1512 1512 1512 1512 1512 1512 1512 1512
 31738 31738 31738 31738 31738 31738 31738 31738 31738 31738
 8224 8224 8224 8224 8224 8224 8224 8224 8224 8224
 21799 21799 21799 21799 21799 21799 21799 21799 21799 21799
 12338 12338 12338 12338 12338 12338 12338 12338 12338 12338
 22725 22725 22725 22725 22725 22725 22725 22725 22725 22725
 2988 2988 2988 2988 2988 2988 2988 2988 2988 2988
 26406 26406 26406 26406 26406 26406 26406 26406 26406 26406
 20157 20157 20157 20157 20157 20157 20157 20157 20157 20157
 6047 6047 6047 6047 6047 6047 6047 6047 6047 6047
 31140 31140 31140 31140 31140 31140 31140 31140 31140 31140
 23063 23063 23063 23063 23063 23063 23063 23063 23063 23063
 17934 17934 17934 17934 17934 17934 17934 17934 17934 17934
 26310 26310 26310 26310 26310 26310 26310 26310 26310 26310
 2751 2751 2751 2751 2751 2751 2751 2751 2751 2751
 15960 15960 15960 15960 15960 15960 15960 15960 15960 15960
 15671 15671 15671 15671 15671 15671 15671 15671 15671 15671
 15429 15429 15429 15429 15429 15429 15429 15429 15429 15429
 5379 5379 5379 5379 5379 5379 5379 5379 5379 5379
 10477 10477 10477 10477 10477 10477 10477 10477 10477 10477
 4580 4580 4580 4580 4580 4580 4580 4580 4580 4580
 21565 21565 21565 21565 21565 21565 21565 21565 21565 21565
 19488 19488 19488 19488 19488 19488 19488 19488 19488 19488
 8612 8612 8612 8612 8612 8612 8612 8612 8612 8612
 23158 23158 23158 23158 23158 23158 23158 23158 23158 23158
 10456 10456 10456 10456 10456 10456 10456 10456 10456 10456
 12740 12740 12740 12740 12740 12740 12740 12740 12740 12740
 5624 5624 5624 5624 5624 5624 5624 5624 5624 5624
 29416 29416 29416 29416 29416 29416 29416 29416 29416 29416
 14954 14954 14954 14954 14954 14954 14954 14954 14954 14954
 11279 11279 11279 11279 11279 11279 11279 11279 11279 11279
 12098 12098 12098 12098 12098 12098 12098 12098 12098 12098
 29661 29661 29661 29661 29661 29661 29661 29661 29661 29661
 29263 29263 29263 29263 29263 29263 29263 29263 29263 29263
 20135 20135 20135 20135 20135 20135 20135 20135 20135 20135
 27708 27708 27708 27708 27708 27708 27708 27708 27708 27708
 9597 9597 9597 9597 9597 9597 9597 9597 9597 9597
 29169 29169 29169 29169 29169 29169 29169 29169 29169 29169
 8969 8969 8969 8969 8969 8969 8969 8969 8969 8969
 23048 23048 23048 23048 23048 23048 23048 23048 23048 23048
 5516 5516 5516 5516 5516 5516 5516 5516 5516 5516
 20824 20824 20824 20824 20824 20824 20824 20824 20824 20824
 14785 14785 14785 14785 14785 14785 14785 14785 14785 14785
 237 237 237 237 237 237 237 237 237 237
 30982 30982 30982 30982 30982 30982 30982 30982 30982 30982
 17181 17181 17181 17181 17181 17181 17181 17181 17181 17181
 31048 31048 31048 31048 31048 31048 31048 31048 31048 31048
 8589 8589 8589 8589 8589 8589 8589 8589 8589 8589
 2345 2345 2345 2345 2345 2345 2345 2345 2345 2345
 11500 11500 11500 11500 11500 11500 11500 11500 11500 11500
 5915 5915 5915 5915 5915 5915 5915 5915 5915 5915
 12009 12009 12009 12009 12009 12009 12009 12009 12009 12009
 5130 5130 5130 5130 5130 5130 5130 5130 5130 5130
 19412 19412 19412 19412 19412 19412 19412 19412 19412 19412
 32606 32606 32606 32606 32606 32606 32606 32606 32606 32606
 11444 11444 11444 11444 11444 11444 11444 11444 11444 11444
 3620 3620 3620 3620 3620 3620 3620 3620 3620 3620
 11546 11546 11546 11546 11546 11546 11546 11546 11546 11546
 13630 13630 13630 13630 13630 13630 13630 13630 13630 13630
 9892 9892 9892 9892 9892 9892 9892 9892 9892 9892
 11516 11516 11516 11516 11516 11516 11516 11516 11516 11516
 30026 30026 30026 30026 30026 30026 30026 30026 30026 30026
 32747 32747 32747 32747 32747 32747 32747 32747 32747 32747
 20118 20118 20118 20118 20118 20118 20118 20118 20118 20118
 7373 7373 7373 7373 7373 7373 7373 7373 7373 7373
 1638 1638 1638 1638 1638 1638 1638 1638 1638 1638
 24244 24244 24244 24244 24244 24244 24244 24244 24244 24244
 10695 10695 10695 10695 10695 10695 10695 10695 10695 10695
 8084 8084 8084 8084 8084 8084 8084 8084 8084 8084
 124 124 124 124 124 124 124 124 124 124
 30528 30528 30528 30528 30528 30528 30528 30528 30528 30528
 17789 17789 17789 17789 17789 17789 17789 17789 17789 17789
 19730 19730 19730 19730 19730 19730 19730 19730 19730 19730
 13582 13582 13582 13582 13582 13582 13582 13582 13582 13582
 21496 21496 21496 21496 21496 21496 21496 21496 21496 21496
 6619 6619 6619 6619 6619 6619 6619 6619 6619 6619
 18111 18111 18111 18111 18111 18111 18111 18111 18111 18111
 19112 19112 19112 19112 19112 19112 19112 19112 19112 19112
 14064 14064 14064 14064 14064 14064 14064 14064 14064 14064
 379 379 379 379 379 379 379 379 379 379
 24344 24344 24344 24344 24344 24344 24344 24344 24344 24344
 24851 24851 24851 24851 24851 24851 24851 24851 24851 24851
 30193 30193 30193 30193 30193 30193 30193 30193 30193 30193
 19899 19899 19899 19899 19899 19899 19899 19899 19899 19899
 29429 29429 29429 29429 29429 29429 29429 29429 29429 29429
 23045 23045 23045 23045 23045 23045 23045 23045 23045 23045
 11789 11789 11789 11789 11789 11789 11789 11789 11789 11789
 7397 7397 7397 7397 7397 7397 7397 7397 7397 7397
 12954 12954 12954 12954 12954 12954 12954 12954 12954 12954
 27574 27574 27574 27574 27574 27574 27574 27574 27574 27574
 14039 14039 14039 14039 14039 14039 14039 14039 14039 14039
 11166 11166 11166 11166 11166 11166 11166 11166 11166 11166
 21049 21049 21049 21049 21049 21049 21049 21049 21049 21049
 26510 26510 26510 26510 26510 26510 26510 26510 26510 26510
 28234 28234 28234 28234 28234 28234 28234 28234 28234 28234
 27627 27627 27627 27627 27627 27627 27627 27627 27627 27627
 19757 19757 19757 19757 19757 19757 19757 19757 19757 19757
 1119 1119 1119 1119 1119 1119 1119 1119 1119 1119
 17352 17352 17352 17352 17352 17352 17352 17352 17352 17352
 16261 16261 16261 16261 16261 16261 16261 16261 16261 16261
 26644 26644 26644 26644 26644 26644 26644 26644 26644 26644
 19007 19007 19007 19007 19007 19007 19007 19007 19007 19007
 18188 18188 18188 18188 18188 18188 18188 18188 18188 18188
 13664 13664 13664 13664 13664 13664 13664 13664 13664 13664
 26552 26552 26552 26552 26552 26552 26552 26552 26552 26552
 2079 2079 2079 2079 2079 2079 2079 2079 2079 2079
 19825 19825 19825 19825 19825 19825 19825 19825 19825 19825
 1444 1444 1444 1444 1444 1444 1444 1444 1444 1444
 10874 10874 10874 10874 10874 10874 10874 10874 10874 10874
 22825 22825 22825 22825 22825 22825 22825 22825 22825 22825
 24547 24547 24547 24547 24547 24547 24547 24547 24547 24547
 23378 23378 23378 23378 23378 23378 23378 23378 23378 23378
 1084 1084 1084 1084 1084 1084 1084 1084 1084 1084
 15171 15171 15171 15171 15171 15171 15171 15171 15171 15171
 1158 1158 1158 1158 1158 1158 1158 1158 1158 1158
 12296 12296 12296 12296 12296 12296 12296 12296 12296 12296
 14501 14501 14501 14501 14501 14501 14501 14501 14501 14501
 291 291 291 291 291 291 291 291 291 291
 21368 21368 21368 21368 21368 21368 21368 21368 21368 21368
 2534 2534 2534 2534 2534 2534 2534 2534 2534 2534
 5692 5692 5692 5692 5692 5692 5692 5692 5692 5692
 6418 6418 6418 6418 6418 6418 6418 6418 6418 6418
 8822 8822 8822 8822 8822 8822 8822 8822 8822 8822
 15274 15274 15274 15274 15274 15274 15274 15274 15274 15274
 18185 18185 18185 18185 18185 18185 18185 18185 18185 18185
 23751 23751 23751 23751 23751 23751 23751 23751 23751 23751
 24971 24971 24971 24971 24971 24971 24971 24971 24971 24971
 4113 4113 4113 4113 4113 4113 4113 4113 4113 4113
 30890 30890 30890 30890 30890 30890 30890 30890 30890 30890
 12260 12260 12260 12260 12260 12260 12260 12260 12260 12260
 23863 23863 23863 23863 23863 23863 23863 23863 23863 23863
 2818 2818 2818 2818 2818 2818 2818 2818 2818 2818
 1669 1669 1669 1669 1669 1669 1669 1669 1669 1669
 22247 22247 22247 22247 22247 22247 22247 22247 22247 22247
 6969 6969 6969 6969 6969 6969 6969 6969 6969 6969
 23325 23325 23325 23325 23325 23325 23325 23325 23325 23325
 32201 32201 32201 32201 32201 32201 32201 32201 32201 32201
 22801 22801 22801 22801 22801 22801 22801 22801 22801 22801
 17608 17608 17608 17608 17608 17608 17608 17608 17608 17608
 31518 31518 31518 31518 31518 31518 31518 31518 31518 31518
 3732 3732 3732 3732 3732 3732 3732 3732 3732 3732
 17259 17259 17259 17259 17259 17259 17259 17259 17259 17259
 24035 24035 24035 24035 24035 24035 24035 24035 24035 24035
 4298 4298 4298 4298 4298 4298 4298 4298 4298 4298
 5747 5747 5747 5747 5747 5747 5747 5747 5747 5747
 32395 32395 32395 32395 32395 32395 32395 32395 32395 32395
 1746 1746 1746 1746 1746 1746 1746 1746 1746 1746
 29718 29718 29718 29718 29718 29718 29718 29718 29718 29718
 7427 7427 7427 7427 7427 7427 7427 7427 7427 7427
 22603 22603 22603 22603 22603 22603 22603 22603 22603 22603
 20245 20245 20245 20245 20245 20245 20245 20245 20245 20245
 15112 15112 15112 15112 15112 15112 15112 15112 15112 15112
 19712 19712 19712 19712 19712 19712 19712 19712 19712 19712
 1084 1084 1084 1084 1084 1084 1084 1084 1084 1084
 7541 7541 7541 7541 7541 7541 7541 7541 7541 7541
 12830 12830 12830 12830 12830 12830 12830 12830 12830 12830
 27856 27856 27856 27856 27856 27856 27856 27856 27856 27856
 7378 7378 7378 7378 7378 7378 7378 7378 7378 7378
 19178 19178 19178 19178 19178 19178 19178 19178 19178 19178
 31438 31438 31438 31438 31438 31438 31438 31438 31438 31438
 11759 11759 11759 11759 11759 11759 11759 11759 11759 11759
 29878 29878 29878 29878 29878 29878 29878 29878 29878 29878
 2946 2946 2946 2946 2946 2946 2946 2946 2946 2946
 11518 11518 11518 11518 11518 11518 11518 11518 11518 11518
 4221 4221 4221 4221 4221 4221 4221 4221 4221 4221
 11785 11785 11785 11785 11785 11785 11785 11785 11785 11785
 422 422 422 422 422 422 422 422 422 422
 4523 4523 4523 4523 4523 4523 4523 4523 4523 4523
 15777 15777 15777 15777 15777 15777 15777 15777 15777 15777
 25325 25325 25325 25325 25325 25325 25325 25325 25325 25325
 21841 21841 21841 21841 21841 21841 21841 21841 21841 21841
 22417 22417 22417 22417 22417 22417 22417 22417 22417 22417
 10491 10491 10491 10491 10491 10491 10491 10491 10491 10491
 9629 9629 9629 9629 9629 9629 9629 9629 9629 9629
 7167 7167 7167 7167 7167 7167 7167 7167 7167 7167
 21763 21763 21763 21763 21763 21763 21763 21763 21763 21763
 29156 29156 29156 29156 29156 29156 29156 29156 29156 29156
 23123 23123 23123 23123 23123 23123 23123 23123 23123 23123
 22687 22687 22687 22687 22687 22687 22687 22687 22687 22687
 27048 27048 27048 27048 27048 27048 27048 27048 27048 27048
 23935 23935 23935 23935 23935 23935 23935 23935 23935 23935
 2064 2064 2064 2064 2064 2064 2064 2064 2064 2064
 9759 9759 9759 9759 9759 9759 9759 9759 9759 9759
 6872 6872 6872 6872 6872 6872 6872 6872 6872 6872
 11649 11649 11649 11649 11649 11649 11649 11649 11649 11649
 16289 16289 16289 16289 16289 16289 16289 16289 16289 16289
 7363 7363 7363 7363 7363 7363 7363 7363 7363 7363
 27578 27578 27578 27578 27578 27578 27578 27578 27578 27578
 8605 8605 8605 8605 8605 8605 8605 8605 8605 8605
 8969 8969 8969 8969 8969 8969 8969 8969 8969 8969
 26033 26033 26033 26033 26033 26033 26033 26033 26033 26033
 4478 4478 4478 4478 4478 4478 4478 4478 4478 4478
 4124 4124 4124 4124 4124 4124 4124 4124 4124 4124
 22285 22285 22285 22285 22285 22285 22285 22285 22285 22285
 29003 29003 29003 29003 29003 29003 29003 29003 29003 29003
 13483 13483 13483 13483 13483 13483 13483 13483 13483 13483
 2511 2511 2511 2511 2511 2511 2511 2511 2511 2511
