3.827544001507851e18
9.313147085893401e19
3.075489942073326e17
2.7800286830271436e16
6.556409140640977e16
8.615524432288303e20
1.152826893362232e19
1.1272715867113493e20
6.030374723675005e20
8.844174004842274e16
6.279485223423865e20
5.376100521241043e19
2.3013704468491076e19
1.4519892503161953e20
4.0859939229052467e18
2.65484334304701e16
5.18288146115875e20
1.7840081517972227e18
8.213991057035383e20
6.912175412496745e20
4.776240962735574e20
1.0971383675477346e20
5.8108582639891323e20
3.103383128128587e20
2.9196087693377713e20
3.5736368033535944e20
6.035434912317329e20
1.8911478115505062e18
4.779273509788372e18
4.4819091713390387e18
7.786842254311018e18
1.5576328861597162e20
2.388480164575341e19
5.6651104507829715e19
5.014147231061479e20
3.5941810425297155e20
7.118383548094333e18
9.15204886247567e20
2.0489502649752473e20
3.797784434646289e19
1.8206489726440817e18
8.296287769554836e19
3.7081767572025495e20
2.1021694795318526e19
3.903807582092826e19
7.525596570531421e20
2.4961714818669e15
6.280354356325714e20
3.508170431444155e18
6.4543642405683675e19
2.4902184521468236e16
7.794806285711025e15
2.8505649245852844e19
7.684009946773418e18
5.1708507673688434e20
3.3447375684568816e20
5.583052939509194e20
1.5267420596490007e19
1.4564125335778609e18
5.404598412514431e20
2.4214528166294956e16
3.48898229928284e20
5.448218997609406e20
4.1505612195675806e20
4.758569526273726e20
3.8518989239636446e20
3.975712562743349e19
1.6773190245451878e20
5.563979521142327e20
1.7279980601098606e18
5.2799821998516576e17
5.060557158504908e20
1.978385890236525e17
1.920036220706176e20
5.61415178095334e20
1.577589004021958e18
8.995356641857833e19
8.441980340338128e19
3.883924893853529e20
4.981193256832644e20
4.8266962770480346e20
2.3045517101772004e16
4.056395846796337e19
4.004968262369522e18
8.701782681070679e20
8.633144761241628e18
8.958986300717253e19
8.006858488333027e19
2.9382482940665292e20
7.232337824813061e20
1.0926827509860493e20
2.446856694938574e20
8.499331544609482e20
2.096255074571874e20
3.365030043010655e19
8.724004124225988e20
1.4808923880419138e20
5.679962689663368e20
6.485464219337566e18
4.620373156463505e19
5.890869527011209e15
8.431371533781009e15
9.052313600562213e18
2.04894843438088e19
7.452202064622403e20
3.3790060263586293e20
4.796091353949594e20
1.5484889661082865e20
3.930808504724259e20
6.153405600126164e17
1.595858066195914e20
4.477043042561721e20
6.860694597560506e17
6.89314530908025e14
1.7292781754943513e19
2.645242662486675e19
3.283503847253849e19
3.6085244404702257e19
1.3213115121684054e20
9.744145416199966e19
4.375423459279414e20
9.993607222316848e19
4.968057253920975e20
3.639976771937962e17
4.5346357433233054e20
3.880591904022699e16
2.454451944031219e18
3.9328874927656817e18
2.5655422796990628e20
6.248620579496931e19
2.8353896051163313e20
6.291846106698912e19
5.348129768051039e20
8.294383422546436e19
9.088524620428326e18
1.0118281713726068e18
8.556400220936831e19
3.347295446761136e17
3.274491687180833e18
1.776760636791454e19
8.591538393266538e19
3.3976164969981594e18
1.875588073945209e15
4.779426722656141e16
1.1536224126479519e18
1.1555775070202157e20
2.7292026782055367e20
2.417840163839046e20
1.832259476840724e15
1.940847000547915e20
1.0341872943949067e20
3.7224739997167e18
5.972200704e11
4.115948294484e16
2.299433834290032e20
2.765214617612607e19
5.314396880194653e17
7.778586653282199e20
3.120836928163748e20
2.799627255700738e19
6.009248216313572e18
6.216630461098379e18
3.12135138716607e20
1.8940817501475792e20
3.05588738390968e18
4.7557146897245197e17
1.5992826530920674e20
3.340895950807644e19
3.7916492165764705e18
9.037310829531144e20
1.7773602860064668e19
5.601377607329728e20
7.460110614049869e20
4.3177522750745334e18
5.603843471000481e19
6.237079079710356e15
8.925917588874975e20
2.4713799254344434e20
7.715510826764987e20
8.878494213548638e20
3.5527803806752364e18
3.6799530041659535e18
9.054452374678393e20
1.6008411042082577e20
7.228473687012409e20
1.8620970474416213e20
1.1528938065613236e20
1.4841639578462034e18
3.155231975019644e19
6.243928375376705e20
3.009693308492089e20
2.2990247551529183e20
1.3226620629991118e20
1.1223266229024387e18
4.2938127756269414e20
5.276832589677172e20
3.136298386586316e20
8.294383422546436e19
1.2383303993321212e19
2.9708341554561306e20
6.633765303727868e17
2.9681952711073664e17
4.54196382643877e18
3.636688925118786e20
4.0575095528372716e19
1.2561315257945471e20
3.189297389772058e20
3.404742373846712e20
7.213996959307947e20
1.5606898396103036e20
5.610092106817379e18
2.388480164575341e19
2.1414467053777434e17
1.565908372694736e15
1.9161083070877345e20
4.173455227415019e19
4.797203727106572e19
2.9734665890677914e18
4.892233797476565e18
1.5078385494003184e20
6.598251264575232e20
2.559344618431105e18
6.5923900369250624e16
2.4002586076640256e16
3.0334412307544433e19
1.6419418805201958e18
1.7689059584449158e20
1.5581742484666726e18
6.53063187196858e18
6.327520234188997e19
3.816480778787093e20
1.875403628208294e20
5.851928337449566e19
7.912097331650785e20
2.105572424174331e19
1.9671000367104e13
3.1518172241189274e20
6.187867490377475e20
9.1551920950118e17
1.285395139747253e18
3.0109195584e12
4.0108557560871496e18
8.748871299258073e18
5.7978794360542355e19
1.0993800186044078e17
3.5209717939508635e20
1.874652256027102e19
2.551359782743439e20
3.7081767572025495e20
1.7355399671526438e20
4.003493790654006e17
6.56870691735868e19
8.33369657182595e20
2.1501877321847407e19
1.4614617625963209e19
7.350940103573648e20
4.949040615048771e17
1.3057205899697704e20
1.007069614120656e15
1.7889854348868484e16
8.93836932833594e20
1.1051455692132576e20
1.2809457030424447e19
4.1283079543073925e20
7.348006279774504e20
2.507409882664147e19
6.40558649332116e14
1.7033014572377735e20
2.063622514944184e20
1.2725226902811034e19
6.503160670857112e20
4.226249984510163e20
3.851057820063065e19
5.1761116158056976e20
2.6687688022904298e20
5.5078400550222686e20
1.0975022563557028e19
1.0068270044221291e20
9.975085026509048e18
1.3143053126269724e20
1.5886649949128364e19
3.025242710357398e20
9.60885932675904e14
6.866524512835877e20
1.1976516065381194e20
7.374442332853726e20
2.27599725529568e19
3.1182655870054066e20
1.1594894318250303e20
5.958884260755003e18
3.136742644503482e18
7.740898291189551e20
3.158040857036671e20
4.960964005095185e18
1.7570571890404975e19
1.7719689037733945e19
2.466702061717547e18
7.934860359547046e20
1.9822435021097524e20
4.453709180767114e17
