6.430308042852775e20
4.969515525317515e20
6.089419412830231e18
3.336084753495765e19
3.2657917586710436e20
2.6230899123960556e16
1.2156208020931035e19
1.224666822762576e19
1.2639483292055742e20
5.461195242165849e15
2.4494294559136527e20
4.299043251766565e20
1.0081200750115933e21
4.6897699478586445e20
1.5378570100465402e17
1.0307433829032718e21
6.071792851198593e20
1.3435915743523409e20
8.125061782045871e20
3.9387656044187065e20
1.640723885437345e17
2.159165383730416e20
1.261356706967593e19
1.0206506793412096e19
1.4811865222857936e20
2.820101623352649e20
3.2578153923855745e20
3.109021913332894e20
3.747163835286353e19
7.1667874331766096e19
9.075054403776116e20
1.8894953665459834e17
2.371297554105146e18
1.281273674842916e20
8.274750294790659e20
2.772741282426774e19
1.009236109306495e21
2.252266680793846e19
5.2982229330806604e20
2.411265170525793e18
5.7944761036735146e20
2.262026437817159e20
1.7750437445514243e17
2.0254143859665846e20
1.672989605023355e19
1.9365275096479374e20
3.3811906548939725e20
9.53376517341e13
1.481371114397887e18
5.1595910253681764e20
1.3309163904192733e19
2.1988505521867837e20
9.762767509154836e20
1.2691797610990292e20
3.30179594282098e17
3.2053342935351505e19
1.9813419216e10
5.91320433231272e20
2.5650981837539577e20
3.795585778413376e20
9.986756341622325e18
2.491339804926034e18
4.336459562953548e18
1.0358028498412708e18
7.324079183489168e16
3.9839450611725e15
1.3878748802949328e20
1.4912131840623926e20
8.231544311466658e16
2.5961001428988796e16
6.322858505329751e19
2.6158830648990167e18
2.096255074571874e20
5.9849759946831e19
5.6153501340354896e16
7.821352365980764e17
3.6355351303820843e20
1.2210423777633427e19
2.7302925931046683e19
8.147226065929479e20
4.026412349771459e19
1.0833672726557594e19
1.269577641626701e18
1.945222811122896e15
3.051966638943399e20
8.368137180142181e20
4.687675677297596e20
8.920715153137148e19
4.625286323250212e19
4.3302170597735706e18
3.515591852294252e19
9.588233689861849e19
1.135532020904964e17
3.053990699152152e20
8.610141104178941e17
7.512794075681675e18
7.342445340581948e19
1.1189635137320876e19
1.2894725307183786e20
3.446115146067939e20
9.69481892892754e19
2.9535202067815124e20
7.785732336090489e20
4.697589058429689e15
9.131315841040583e20
4.115942446124233e18
2.0321181215154897e20
2.0852165863168967e19
2.4000475962021636e20
7.169256874220192e16
4.375423459279414e20
1.485603795993846e20
1.2029809012486067e18
8.462312300956212e20
2.5460565358776792e20
9.30899371880106e19
4.312140348484492e20
5.1509706874312496e16
5.838746674532084e19
5.427176223756636e19
5.099614272474011e19
7.531599083668855e17
1.0841949418345353e19
3.9583551088986515e17
1.946256521127531e20
1.2979770740637458e20
4.949458991332305e18
2.5882677434937613e20
1.0755280291179127e19
2.370565942563818e19
9.000555217863169e17
6.738255098972479e20
4.5000146609937146e19
1.4562900535395402e19
1.9276360117116674e19
6.965565502511385e20
6.599153281151696e20
1.479128502417317e20
5.304346386488513e20
7.632977420689358e18
6.514767077738809e20
5.822664362874281e18
2.5394391084790907e20
8.328792802065772e17
1.69222231573408e20
4.3000061323193336e19
2.815550262864e12
8.291865943423504e20
7.841257286429514e19
8.36274881123612e20
4.896793460534185e18
2.7192141969609024e16
1.573831879521504e19
1.1013228446992684e18
1.871533294454079e19
6.230783167163699e17
1.277847106551559e20
1.0171990993173372e21
1.5433982504766257e19
1.544673930654344e17
1.599165788883999e19
3.1057193234655355e19
8.615711114170472e18
1.5826092745278194e19
7.314817616085937e20
1.0349087623220553e21
1.4741393829394729e20
2.6588977126658995e18
6.470944347270321e15
3.109021913332894e20
1.1772926883695262e19
3.842733591401519e18
2.09361289761e11
7.816412469064685e20
9.011556734149797e19
1.363662273230471e20
3.062199351298734e19
1.921466049112177e20
1.7269541102409687e18
9.681982007321145e19
1.2006643282197743e20
3.5205958965624046e19
1.8471601865556e13
3.160636755842068e20
3.43228256548378e20
7.478918646082765e20
1.4109897749206542e20
6.750174719997888e20
2.5381171724791552e20
1.7381077627569652e19
2.693689614705557e18
2.5339090694072443e19
5.2024760981388394e20
3.4956290004623073e19
1.3987986719794807e19
1.766554806825091e20
4.4447634743842374e20
5.718753622007673e20
5.242591026114985e20
1.3711423474015584e20
1.408595488436916e15
8.158129727851014e19
6.291846106698912e19
4.535316594002619e20
1.174494828216258e20
9.847693748992678e19
3.1368254496790147e19
4.472998511810406e20
1.6797419774482356e16
1.3901174002851293e20
3.907595134517841e15
1.2581138486802805e19
2.442573264474444e20
3.26738878790565e20
2.6880340870782435e20
1.240389241661601e15
4.766966366261957e19
1.615572117920241e15
2.0569668117456663e19
3.979004396611726e19
6.4095056469e12
1.8761059443636778e20
3.70788375987404e16
9.443858332909132e17
1.5265323550020733e18
5.45019775537783e18
4.8977519421142655e19
9.841197909004935e19
2.8637396770023283e20
3.499060595089427e20
2.574341398290793e17
8.193812532103848e20
2.0329820304496587e19
2.918141014643378e20
5.67150320060918e16
6.975049225937616e15
2.2043943277044613e20
2.1222655411730345e18
2.6637402910385704e20
9.675935632288877e20
2.4323159774613455e20
8.650342377161207e19
8.880748174782062e20
1.744923043473008e17
7.984628163204666e19
3.003190462480252e20
3.069771426510103e17
9.814228091341284e17
9.911231808009035e20
8.354526717015225e15
7.019264288289857e20
2.7376583396157527e18
2.348921054381261e20
1.511717807470919e20
4.693240507672624e19
1.3586925882320198e20
1.240389241661601e15
2.909665621897304e18
2.438267963498166e19
5.418590641432321e20
2.666118068931814e18
1.2173360253232105e20
8.790923865407757e20
1.7204822717592769e19
7.171657316513158e20
6.7745209974867224e16
1.5837090246900044e19
2.8556048829823552e17
1.7357499078032003e19
2.8407409214769e13
3.764929091764688e17
5.5755171461054824e19
3.701740983340528e20
2.0478248803811112e20
2.2725514742877323e20
1.090001912440365e19
7.735297940927216e18
2.37394649338812e18
2.018727250280754e20
6.503160670857112e20
2.572655660290317e20
2.384034341508487e20
4.816715850528165e20
2.9535202067815124e20
1.6317752900025316e16
8.161589980699084e18
2.0065440959480259e18
1.6570000592198517e19
6.335295510048014e19
2.6445010067809434e18
5.2054955817846925e20
4.93338560489702e18
5.822664362874281e18
4.1333865065025464e20
3.617302902988241e17
2.601995208709458e17
2.2194945649268045e20
6.367724290144362e20
2.9738853680392143e19
3.57506035875909e16
