9.0
0.0
3609.0
32436.0
129681.0
360144.0
810225.0
1587924.0
2822841.0
4666176.0
7290729.0
1.08909e7
1.5682689e7
2.1903696e7
2.9813121e7
3.9691764e7
5.1842025e7
6.6587904e7
8.4275001e7
1.05270516e8
1.29963249e8
1.587636e8
1.92103569e8
2.30436756e8
2.74238361e8
3.24005184e8
3.80255625e8
4.43529684e8
5.14388961e8
5.93416656e8
6.81217569e8
7.784181e8
8.85666249e8
1.003631616e9
1.133005401e9
1.274500404e9
1.428851025e9
1.596813264e9
1.779164721e9
1.976704596e9
2.190253689e9
2.4206544e9
2.668770729e9
2.935488276e9
3.221714241e9
3.528377424e9
3.856428225e9
4.206838644e9
4.580602281e9
4.978734336e9
5.402271609e9
5.8522725e9
6.329817009e9
6.836006736e9
7.371964881e9
7.938836244e9
8.537787225e9
9.170005824e9
9.836701641e9
1.0539105876e10
1.1278471329e10
1.20560724e10
1.2873205089e10
1.3731186996e10
1.4631357321e10
1.5575076864e10
1.6563728025e10
1.7598714804e10
1.8681462801e10
1.9813419216e10
2.0996052849e10
2.22308541e10
2.3519334969e10
2.4863029056e10
2.6263491561e10
2.7722299284e10
2.9241050625e10
3.0821365584e10
3.2464885761e10
3.4173274356e10
3.5948216169e10
3.77914176e10
3.9704606649e10
4.1689532916e10
4.3747967601e10
4.5881703504e10
4.8092555025e10
5.0382358164e10
5.2752970521e10
5.5206271296e10
5.7744161289e10
6.03685629e10
6.3081420129e10
6.5884698576e10
6.8780385441e10
7.1770489524e10
7.4857041225e10
7.8042092544e10
8.1327717081e10
8.4716010036e10
8.8209088209e10
9.180909e10
9.5518175409e10
9.9338526036e10
1.03272345081e11
1.07321857344e11
1.11489309225e11
1.15776968724e11
1.20187125441e11
1.24722090576e11
1.29384196929e11
1.341757989e11
1.39099272489e11
1.44157015296e11
1.49351446521e11
1.54685006964e11
1.60160159025e11
1.65779386704e11
1.71545195601e11
1.77460112916e11
1.83526687449e11
1.897474896e11
1.96125111369e11
2.02662166356e11
2.09361289761e11
2.16225138384e11
2.23256390625e11
2.30457746484e11
2.37831927561e11
2.45381677056e11
2.53109759769e11
2.610189621e11
2.69112092049e11
2.77391979216e11
2.85861474801e11
2.94523451604e11
3.03380804025e11
3.12436448064e11
3.21693321321e11
3.31154382996e11
3.40822613889e11
3.507010164e11
3.60792614529e11
3.71100453876e11
3.81627601641e11
3.92377146624e11
4.03352199225e11
4.14555891444e11
4.25991376881e11
4.37661830736e11
4.49570449809e11
4.617204525e11
4.74115078809e11
4.86757590336e11
4.99651270281e11
5.12799423444e11
5.26205376225e11
5.39872476624e11
5.53804094241e11
5.68003620276e11
5.82474467529e11
5.972200704e11
6.12243884889e11
6.27549388596e11
6.43140080721e11
6.59019482064e11
6.75191135025e11
6.91658603604e11
7.08425473401e11
7.25495351616e11
7.42871867049e11
7.605586701e11
7.78559432769e11
7.96877848656e11
8.15517632961e11
8.34482522484e11
8.53776275625e11
8.73402672384e11
8.93365514361e11
9.13668624756e11
9.34315848369e11
9.553110516e11
9.76658122449e11
9.98360970516e11
1.020423527001e12
1.042849744704e12
1.065643598025e12
1.088809082964e12
1.112350217121e12
1.136271039696e12
1.160575611489e12
1.1852680149e12
1.210352353929e12
1.235832754176e12
1.261713362841e12
1.287998348724e12
1.314691902225e12
1.341798235344e12
1.369321581681e12
1.397266196436e12
1.425636356409e12
1.45443636e12
1.483670527209e12
1.513343199636e12
1.543458740481e12
1.574021534544e12
1.605035988225e12
1.636506529524e12
1.668437608041e12
1.700833694976e12
1.733699283129e12
1.7670388869e12
1.800857042289e12
1.835158306896e12
1.869947259921e12
1.905228502164e12
1.941006656025e12
1.977286365504e12
2.014072296201e12
2.051369135316e12
2.089181591649e12
2.1275143956e12
2.166372299169e12
2.205760075956e12
2.245682521161e12
2.286144451584e12
2.327150705625e12
2.368706143284e12
2.410815646161e12
2.453484117456e12
2.496716481969e12
2.5405176861e12
2.584892697849e12
2.629846506816e12
2.675384124201e12
2.721510582804e12
2.768230937025e12
2.815550262864e12
2.863473657921e12
2.912006241396e12
2.961153154089e12
3.0109195584e12
3.061310638329e12
3.112331599476e12
3.163987669041e12
3.216284095824e12
3.269226150225e12
3.322819124244e12
3.377068331481e12
3.431979107136e12
3.487556808009e12
3.5438068125e12
3.600734520609e12
3.658345353936e12
3.716644755681e12
3.775638190644e12
3.835331145225e12
3.895729127424e12
3.956837666841e12
4.018662314676e12
4.081208643729e12
4.1444822484e12
4.208488744689e12
4.273233770196e12
4.338722984121e12
4.404962067264e12
4.471956722025e12
4.539712672404e12
4.608235664001e12
4.677531464016e12
4.747605861249e12
4.8184646661e12
4.890113710569e12
4.962558848256e12
5.035805954361e12
5.109860925684e12
5.184729680625e12
5.260418159184e12
5.336932322961e12
5.414278155156e12
5.492461660569e12
5.5714888656e12
5.651365818249e12
5.732098588116e12
5.813693266401e12
5.896155965904e12
5.979492821025e12
6.063709987764e12
6.148813643721e12
6.234809988096e12
6.321705241689e12
6.4095056469e12
6.498217467729e12
6.587846989776e12
6.678400520241e12
6.769884387924e12
6.862304943225e12
6.955668558144e12
7.049981626281e12
7.145250562836e12
7.241481804609e12
7.33868181e12
7.436857059009e12
7.536014053236e12
7.636159315881e12
7.737299391744e12
7.839440847225e12
7.942590270324e12
8.046754270641e12
8.151939479376e12
8.258152549329e12
8.3654001549e12
8.473688992089e12
8.583025778496e12
8.693417253321e12
8.804870177364e12
8.917391333025e12
9.030987524304e12
9.145665576801e12
9.261432337716e12
9.378294675849e12
9.4962594816e12
9.615333666969e12
9.735524165556e12
9.856837932561e12
9.979281944784e12
1.0102863200625e13
1.0227588720084e13
1.0353465544761e13
1.0480500737856e13
1.0608701384169e13
1.07380745901e13
1.0868627483649e13
1.1000367214416e13
1.1133300953601e13
1.1267435894004e13
1.1402779250025e13
1.1539338257664e13
1.1677120174521e13
1.1816132279796e13
1.1956381874289e13
1.20978762804e13
1.2240622842129e13
1.2384628925076e13
1.2529901916441e13
1.2676449225024e13
1.2824278281225e13
1.2973396537044e13
1.3123811466081e13
1.3275530563536e13
1.3428561346209e13
1.35829113525e13
1.3738588142409e13
1.3895599297536e13
1.4053952421081e13
1.4213655137844e13
1.4374715094225e13
1.4537139958224e13
1.4700937419441e13
1.4866115189076e13
1.5032680999929e13
1.52006426064e13
1.5370007784489e13
1.5540784331796e13
1.5712980067521e13
1.5886602832464e13
1.6061660489025e13
1.6238160921204e13
1.6416112034601e13
1.6595521756416e13
1.6776398035449e13
1.69587488421e13
1.7142582168369e13
1.7327906027856e13
1.7514728455761e13
1.7703057508884e13
1.7892901265625e13
1.8084267825984e13
1.8277165311561e13
1.8471601865556e13
1.8667585652769e13
1.88651248596e13
1.9064227694049e13
1.9264902385716e13
1.9467157185801e13
1.9671000367104e13
1.9876440224025e13
2.0083485072564e13
2.0292143250321e13
2.0502423116496e13
2.0714333051889e13
2.09278814589e13
2.1143076761529e13
2.1359927405376e13
2.1578441857641e13
2.1798628607124e13
2.2020496164225e13
2.2244053060944e13
2.2469307850881e13
2.2696269109236e13
2.2924945432809e13
