1.1546010744415565e20
3.0834528575251356e20
7.174538175038819e20
3.668526043871808e20
1.7565049791810227e20
5.7920588202889994e19
7.109329961235797e18
2.8462937762062643e19
5.561598784707337e20
1.959702465175113e19
9.174549015807235e16
2.849778460546729e20
3.087022996507469e20
1.0734721603915071e19
2.8162893073146295e20
2.535082235253225e15
5.683691065545625e18
4.109939614170076e18
4.2312506462171863e18
1.8212276311924533e20
7.0919945961209864e19
7.403594030920443e17
3.8063210328905305e20
9.317301842652676e19
7.332099607037251e18
2.0092076148377092e19
2.123484008517513e18
1.0593535410848401e20
5.042343430780596e15
2.5000050214806467e20
6.098956343943743e20
2.439150571307748e20
2.5050817399367713e19
2.4216656914147233e20
4.1824084878043914e18
2.8656693800167994e20
6.535201315152972e19
6.8364686665111626e19
6.487115871902638e20
5.338889772765112e20
6.443332715750072e18
1.6099025937252594e20
6.634404124301764e20
1.638269545035318e20
4.4821022542746624e16
2.6451703922309632e17
9.49405657722757e18
4.680699840891001e20
2.908370120996718e20
8.760916869453868e19
3.363743254061122e20
1.4618674337806805e20
3.0811826705567556e19
1.2673469163138523e20
8.272550370864079e18
2.0336100975894718e20
4.88312402502433e18
7.959748733263345e20
8.342296738496053e20
2.04161887007456e19
3.8617793944382185e19
3.577054711464758e20
6.434931109476491e18
7.067194026104134e18
2.7174509920024762e17
7.752088601316523e20
1.6323862599504e15
3.431979107136e12
6.6566998942569e13
1.0246443262843638e17
2.4695861672438346e19
5.890478990282838e18
8.354526717015225e15
1.5746652877170214e18
2.874365114807651e20
8.771924322941621e20
1.1976516065381194e20
9.812473840456999e20
2.5495946128637813e19
6.985313287974443e20
1.1631658737951755e20
3.469447953252272e20
3.337338394115471e18
1.9603478471780196e19
1.8095775682295143e20
7.252649971778996e20
1.8307266674216176e19
7.646772814815771e20
4.1187982843052347e20
2.0798133800476447e19
4.6044784114317964e20
8.164935923056183e18
1.301711010275582e20
4.646211010134619e19
8.816027260412456e18
6.847578391013793e18
8.544680820904536e16
3.911273162156538e20
9.510405126870761e17
1.7584790433791964e18
4.364166653207639e20
4.6065447442697526e20
3.7222475716116755e20
1.5530558789562086e20
1.571117148227696e20
2.765200411707844e20
1.2416375244206415e18
4.203692848494789e20
2.6082650998900597e19
1.310678320354748e16
6.7512162249127076e19
6.379148972888966e20
9.348756320334143e18
2.5152855141568456e20
2.3014800489224792e20
7.558500752948857e20
1.1974008025795332e20
1.7678980348468868e20
1.1079820775197165e20
6.030549324601216e18
4.1400195543447777e18
8.488430949256912e20
3.116209658388207e20
1.758846093643287e20
2.44214523095832e20
7.33868181e12
1.0350351826929641e21
1.5623670171476603e19
2.46943052555452e18
2.3240786570778876e20
3.3680987589504755e20
4.195979800056078e20
4.632663419102292e19
7.397142652641544e18
6.041221089894279e18
6.684562140963509e19
7.941226602592161e15
9.355465166488599e20
9.736173800891668e20
3.357914050055108e18
1.367987393828494e19
1.6149184731907916e20
1.249803781480144e19
4.019771987225107e19
3.278279326352049e15
1.2613115169000568e18
7.022099113800904e20
1.4378412129335996e20
6.587422727776146e18
3.2594094954680005e20
1.3581577312168604e19
8.184491049974717e19
9.035897888160757e19
8.965040351390645e19
2.5174741461921785e20
5.160704709637525e19
1.0337380018135651e20
7.689663429037311e17
4.0121663572830074e20
4.591744237843288e18
2.5677228902854595e19
3.655187017434188e20
1.175347402583796e17
1.0290292630717843e20
1.8866826227432445e18
1.0155173269573351e19
9.631074897985226e17
1.0543295348610525e20
1.36890003504384e14
2.5805995121889e13
1.3043830356943038e20
5.159370849547583e19
2.8286367807000694e17
9.866645409508266e18
1.3157699523064911e18
9.96538520954846e17
2.1285008698786057e20
1.9350892828586482e20
2.2536995912797237e19
5.633353992742639e20
1.366429093258283e20
9.285571062632564e17
4.5790507555732967e20
2.243325775535424e15
8.84024247646868e20
5.636559144019525e20
1.2160669756252964e20
1.032166630540893e20
1.3496167927524175e20
5.8920474485955024e16
1.4782471507341522e20
1.1138857390054732e19
2.899110519221709e20
1.6550591355468653e17
7.249052647336475e19
2.1856870065134006e19
6.227502112794068e20
2.597669034977909e20
1.0167000365546097e21
6.8645139886504215e19
1.1484984543560718e19
2.367217569068361e15
5.459165276839498e20
8.195934834725711e20
1.8547580996870767e19
2.0853019073608384e17
9.13476889586979e20
9.473214731272596e20
3.4638654244726297e19
7.862602568134878e20
3.233973942220447e20
2.151371098388048e20
3.880591904022699e16
5.30664404940319e20
4.5072414220254585e19
4.432983194312571e19
2.4267734542571114e20
1.7362026240951026e20
3.173932612017296e17
1.8045019732523272e19
3.054286395131049e18
1.2124665657291403e19
4.342041113033225e19
2.7327759940784153e19
1.0983131595705355e20
7.873340497229181e17
1.1304519698211267e19
2.098928138360301e20
2.5251453765495004e16
9.58430988506406e18
1.253953652125488e19
1.338039793473855e18
3.603340192433439e20
2.795864287779283e20
1.3014440337064726e20
4.9054525562221986e19
4.6709467534256164e20
1.1109316962321467e19
4.909266471368309e20
4.137834082083245e20
2.5949803427235797e20
6.83590771020845e20
2.1331375988250044e20
6.00848399871918e20
6.285571048539353e20
9.55987118630666e20
4.413992986705672e20
2.32269085051693e18
8.222260840154504e19
2.7968118175546055e20
5.042839365645324e20
9.575502779125554e19
1.2268854244031768e16
2.2967301875456077e18
6.593122114451381e18
6.811395326051941e16
4.9868583953716265e19
9.20519365813753e20
3.0243099010125024e17
9.81490338473413e20
6.741920991936377e20
2.708840619001485e19
6.843059820186675e19
9.071045264702362e16
5.925675934424502e20
7.907024898302922e18
1.8433096617061135e20
6.848419982890148e16
2.2237516953943736e19
8.108194631071232e18
1.0086159759200552e21
7.975333669342902e20
1.0132282960052827e20
4.03270163755552e20
3.643843903444116e15
7.3685471468760695e19
6.331793097644746e20
1.2576919778252114e20
2.6201561377423714e20
8.3654001549e12
9.766398140395439e20
8.334771228850756e20
1.3527529001593508e18
1.964223487365669e19
3.089574993228046e20
5.0487401186392736e20
8.894280955785638e20
2.9323525152162218e20
2.6455146765233855e20
2.0838647989363614e19
2.44214523095832e20
5.254281086590551e17
2.37195733959504e14
4.980360860858615e19
1.634465791193452e20
5.0288458078450654e20
7.608561022427781e20
1.847956193484274e19
1.6370008902180448e20
2.872798417375998e18
