3.2665899370609044e16
1.569887701956534e20
8.460138471042886e20
1.5265323550020733e18
1.482474695669489e17
6.434931109476491e18
7.732084940778894e18
8.860477965769545e20
5.6791566496190235e20
4.890113710569e12
5.895777175393464e20
5.335812436663611e20
2.208184343448647e19
3.728047259897605e18
5.835820442893909e19
7.694424717600037e19
3.2778055881788723e19
3.824351555809939e19
4.576308141911276e20
4.276785658787222e19
1.5992826530920674e20
2.4289040717367653e20
1.0285861155062895e19
1.977286365504e12
7.193766085208552e20
7.246469951962704e15
9.243461607431273e20
1.0993800186044078e17
2.6346242980093487e20
6.27960397378213e18
5.321289990553017e19
3.826660849747362e20
8.06028859508498e17
5.129654942584655e20
1.936887191576885e20
6.6014083532896864e16
1.1575322300010865e20
3.094172574270329e20
3.656705776365921e19
2.9166738134241614e20
2.9880272358818976e19
4.0265874752398566e18
4.490392502173897e19
2.877153435172439e19
1.2678612264543322e19
4.964412979542368e20
6.791557094345479e20
8.354526717015225e15
3.975670722417575e17
3.3356280349410734e18
4.5962200309281037e20
7.0832554295515936e16
5.264191109298371e19
3.1909790137227756e18
1.3297016244756644e20
2.660544031351918e20
2.8637396770023283e20
1.2770573370402877e20
4.8708711715998384e19
2.9681952711073664e17
1.6212047941545407e20
1.3915203546077712e20
7.477173622976238e19
4.130846645059817e20
3.961813697731475e17
9.770573627694868e18
5.48363389482801e14
9.30517179670748e20
1.6894817653624016e17
2.447403250881581e19
1.545651118504067e18
2.371030357456394e20
7.388177965353629e20
7.39996110568236e19
1.1035590325125706e18
2.695291838003025e15
2.1863874349679493e19
1.544207064738624e15
5.865991702859712e20
6.8576996836945024e16
1.0021831744867807e19
4.175463559286051e20
8.695124533848578e20
6.628674156330931e17
6.1051336387021324e19
4.33384361337616e19
2.104664739962433e20
2.823440573703439e20
3.757667809616647e19
3.5941810425297155e20
1.3134987017080647e20
8.487341466703988e20
6.2856573426631655e19
1.1159294114427984e16
3.7020330566321616e16
6.538386790223712e19
4.732418240561386e18
5.53463489181125e19
1.0950261171701134e20
4.63390555729937e17
3.193482389784148e20
1.1683451994482486e18
1.4760158421583892e19
1.174123948149e16
1.856167084494443e20
8.727341007798501e20
2.0170771132605696e18
7.352896474122697e20
3.639976771937962e17
3.880591904022699e16
7.459121701293509e20
1.5716432474488574e19
2.14243529828436e14
1.51042133643264e18
3.075304168554419e20
1.7310413955179741e19
2.279247017242689e15
3.0059781623361e13
4.2887724375454305e18
3.846775447387792e19
2.82755771741591e19
5.835820442893909e19
5.060737054182045e18
4.0482940971948273e18
8.659678921889175e20
2.8162893073146295e20
5.647522725e13
3.549196013326107e18
1.8051086304923484e19
7.585215836577774e19
1.24722090576e11
8.394884342986713e18
2.956247296266554e18
8.09768297942492e20
1.9442610467954254e19
6.014371782697623e20
3.275916171793108e20
9.69277406257672e20
7.139068185141036e20
4.3410592824607284e20
5.7455374066989335e20
3.206587064569538e20
4.060204511566293e20
7.266279987642213e19
1.3813419580667705e19
7.033447003333508e20
2.2636432897271264e20
3.150560062706006e17
6.541573429682661e19
2.156824878119619e20
1.9970709833556e15
3.2419065020306175e20
1.6024926181684822e19
3.804147879793426e19
1.672298218759583e18
9.880671791860185e20
9.724709197987004e18
9.22257342043191e20
2.356829171790783e20
6.1142178125538615e19
2.1381465784034767e18
1.1105870035372043e20
8.226581791376556e17
8.18335283606784e14
2.4795790329314603e19
1.14707958840081e14
1.5700032720228413e19
2.4238560908726153e19
3.635972733534358e18
1.964546071526025e15
1.8197143489000636e19
9.095691570478569e20
3.72831219418389e19
7.404882733478484e20
1.4023097740536904e19
2.1418981943161467e19
4.956359595384699e18
1.6035368336035923e17
3.590198696495724e19
4.3803462743379855e18
1.9658244735281083e20
6.435617867031945e20
9.407726891121968e16
7.79208167657395e19
5.015615636940237e20
5.5433718447563886e20
2.8666345971545335e20
9.692678556060942e19
4.1962539328873234e19
3.384469583709486e20
1.4189512256359578e19
4.960964005095185e18
1.0931525536228184e18
3.934479512671149e20
2.8199196878623523e19
6.127064049580746e20
2.8034512712512284e20
3.380644398478228e20
3.191357565951027e19
3.1563910572908883e17
1.0321934776253626e17
1.2728095137899194e17
2.1192255340162843e19
3.14491549754167e18
3.6050594121298985e18
2.8827653617424614e17
2.5456664191292776e19
2.0907690315763945e18
1.0348615078533616e20
1.2206402030544001e20
6.816477673160573e20
8.873987578249182e20
5.433411790521801e15
9.21384911139964e19
8.823118730393272e18
5.745146197278963e18
1.5213979665453683e19
9.40243247126872e20
8.39836018238409e20
2.57339244620609e18
3.3941632814394687e19
5.53470982199866e18
1.4456242169725678e20
8.173671208011922e20
6.331985415977015e18
3.1680773244651565e17
1.9012234621355533e18
1.175347402583796e17
2.6319069651090637e20
2.6323366045465903e19
3.7755752284318564e19
9.496897386515771e20
6.465769012726503e20
1.92488985963216e18
3.805724033160772e20
2.9659526610296422e19
5.51217563449228e19
4.156935786876283e20
9.83774525832756e14
5.7132645623667315e17
2.803845784689451e19
3.247202976518138e20
1.613983949636892e18
6.720266074764358e19
4.75915028076777e18
2.363921766521585e20
4.170264305618812e18
6.39304625532521e18
2.0867292557674188e20
5.328124916613982e20
5.896606165433969e20
5.4382672977884135e19
5.569793050380743e18
2.7805760802257818e17
8.922849213500144e18
1.4700246243021e15
3.139914311223831e20
2.473527464594798e18
5.577332532304195e18
3.219205456758338e20
8.502603769492547e20
1.4770726279155764e20
1.2800077537297377e19
6.68253525537875e20
6.5833809637947984e16
2.88502009318435e20
8.643101148086019e20
6.325673734333875e20
1.0363000235236344e21
2.539774379873676e18
4.4419159352709e15
2.7187257609688953e19
5.302049469783637e20
3.989853786336412e20
4.853012232987351e19
5.0288458078450654e20
6.564043099730645e20
5.6085603945363276e20
1.5042643268958038e20
1.9921673365052133e19
2.492173647144878e20
1.3675369993258061e20
2.9633119554520175e19
8.079818904900228e20
1.60160159025e11
1.039477311722744e16
1.964223487365669e19
3.8712115660669046e20
4.617204525e11
6.848884124988308e20
5.1311486452174547e20
1.4479363482100412e20
1.0415053209233321e18
5.17863617352951e18
7.907963867015925e20
8.603950098732623e17
7.167817521491652e20
8.844418811241796e18
1.72991503884488e20
4.672157079611087e19
