 8321 8321 8321 8321 8321 8321 8321 8321 8321 8321
 19431 19431 19431 19431 19431 19431 19431 19431 19431 19431
 31529 31529 31529 31529 31529 31529 31529 31529 31529 31529
 30528 30528 30528 30528 30528 30528 30528 30528 30528 30528
 21878 21878 21878 21878 21878 21878 21878 21878 21878 21878
 31856 31856 31856 31856 31856 31856 31856 31856 31856 31856
 17739 17739 17739 17739 17739 17739 17739 17739 17739 17739
 27275 27275 27275 27275 27275 27275 27275 27275 27275 27275
 5754 5754 5754 5754 5754 5754 5754 5754 5754 5754
 28080 28080 28080 28080 28080 28080 28080 28080 28080 28080
 23254 23254 23254 23254 23254 23254 23254 23254 23254 23254
 30379 30379 30379 30379 30379 30379 30379 30379 30379 30379
 12870 12870 12870 12870 12870 12870 12870 12870 12870 12870
 13800 13800 13800 13800 13800 13800 13800 13800 13800 13800
 22906 22906 22906 22906 22906 22906 22906 22906 22906 22906
 507 507 507 507 507 507 507 507 507 507
 11459 11459 11459 11459 11459 11459 11459 11459 11459 11459
 4928 4928 4928 4928 4928 4928 4928 4928 4928 4928
 4884 4884 4884 4884 4884 4884 4884 4884 4884 4884
 14069 14069 14069 14069 14069 14069 14069 14069 14069 14069
 23025 23025 23025 23025 23025 23025 23025 23025 23025 23025
 4683 4683 4683 4683 4683 4683 4683 4683 4683 4683
 13240 13240 13240 13240 13240 13240 13240 13240 13240 13240
 7469 7469 7469 7469 7469 7469 7469 7469 7469 7469
 5067 5067 5067 5067 5067 5067 5067 5067 5067 5067
 7644 7644 7644 7644 7644 7644 7644 7644 7644 7644
 1363 1363 1363 1363 1363 1363 1363 1363 1363 1363
 22005 22005 22005 22005 22005 22005 22005 22005 22005 22005
 31922 31922 31922 31922 31922 31922 31922 31922 31922 31922
 15804 15804 15804 15804 15804 15804 15804 15804 15804 15804
 13577 13577 13577 13577 13577 13577 13577 13577 13577 13577
 8762 8762 8762 8762 8762 8762 8762 8762 8762 8762
 19857 19857 19857 19857 19857 19857 19857 19857 19857 19857
 9737 9737 9737 9737 9737 9737 9737 9737 9737 9737
 21158 21158 21158 21158 21158 21158 21158 21158 21158 21158
 26306 26306 26306 26306 26306 26306 26306 26306 26306 26306
 7536 7536 7536 7536 7536 7536 7536 7536 7536 7536
 20708 20708 20708 20708 20708 20708 20708 20708 20708 20708
 29133 29133 29133 29133 29133 29133 29133 29133 29133 29133
 9822 9822 9822 9822 9822 9822 9822 9822 9822 9822
 15271 15271 15271 15271 15271 15271 15271 15271 15271 15271
 9733 9733 9733 9733 9733 9733 9733 9733 9733 9733
 25811 25811 25811 25811 25811 25811 25811 25811 25811 25811
 2432 2432 2432 2432 2432 2432 2432 2432 2432 2432
 24525 24525 24525 24525 24525 24525 24525 24525 24525 24525
 26129 26129 26129 26129 26129 26129 26129 26129 26129 26129
 9276 9276 9276 9276 9276 9276 9276 9276 9276 9276
 9638 9638 9638 9638 9638 9638 9638 9638 9638 9638
 27490 27490 27490 27490 27490 27490 27490 27490 27490 27490
 13727 13727 13727 13727 13727 13727 13727 13727 13727 13727
 13909 13909 13909 13909 13909 13909 13909 13909 13909 13909
 10068 10068 10068 10068 10068 10068 10068 10068 10068 10068
 14344 14344 14344 14344 14344 14344 14344 14344 14344 14344
 24693 24693 24693 24693 24693 24693 24693 24693 24693 24693
 31296 31296 31296 31296 31296 31296 31296 31296 31296 31296
 23011 23011 23011 23011 23011 23011 23011 23011 23011 23011
 25541 25541 25541 25541 25541 25541 25541 25541 25541 25541
 30950 30950 30950 30950 30950 30950 30950 30950 30950 30950
 6715 6715 6715 6715 6715 6715 6715 6715 6715 6715
 23572 23572 23572 23572 23572 23572 23572 23572 23572 23572
 21141 21141 21141 21141 21141 21141 21141 21141 21141 21141
 2365 2365 2365 2365 2365 2365 2365 2365 2365 2365
 22850 22850 22850 22850 22850 22850 22850 22850 22850 22850
 13974 13974 13974 13974 13974 13974 13974 13974 13974 13974
 25545 25545 25545 25545 25545 25545 25545 25545 25545 25545
 21905 21905 21905 21905 21905 21905 21905 21905 21905 21905
 31270 31270 31270 31270 31270 31270 31270 31270 31270 31270
 6321 6321 6321 6321 6321 6321 6321 6321 6321 6321
 23603 23603 23603 23603 23603 23603 23603 23603 23603 23603
 14449 14449 14449 14449 14449 14449 14449 14449 14449 14449
 12125 12125 12125 12125 12125 12125 12125 12125 12125 12125
 8958 8958 8958 8958 8958 8958 8958 8958 8958 8958
 2058 2058 2058 2058 2058 2058 2058 2058 2058 2058
 1405 1405 1405 1405 1405 1405 1405 1405 1405 1405
 9874 9874 9874 9874 9874 9874 9874 9874 9874 9874
 28837 28837 28837 28837 28837 28837 28837 28837 28837 28837
 6569 6569 6569 6569 6569 6569 6569 6569 6569 6569
 32587 32587 32587 32587 32587 32587 32587 32587 32587 32587
 26568 26568 26568 26568 26568 26568 26568 26568 26568 26568
 21036 21036 21036 21036 21036 21036 21036 21036 21036 21036
 27273 27273 27273 27273 27273 27273 27273 27273 27273 27273
 26731 26731 26731 26731 26731 26731 26731 26731 26731 26731
 1137 1137 1137 1137 1137 1137 1137 1137 1137 1137
 17345 17345 17345 17345 17345 17345 17345 17345 17345 17345
 263 263 263 263 263 263 263 263 263 263
 18104 18104 18104 18104 18104 18104 18104 18104 18104 18104
 1427 1427 1427 1427 1427 1427 1427 1427 1427 1427
 21296 21296 21296 21296 21296 21296 21296 21296 21296 21296
 19400 19400 19400 19400 19400 19400 19400 19400 19400 19400
 30143 30143 30143 30143 30143 30143 30143 30143 30143 30143
 10651 10651 10651 10651 10651 10651 10651 10651 10651 10651
 9161 9161 9161 9161 9161 9161 9161 9161 9161 9161
 10332 10332 10332 10332 10332 10332 10332 10332 10332 10332
 21064 21064 21064 21064 21064 21064 21064 21064 21064 21064
 6689 6689 6689 6689 6689 6689 6689 6689 6689 6689
 12828 12828 12828 12828 12828 12828 12828 12828 12828 12828
 9491 9491 9491 9491 9491 9491 9491 9491 9491 9491
 9109 9109 9109 9109 9109 9109 9109 9109 9109 9109
 21814 21814 21814 21814 21814 21814 21814 21814 21814 21814
 6189 6189 6189 6189 6189 6189 6189 6189 6189 6189
 25098 25098 25098 25098 25098 25098 25098 25098 25098 25098
 12079 12079 12079 12079 12079 12079 12079 12079 12079 12079
 1204 1204 1204 1204 1204 1204 1204 1204 1204 1204
 4380 4380 4380 4380 4380 4380 4380 4380 4380 4380
 32637 32637 32637 32637 32637 32637 32637 32637 32637 32637
 8605 8605 8605 8605 8605 8605 8605 8605 8605 8605
 29331 29331 29331 29331 29331 29331 29331 29331 29331 29331
 21429 21429 21429 21429 21429 21429 21429 21429 21429 21429
 23894 23894 23894 23894 23894 23894 23894 23894 23894 23894
 30334 30334 30334 30334 30334 30334 30334 30334 30334 30334
 2130 2130 2130 2130 2130 2130 2130 2130 2130 2130
 24067 24067 24067 24067 24067 24067 24067 24067 24067 24067
 20584 20584 20584 20584 20584 20584 20584 20584 20584 20584
 32635 32635 32635 32635 32635 32635 32635 32635 32635 32635
 9513 9513 9513 9513 9513 9513 9513 9513 9513 9513
 27006 27006 27006 27006 27006 27006 27006 27006 27006 27006
 1612 1612 1612 1612 1612 1612 1612 1612 1612 1612
 5395 5395 5395 5395 5395 5395 5395 5395 5395 5395
 23562 23562 23562 23562 23562 23562 23562 23562 23562 23562
 17902 17902 17902 17902 17902 17902 17902 17902 17902 17902
 10969 10969 10969 10969 10969 10969 10969 10969 10969 10969
 19186 19186 19186 19186 19186 19186 19186 19186 19186 19186
 10622 10622 10622 10622 10622 10622 10622 10622 10622 10622
 14980 14980 14980 14980 14980 14980 14980 14980 14980 14980
 32033 32033 32033 32033 32033 32033 32033 32033 32033 32033
 14217 14217 14217 14217 14217 14217 14217 14217 14217 14217
 16670 16670 16670 16670 16670 16670 16670 16670 16670 16670
 25926 25926 25926 25926 25926 25926 25926 25926 25926 25926
 31258 31258 31258 31258 31258 31258 31258 31258 31258 31258
 4916 4916 4916 4916 4916 4916 4916 4916 4916 4916
 865 865 865 865 865 865 865 865 865 865
 31810 31810 31810 31810 31810 31810 31810 31810 31810 31810
 11385 11385 11385 11385 11385 11385 11385 11385 11385 11385
 3262 3262 3262 3262 3262 3262 3262 3262 3262 3262
 24044 24044 24044 24044 24044 24044 24044 24044 24044 24044
 1570 1570 1570 1570 1570 1570 1570 1570 1570 1570
 20771 20771 20771 20771 20771 20771 20771 20771 20771 20771
 29418 29418 29418 29418 29418 29418 29418 29418 29418 29418
 32475 32475 32475 32475 32475 32475 32475 32475 32475 32475
 4503 4503 4503 4503 4503 4503 4503 4503 4503 4503
 2636 2636 2636 2636 2636 2636 2636 2636 2636 2636
 11169 11169 11169 11169 11169 11169 11169 11169 11169 11169
 2735 2735 2735 2735 2735 2735 2735 2735 2735 2735
 4097 4097 4097 4097 4097 4097 4097 4097 4097 4097
 32139 32139 32139 32139 32139 32139 32139 32139 32139 32139
 301 301 301 301 301 301 301 301 301 301
 3273 3273 3273 3273 3273 3273 3273 3273 3273 3273
 13994 13994 13994 13994 13994 13994 13994 13994 13994 13994
 31091 31091 31091 31091 31091 31091 31091 31091 31091 31091
 7022 7022 7022 7022 7022 7022 7022 7022 7022 7022
 620 620 620 620 620 620 620 620 620 620
 14823 14823 14823 14823 14823 14823 14823 14823 14823 14823
 18337 18337 18337 18337 18337 18337 18337 18337 18337 18337
 19412 19412 19412 19412 19412 19412 19412 19412 19412 19412
 3978 3978 3978 3978 3978 3978 3978 3978 3978 3978
 29337 29337 29337 29337 29337 29337 29337 29337 29337 29337
 19753 19753 19753 19753 19753 19753 19753 19753 19753 19753
 26217 26217 26217 26217 26217 26217 26217 26217 26217 26217
 13442 13442 13442 13442 13442 13442 13442 13442 13442 13442
 5865 5865 5865 5865 5865 5865 5865 5865 5865 5865
 27516 27516 27516 27516 27516 27516 27516 27516 27516 27516
 16656 16656 16656 16656 16656 16656 16656 16656 16656 16656
 18367 18367 18367 18367 18367 18367 18367 18367 18367 18367
 9702 9702 9702 9702 9702 9702 9702 9702 9702 9702
 15812 15812 15812 15812 15812 15812 15812 15812 15812 15812
 16643 16643 16643 16643 16643 16643 16643 16643 16643 16643
 27670 27670 27670 27670 27670 27670 27670 27670 27670 27670
 15026 15026 15026 15026 15026 15026 15026 15026 15026 15026
 10858 10858 10858 10858 10858 10858 10858 10858 10858 10858
 15850 15850 15850 15850 15850 15850 15850 15850 15850 15850
 31696 31696 31696 31696 31696 31696 31696 31696 31696 31696
 26948 26948 26948 26948 26948 26948 26948 26948 26948 26948
 15217 15217 15217 15217 15217 15217 15217 15217 15217 15217
 16894 16894 16894 16894 16894 16894 16894 16894 16894 16894
 18009 18009 18009 18009 18009 18009 18009 18009 18009 18009
 15095 15095 15095 15095 15095 15095 15095 15095 15095 15095
 32493 32493 32493 32493 32493 32493 32493 32493 32493 32493
 18024 18024 18024 18024 18024 18024 18024 18024 18024 18024
 31047 31047 31047 31047 31047 31047 31047 31047 31047 31047
 24568 24568 24568 24568 24568 24568 24568 24568 24568 24568
 13897 13897 13897 13897 13897 13897 13897 13897 13897 13897
 20517 20517 20517 20517 20517 20517 20517 20517 20517 20517
 26707 26707 26707 26707 26707 26707 26707 26707 26707 26707
 20586 20586 20586 20586 20586 20586 20586 20586 20586 20586
 3853 3853 3853 3853 3853 3853 3853 3853 3853 3853
 20592 20592 20592 20592 20592 20592 20592 20592 20592 20592
 13137 13137 13137 13137 13137 13137 13137 13137 13137 13137
 16149 16149 16149 16149 16149 16149 16149 16149 16149 16149
 22979 22979 22979 22979 22979 22979 22979 22979 22979 22979
 28011 28011 28011 28011 28011 28011 28011 28011 28011 28011
 24428 24428 24428 24428 24428 24428 24428 24428 24428 24428
 27251 27251 27251 27251 27251 27251 27251 27251 27251 27251
 31127 31127 31127 31127 31127 31127 31127 31127 31127 31127
 27411 27411 27411 27411 27411 27411 27411 27411 27411 27411
 1881 1881 1881 1881 1881 1881 1881 1881 1881 1881
 4421 4421 4421 4421 4421 4421 4421 4421 4421 4421
 7617 7617 7617 7617 7617 7617 7617 7617 7617 7617
 6906 6906 6906 6906 6906 6906 6906 6906 6906 6906
 21149 21149 21149 21149 21149 21149 21149 21149 21149 21149
 30708 30708 30708 30708 30708 30708 30708 30708 30708 30708
 30278 30278 30278 30278 30278 30278 30278 30278 30278 30278
 9566 9566 9566 9566 9566 9566 9566 9566 9566 9566
 6054 6054 6054 6054 6054 6054 6054 6054 6054 6054
 27614 27614 27614 27614 27614 27614 27614 27614 27614 27614
 3342 3342 3342 3342 3342 3342 3342 3342 3342 3342
 18515 18515 18515 18515 18515 18515 18515 18515 18515 18515
 7716 7716 7716 7716 7716 7716 7716 7716 7716 7716
 4591 4591 4591 4591 4591 4591 4591 4591 4591 4591
 10016 10016 10016 10016 10016 10016 10016 10016 10016 10016
 25848 25848 25848 25848 25848 25848 25848 25848 25848 25848
 2809 2809 2809 2809 2809 2809 2809 2809 2809 2809
 15614 15614 15614 15614 15614 15614 15614 15614 15614 15614
 9459 9459 9459 9459 9459 9459 9459 9459 9459 9459
 6996 6996 6996 6996 6996 6996 6996 6996 6996 6996
 24735 24735 24735 24735 24735 24735 24735 24735 24735 24735
 12874 12874 12874 12874 12874 12874 12874 12874 12874 12874
 15073 15073 15073 15073 15073 15073 15073 15073 15073 15073
 15620 15620 15620 15620 15620 15620 15620 15620 15620 15620
 77 77 77 77 77 77 77 77 77 77
 27425 27425 27425 27425 27425 27425 27425 27425 27425 27425
 26563 26563 26563 26563 26563 26563 26563 26563 26563 26563
 32365 32365 32365 32365 32365 32365 32365 32365 32365 32365
 31958 31958 31958 31958 31958 31958 31958 31958 31958 31958
 2333 2333 2333 2333 2333 2333 2333 2333 2333 2333
 31795 31795 31795 31795 31795 31795 31795 31795 31795 31795
 10344 10344 10344 10344 10344 10344 10344 10344 10344 10344
 31805 31805 31805 31805 31805 31805 31805 31805 31805 31805
 26027 26027 26027 26027 26027 26027 26027 26027 26027 26027
 6050 6050 6050 6050 6050 6050 6050 6050 6050 6050
 12699 12699 12699 12699 12699 12699 12699 12699 12699 12699
 29774 29774 29774 29774 29774 29774 29774 29774 29774 29774
 21032 21032 21032 21032 21032 21032 21032 21032 21032 21032
 30710 30710 30710 30710 30710 30710 30710 30710 30710 30710
 28218 28218 28218 28218 28218 28218 28218 28218 28218 28218
 16225 16225 16225 16225 16225 16225 16225 16225 16225 16225
 20003 20003 20003 20003 20003 20003 20003 20003 20003 20003
 4944 4944 4944 4944 4944 4944 4944 4944 4944 4944
 3874 3874 3874 3874 3874 3874 3874 3874 3874 3874
 17009 17009 17009 17009 17009 17009 17009 17009 17009 17009
 10184 10184 10184 10184 10184 10184 10184 10184 10184 10184
 23673 23673 23673 23673 23673 23673 23673 23673 23673 23673
 18940 18940 18940 18940 18940 18940 18940 18940 18940 18940
 32161 32161 32161 32161 32161 32161 32161 32161 32161 32161
 7897 7897 7897 7897 7897 7897 7897 7897 7897 7897
 28623 28623 28623 28623 28623 28623 28623 28623 28623 28623
 8135 8135 8135 8135 8135 8135 8135 8135 8135 8135
 27638 27638 27638 27638 27638 27638 27638 27638 27638 27638
 6474 6474 6474 6474 6474 6474 6474 6474 6474 6474
 5384 5384 5384 5384 5384 5384 5384 5384 5384 5384
 7081 7081 7081 7081 7081 7081 7081 7081 7081 7081
 8185 8185 8185 8185 8185 8185 8185 8185 8185 8185
 26508 26508 26508 26508 26508 26508 26508 26508 26508 26508
 15061 15061 15061 15061 15061 15061 15061 15061 15061 15061
 5365 5365 5365 5365 5365 5365 5365 5365 5365 5365
 15254 15254 15254 15254 15254 15254 15254 15254 15254 15254
 14730 14730 14730 14730 14730 14730 14730 14730 14730 14730
 19878 19878 19878 19878 19878 19878 19878 19878 19878 19878
 4837 4837 4837 4837 4837 4837 4837 4837 4837 4837
 7883 7883 7883 7883 7883 7883 7883 7883 7883 7883
 24729 24729 24729 24729 24729 24729 24729 24729 24729 24729
 13006 13006 13006 13006 13006 13006 13006 13006 13006 13006
 17420 17420 17420 17420 17420 17420 17420 17420 17420 17420
 8131 8131 8131 8131 8131 8131 8131 8131 8131 8131
 26691 26691 26691 26691 26691 26691 26691 26691 26691 26691
 15497 15497 15497 15497 15497 15497 15497 15497 15497 15497
 26090 26090 26090 26090 26090 26090 26090 26090 26090 26090
 7030 7030 7030 7030 7030 7030 7030 7030 7030 7030
 6683 6683 6683 6683 6683 6683 6683 6683 6683 6683
 1587 1587 1587 1587 1587 1587 1587 1587 1587 1587
 21638 21638 21638 21638 21638 21638 21638 21638 21638 21638
 31241 31241 31241 31241 31241 31241 31241 31241 31241 31241
 11291 11291 11291 11291 11291 11291 11291 11291 11291 11291
 19591 19591 19591 19591 19591 19591 19591 19591 19591 19591
 29870 29870 29870 29870 29870 29870 29870 29870 29870 29870
 5463 5463 5463 5463 5463 5463 5463 5463 5463 5463
 20159 20159 20159 20159 20159 20159 20159 20159 20159 20159
 10332 10332 10332 10332 10332 10332 10332 10332 10332 10332
 1839 1839 1839 1839 1839 1839 1839 1839 1839 1839
 19110 19110 19110 19110 19110 19110 19110 19110 19110 19110
 5012 5012 5012 5012 5012 5012 5012 5012 5012 5012
 4733 4733 4733 4733 4733 4733 4733 4733 4733 4733
 5998 5998 5998 5998 5998 5998 5998 5998 5998 5998
 22328 22328 22328 22328 22328 22328 22328 22328 22328 22328
 18612 18612 18612 18612 18612 18612 18612 18612 18612 18612
 30565 30565 30565 30565 30565 30565 30565 30565 30565 30565
 10896 10896 10896 10896 10896 10896 10896 10896 10896 10896
 7664 7664 7664 7664 7664 7664 7664 7664 7664 7664
 16216 16216 16216 16216 16216 16216 16216 16216 16216 16216
 28023 28023 28023 28023 28023 28023 28023 28023 28023 28023
 23316 23316 23316 23316 23316 23316 23316 23316 23316 23316
 20110 20110 20110 20110 20110 20110 20110 20110 20110 20110
 29801 29801 29801 29801 29801 29801 29801 29801 29801 29801
 21846 21846 21846 21846 21846 21846 21846 21846 21846 21846
 21415 21415 21415 21415 21415 21415 21415 21415 21415 21415
 19612 19612 19612 19612 19612 19612 19612 19612 19612 19612
 17418 17418 17418 17418 17418 17418 17418 17418 17418 17418
 16380 16380 16380 16380 16380 16380 16380 16380 16380 16380
 418 418 418 418 418 418 418 418 418 418
 2310 2310 2310 2310 2310 2310 2310 2310 2310 2310
 3004 3004 3004 3004 3004 3004 3004 3004 3004 3004
