6.2440025192750416e19
3.318265054217486e20
2.377271924080615e19
9.54662649858047e18
1.000236946064195e20
1.1033625652904847e19
5.964132166338105e19
5.0339979363165313e20
2.1585013083256435e19
6.21935854903515e18
4.4417459333452496e16
3.3309411029726004e16
1.2807460624754177e20
5.537447116923853e19
1.9560221451744307e20
3.684522484877257e16
3.512091334176225e15
1.4668253837247783e20
7.684009946773418e18
2.3589135699768295e20
1.2937195611686207e20
3.5913223923537635e20
1.3256369189943638e20
2.080649793664381e20
4.998569976371991e19
2.7402363625263194e19
2.3339918481440968e20
1.533441390009876e15
6.823300644477708e19
3.5891826504568304e19
1.6818443449067654e20
4.643164763904801e20
2.405967502897009e20
2.804529217921992e17
2.1062535085703647e19
3.880905358992777e18
7.60755738688971e20
2.9161848693215206e20
5.431830454299113e20
2.9274461477017993e20
9.434200496002492e19
6.245541588167192e19
2.220915164708668e19
2.988472843584e16
6.067556766067927e20
2.984487050714561e19
6.3610036087221e15
5.207761056926223e20
3.263131344357481e20
2.809627056506915e20
2.5700945553620763e19
8.121899151397606e20
5.0382358164e10
3.7558262324951515e20
5.950018057176081e15
4.00409827326281e20
8.32832484544761e20
2.358496579776133e20
2.8634072151031165e19
4.614237203575829e19
1.9136118655304614e20
2.7886813577083142e19
3.788254239995213e19
3.377068331481e12
1.608963418682863e20
3.631017742414919e19
1.416102180116537e20
2.6366634418056084e16
2.889873045445272e20
2.3436173341770204e18
1.377374902718132e19
9.413245509495467e19
5.039730909963653e18
1.9028986536726036e19
1.4093518036617712e19
2.057647176160105e17
2.45381677056e11
5.264191109298371e19
7.1596626874457344e16
6.32093061289937e18
2.4995694615665892e20
3.0287560276522967e18
8.378921729280648e20
1.671836276942994e20
1.301711010275582e20
2.4530936419300557e18
3.2519753499613004e20
1.5782004839478198e20
1.3002875115105688e19
3.374094482897409e20
3.2342036432805187e18
2.484794257123916e20
3.45998949501789e20
3.0486794330262096e16
6.337916899718469e20
9.086766973252184e19
9.70538058544706e17
3.583327243331051e20
8.241194681885003e19
1.326990783889296e20
5.032743415795118e18
2.7506652650739217e20
4.598267372963642e18
4.282061655692053e20
5.891607267551892e19
7.474956108349285e20
1.1025239447837792e19
1.9352958001799746e19
2.1223303280731265e20
8.359035301359936e17
1.3086138409387546e17
1.0570676812740113e20
7.151440998766931e19
3.3795520842159043e20
3.8084108010772496e16
5.260130278079698e19
1.0854422125967899e20
3.454434737860097e20
4.6841867851600953e20
5.593404826656317e20
5.899093660091323e20
2.1377624252379455e19
1.4739428008995725e18
2.2237516953943736e19
7.949371473119357e20
9.78934681020919e19
1.9972160938065882e18
3.5713595591111515e20
5.981623446947919e20
7.892499687821274e19
4.660166165541051e16
1.4729673090469613e20
6.193026464610247e20
4.899675226367961e15
5.7292936060436546e20
2.15534873427273e18
1.9004568881971505e20
4.2306269724880175e19
1.0107255961397234e21
1.6136634060691754e20
4.196622148373101e20
4.412783343917929e19
7.623627475291022e20
2.234271840645503e20
1.636366839189177e20
2.0011599339188764e16
4.226249984510163e20
8.058374842049713e18
8.657467175347894e20
1.0370594842478522e21
4.282061655692053e20
5.602424596852249e19
1.0044068805103008e20
1.1371308710333745e20
3.6819015460431115e20
2.6428191695936627e19
2.930879957905197e20
4.399256483874169e18
5.409189421886613e19
1.1359250698861691e20
1.682190688002427e17
7.978973033969122e16
1.334319582875492e20
7.896529335472106e17
5.183419926843981e19
6.986461095009803e18
8.090323600384869e20
1.674336829696552e18
3.056340574845441e15
7.701321152315936e20
1.0163294761848113e20
8.898557922409684e17
1.5153053002607726e20
6.419725864459942e19
2.7609746106003708e20
7.963902480823124e20
7.176459229514414e20
3.297843782017794e20
2.207765085480562e16
1.1567103170245e18
8.3047200939788e20
1.4003026216776815e19
3.354877011053889e15
1.3803264016820293e20
9.45489071347812e16
3.557151430786513e20
1.291769210606295e19
1.773615301616771e20
1.4018077838039093e19
1.3940483481428956e20
4.8637493377151795e17
4.0865882551699636e20
3.540246960723756e18
4.506109168559721e20
1.6948256082283996e18
2.069286617331457e20
1.6833295246262757e19
1.6123329559502426e17
3.7466700012002396e18
4.808884951411449e20
9.371883660150332e20
2.2458073624238413e17
9.985479929838022e16
3.0848129554227144e18
2.0872996773332724e16
6.761999859170871e17
3.304953837935556e18
8.171630894011226e18
4.1440426523237857e18
1.7461652675186593e20
8.255665897556743e18
1.1208164703879926e18
1.0393646925188003e20
3.013449498246622e16
3.666203594868463e20
1.871544413337919e20
4.268680754222099e19
8.317589183739665e20
1.9225389443725227e20
1.8065031061129318e20
2.8224639761443103e19
7.633409785017862e19
5.09687591450609e20
1.0221371689332326e17
7.820509993657304e20
8.636594531837182e19
4.0455018920553126e17
5.2129273048221295e19
2.1169421182348712e20
2.4327866844323466e18
1.6540343819353513e18
7.33196908874705e17
9.738589163014347e20
1.0694553970762174e20
1.7827241541051223e20
2.988472843584e16
9.013353569691616e20
2.1633620138758955e19
1.105461209619874e19
3.317849580297451e19
5.5481223729271276e20
4.549632177121409e20
1.009856528609226e21
3.313883502722195e17
2.48436068632434e20
1.4804410430887004e18
4.5635574834931697e18
2.7013970490094164e20
9.986132014361897e17
8.066183850761961e17
6.976844816866683e20
6.331793097644746e20
1.1911434957125224e20
8.844540835167681e19
7.547436958972104e18
7.114841189362332e17
7.830309315496677e19
5.458382853209876e20
2.2897450934845034e19
8.038511348515938e18
8.55399208560911e20
1.1378548123581055e20
9.987039322502624e19
6.987196216896123e20
4.078408159598331e20
3.646414262516134e19
1.5249031661361765e20
2.90934610458586e20
6.678893608893329e20
3.797969425576831e20
3.290343967720497e20
3.218678948118464e20
8.163773213938246e19
2.30515214544e17
5.2035249647323914e19
8.05008978885456e14
8.40345563616749e19
5.640828890307424e19
2.441310212707213e19
1.63181177178764e17
8.860477965769545e20
4.128624930936603e16
3.682529869466401e19
3.1718669994010423e19
9.12484417016062e18
4.42465722870095e19
3.654129978482049e15
1.199157257779802e20
8.575929957788554e20
8.390796769490985e20
2.0135376036385312e20
3.7652925221407346e20
4.584869658529344e19
1.47150319971225e20
1.3376879497400687e19
1.7840081517972227e18
4.7955154121926566e17
9.944670748612069e17
3.09826361895184e20
7.086916492903753e19
