 16230 16230 16230 16230 16230 16230 16230 16230 16230 16230
 24642 24642 24642 24642 24642 24642 24642 24642 24642 24642
 12749 12749 12749 12749 12749 12749 12749 12749 12749 12749
 10149 10149 10149 10149 10149 10149 10149 10149 10149 10149
 18259 18259 18259 18259 18259 18259 18259 18259 18259 18259
 10523 10523 10523 10523 10523 10523 10523 10523 10523 10523
 16045 16045 16045 16045 16045 16045 16045 16045 16045 16045
 27348 27348 27348 27348 27348 27348 27348 27348 27348 27348
 12445 12445 12445 12445 12445 12445 12445 12445 12445 12445
 9118 9118 9118 9118 9118 9118 9118 9118 9118 9118
 2651 2651 2651 2651 2651 2651 2651 2651 2651 2651
 2467 2467 2467 2467 2467 2467 2467 2467 2467 2467
 19423 19423 19423 19423 19423 19423 19423 19423 19423 19423
 15750 15750 15750 15750 15750 15750 15750 15750 15750 15750
 21592 21592 21592 21592 21592 21592 21592 21592 21592 21592
 2530 2530 2530 2530 2530 2530 2530 2530 2530 2530
 1406 1406 1406 1406 1406 1406 1406 1406 1406 1406
 20093 20093 20093 20093 20093 20093 20093 20093 20093 20093
 9613 9613 9613 9613 9613 9613 9613 9613 9613 9613
 22627 22627 22627 22627 22627 22627 22627 22627 22627 22627
 19472 19472 19472 19472 19472 19472 19472 19472 19472 19472
 25134 25134 25134 25134 25134 25134 25134 25134 25134 25134
 19591 19591 19591 19591 19591 19591 19591 19591 19591 19591
 21928 21928 21928 21928 21928 21928 21928 21928 21928 21928
 15352 15352 15352 15352 15352 15352 15352 15352 15352 15352
 13210 13210 13210 13210 13210 13210 13210 13210 13210 13210
 22567 22567 22567 22567 22567 22567 22567 22567 22567 22567
 1143 1143 1143 1143 1143 1143 1143 1143 1143 1143
 16594 16594 16594 16594 16594 16594 16594 16594 16594 16594
 14132 14132 14132 14132 14132 14132 14132 14132 14132 14132
 20792 20792 20792 20792 20792 20792 20792 20792 20792 20792
 26801 26801 26801 26801 26801 26801 26801 26801 26801 26801
 22739 22739 22739 22739 22739 22739 22739 22739 22739 22739
 4202 4202 4202 4202 4202 4202 4202 4202 4202 4202
 12369 12369 12369 12369 12369 12369 12369 12369 12369 12369
 8104 8104 8104 8104 8104 8104 8104 8104 8104 8104
 30322 30322 30322 30322 30322 30322 30322 30322 30322 30322
 23859 23859 23859 23859 23859 23859 23859 23859 23859 23859
 27873 27873 27873 27873 27873 27873 27873 27873 27873 27873
 23882 23882 23882 23882 23882 23882 23882 23882 23882 23882
 17994 17994 17994 17994 17994 17994 17994 17994 17994 17994
 16231 16231 16231 16231 16231 16231 16231 16231 16231 16231
 12534 12534 12534 12534 12534 12534 12534 12534 12534 12534
 2401 2401 2401 2401 2401 2401 2401 2401 2401 2401
 28655 28655 28655 28655 28655 28655 28655 28655 28655 28655
 13495 13495 13495 13495 13495 13495 13495 13495 13495 13495
 1631 1631 1631 1631 1631 1631 1631 1631 1631 1631
 27581 27581 27581 27581 27581 27581 27581 27581 27581 27581
 24539 24539 24539 24539 24539 24539 24539 24539 24539 24539
 23638 23638 23638 23638 23638 23638 23638 23638 23638 23638
 13000 13000 13000 13000 13000 13000 13000 13000 13000 13000
 30822 30822 30822 30822 30822 30822 30822 30822 30822 30822
 87 87 87 87 87 87 87 87 87 87
 25417 25417 25417 25417 25417 25417 25417 25417 25417 25417
 1604 1604 1604 1604 1604 1604 1604 1604 1604 1604
 25827 25827 25827 25827 25827 25827 25827 25827 25827 25827
 31016 31016 31016 31016 31016 31016 31016 31016 31016 31016
 22626 22626 22626 22626 22626 22626 22626 22626 22626 22626
 13356 13356 13356 13356 13356 13356 13356 13356 13356 13356
 15048 15048 15048 15048 15048 15048 15048 15048 15048 15048
 21474 21474 21474 21474 21474 21474 21474 21474 21474 21474
 13268 13268 13268 13268 13268 13268 13268 13268 13268 13268
 14324 14324 14324 14324 14324 14324 14324 14324 14324 14324
 248 248 248 248 248 248 248 248 248 248
 20563 20563 20563 20563 20563 20563 20563 20563 20563 20563
 14173 14173 14173 14173 14173 14173 14173 14173 14173 14173
 19917 19917 19917 19917 19917 19917 19917 19917 19917 19917
 2327 2327 2327 2327 2327 2327 2327 2327 2327 2327
 23805 23805 23805 23805 23805 23805 23805 23805 23805 23805
 7144 7144 7144 7144 7144 7144 7144 7144 7144 7144
 11123 11123 11123 11123 11123 11123 11123 11123 11123 11123
 17984 17984 17984 17984 17984 17984 17984 17984 17984 17984
 8651 8651 8651 8651 8651 8651 8651 8651 8651 8651
 12059 12059 12059 12059 12059 12059 12059 12059 12059 12059
 11187 11187 11187 11187 11187 11187 11187 11187 11187 11187
 3889 3889 3889 3889 3889 3889 3889 3889 3889 3889
 129 129 129 129 129 129 129 129 129 129
 15552 15552 15552 15552 15552 15552 15552 15552 15552 15552
 2987 2987 2987 2987 2987 2987 2987 2987 2987 2987
 9155 9155 9155 9155 9155 9155 9155 9155 9155 9155
 22957 22957 22957 22957 22957 22957 22957 22957 22957 22957
 7617 7617 7617 7617 7617 7617 7617 7617 7617 7617
 31063 31063 31063 31063 31063 31063 31063 31063 31063 31063
 20761 20761 20761 20761 20761 20761 20761 20761 20761 20761
 19502 19502 19502 19502 19502 19502 19502 19502 19502 19502
 7226 7226 7226 7226 7226 7226 7226 7226 7226 7226
 24518 24518 24518 24518 24518 24518 24518 24518 24518 24518
 20464 20464 20464 20464 20464 20464 20464 20464 20464 20464
 10964 10964 10964 10964 10964 10964 10964 10964 10964 10964
 24745 24745 24745 24745 24745 24745 24745 24745 24745 24745
 7743 7743 7743 7743 7743 7743 7743 7743 7743 7743
 22923 22923 22923 22923 22923 22923 22923 22923 22923 22923
 24901 24901 24901 24901 24901 24901 24901 24901 24901 24901
 2413 2413 2413 2413 2413 2413 2413 2413 2413 2413
 28969 28969 28969 28969 28969 28969 28969 28969 28969 28969
 17826 17826 17826 17826 17826 17826 17826 17826 17826 17826
 5731 5731 5731 5731 5731 5731 5731 5731 5731 5731
 25120 25120 25120 25120 25120 25120 25120 25120 25120 25120
 17396 17396 17396 17396 17396 17396 17396 17396 17396 17396
 19596 19596 19596 19596 19596 19596 19596 19596 19596 19596
 8648 8648 8648 8648 8648 8648 8648 8648 8648 8648
 23513 23513 23513 23513 23513 23513 23513 23513 23513 23513
 8455 8455 8455 8455 8455 8455 8455 8455 8455 8455
 26264 26264 26264 26264 26264 26264 26264 26264 26264 26264
 15996 15996 15996 15996 15996 15996 15996 15996 15996 15996
 30189 30189 30189 30189 30189 30189 30189 30189 30189 30189
 10521 10521 10521 10521 10521 10521 10521 10521 10521 10521
 12110 12110 12110 12110 12110 12110 12110 12110 12110 12110
 22037 22037 22037 22037 22037 22037 22037 22037 22037 22037
 5521 5521 5521 5521 5521 5521 5521 5521 5521 5521
 3473 3473 3473 3473 3473 3473 3473 3473 3473 3473
 18513 18513 18513 18513 18513 18513 18513 18513 18513 18513
 16790 16790 16790 16790 16790 16790 16790 16790 16790 16790
 24755 24755 24755 24755 24755 24755 24755 24755 24755 24755
 2551 2551 2551 2551 2551 2551 2551 2551 2551 2551
 15549 15549 15549 15549 15549 15549 15549 15549 15549 15549
 18636 18636 18636 18636 18636 18636 18636 18636 18636 18636
 24891 24891 24891 24891 24891 24891 24891 24891 24891 24891
 26860 26860 26860 26860 26860 26860 26860 26860 26860 26860
 28078 28078 28078 28078 28078 28078 28078 28078 28078 28078
 28454 28454 28454 28454 28454 28454 28454 28454 28454 28454
 12415 12415 12415 12415 12415 12415 12415 12415 12415 12415
 6362 6362 6362 6362 6362 6362 6362 6362 6362 6362
 12538 12538 12538 12538 12538 12538 12538 12538 12538 12538
 30657 30657 30657 30657 30657 30657 30657 30657 30657 30657
 18161 18161 18161 18161 18161 18161 18161 18161 18161 18161
 6864 6864 6864 6864 6864 6864 6864 6864 6864 6864
 25099 25099 25099 25099 25099 25099 25099 25099 25099 25099
 28553 28553 28553 28553 28553 28553 28553 28553 28553 28553
 17209 17209 17209 17209 17209 17209 17209 17209 17209 17209
 2683 2683 2683 2683 2683 2683 2683 2683 2683 2683
 20114 20114 20114 20114 20114 20114 20114 20114 20114 20114
 28802 28802 28802 28802 28802 28802 28802 28802 28802 28802
 1528 1528 1528 1528 1528 1528 1528 1528 1528 1528
 28247 28247 28247 28247 28247 28247 28247 28247 28247 28247
 6996 6996 6996 6996 6996 6996 6996 6996 6996 6996
 21437 21437 21437 21437 21437 21437 21437 21437 21437 21437
 14725 14725 14725 14725 14725 14725 14725 14725 14725 14725
 32554 32554 32554 32554 32554 32554 32554 32554 32554 32554
 20578 20578 20578 20578 20578 20578 20578 20578 20578 20578
 26132 26132 26132 26132 26132 26132 26132 26132 26132 26132
 14881 14881 14881 14881 14881 14881 14881 14881 14881 14881
 30338 30338 30338 30338 30338 30338 30338 30338 30338 30338
 22322 22322 22322 22322 22322 22322 22322 22322 22322 22322
 20650 20650 20650 20650 20650 20650 20650 20650 20650 20650
 2172 2172 2172 2172 2172 2172 2172 2172 2172 2172
 26178 26178 26178 26178 26178 26178 26178 26178 26178 26178
 9728 9728 9728 9728 9728 9728 9728 9728 9728 9728
 31318 31318 31318 31318 31318 31318 31318 31318 31318 31318
 32764 32764 32764 32764 32764 32764 32764 32764 32764 32764
 26264 26264 26264 26264 26264 26264 26264 26264 26264 26264
 15796 15796 15796 15796 15796 15796 15796 15796 15796 15796
 18278 18278 18278 18278 18278 18278 18278 18278 18278 18278
 18854 18854 18854 18854 18854 18854 18854 18854 18854 18854
 25291 25291 25291 25291 25291 25291 25291 25291 25291 25291
 13091 13091 13091 13091 13091 13091 13091 13091 13091 13091
 23889 23889 23889 23889 23889 23889 23889 23889 23889 23889
 8362 8362 8362 8362 8362 8362 8362 8362 8362 8362
 15658 15658 15658 15658 15658 15658 15658 15658 15658 15658
 18849 18849 18849 18849 18849 18849 18849 18849 18849 18849
 3698 3698 3698 3698 3698 3698 3698 3698 3698 3698
 3069 3069 3069 3069 3069 3069 3069 3069 3069 3069
 19623 19623 19623 19623 19623 19623 19623 19623 19623 19623
 5443 5443 5443 5443 5443 5443 5443 5443 5443 5443
 15492 15492 15492 15492 15492 15492 15492 15492 15492 15492
 9387 9387 9387 9387 9387 9387 9387 9387 9387 9387
 30792 30792 30792 30792 30792 30792 30792 30792 30792 30792
 6568 6568 6568 6568 6568 6568 6568 6568 6568 6568
 1358 1358 1358 1358 1358 1358 1358 1358 1358 1358
 30415 30415 30415 30415 30415 30415 30415 30415 30415 30415
 18332 18332 18332 18332 18332 18332 18332 18332 18332 18332
 5608 5608 5608 5608 5608 5608 5608 5608 5608 5608
 20257 20257 20257 20257 20257 20257 20257 20257 20257 20257
 16343 16343 16343 16343 16343 16343 16343 16343 16343 16343
 23535 23535 23535 23535 23535 23535 23535 23535 23535 23535
 30671 30671 30671 30671 30671 30671 30671 30671 30671 30671
 29883 29883 29883 29883 29883 29883 29883 29883 29883 29883
 24604 24604 24604 24604 24604 24604 24604 24604 24604 24604
 2226 2226 2226 2226 2226 2226 2226 2226 2226 2226
 5988 5988 5988 5988 5988 5988 5988 5988 5988 5988
 30994 30994 30994 30994 30994 30994 30994 30994 30994 30994
 11169 11169 11169 11169 11169 11169 11169 11169 11169 11169
 1390 1390 1390 1390 1390 1390 1390 1390 1390 1390
 19790 19790 19790 19790 19790 19790 19790 19790 19790 19790
 3202 3202 3202 3202 3202 3202 3202 3202 3202 3202
 25074 25074 25074 25074 25074 25074 25074 25074 25074 25074
 10946 10946 10946 10946 10946 10946 10946 10946 10946 10946
 21070 21070 21070 21070 21070 21070 21070 21070 21070 21070
 11172 11172 11172 11172 11172 11172 11172 11172 11172 11172
 19839 19839 19839 19839 19839 19839 19839 19839 19839 19839
 4822 4822 4822 4822 4822 4822 4822 4822 4822 4822
 25959 25959 25959 25959 25959 25959 25959 25959 25959 25959
 7920 7920 7920 7920 7920 7920 7920 7920 7920 7920
 26601 26601 26601 26601 26601 26601 26601 26601 26601 26601
 6588 6588 6588 6588 6588 6588 6588 6588 6588 6588
 21898 21898 21898 21898 21898 21898 21898 21898 21898 21898
 11695 11695 11695 11695 11695 11695 11695 11695 11695 11695
 3659 3659 3659 3659 3659 3659 3659 3659 3659 3659
 8033 8033 8033 8033 8033 8033 8033 8033 8033 8033
 27037 27037 27037 27037 27037 27037 27037 27037 27037 27037
 31945 31945 31945 31945 31945 31945 31945 31945 31945 31945
 3975 3975 3975 3975 3975 3975 3975 3975 3975 3975
 3246 3246 3246 3246 3246 3246 3246 3246 3246 3246
 7652 7652 7652 7652 7652 7652 7652 7652 7652 7652
 2195 2195 2195 2195 2195 2195 2195 2195 2195 2195
 5236 5236 5236 5236 5236 5236 5236 5236 5236 5236
 7785 7785 7785 7785 7785 7785 7785 7785 7785 7785
 9762 9762 9762 9762 9762 9762 9762 9762 9762 9762
 8238 8238 8238 8238 8238 8238 8238 8238 8238 8238
 20988 20988 20988 20988 20988 20988 20988 20988 20988 20988
 9787 9787 9787 9787 9787 9787 9787 9787 9787 9787
 5941 5941 5941 5941 5941 5941 5941 5941 5941 5941
 18435 18435 18435 18435 18435 18435 18435 18435 18435 18435
 2406 2406 2406 2406 2406 2406 2406 2406 2406 2406
 25264 25264 25264 25264 25264 25264 25264 25264 25264 25264
 21355 21355 21355 21355 21355 21355 21355 21355 21355 21355
 14758 14758 14758 14758 14758 14758 14758 14758 14758 14758
 31006 31006 31006 31006 31006 31006 31006 31006 31006 31006
 21499 21499 21499 21499 21499 21499 21499 21499 21499 21499
 21167 21167 21167 21167 21167 21167 21167 21167 21167 21167
 13308 13308 13308 13308 13308 13308 13308 13308 13308 13308
 17066 17066 17066 17066 17066 17066 17066 17066 17066 17066
 27433 27433 27433 27433 27433 27433 27433 27433 27433 27433
 3265 3265 3265 3265 3265 3265 3265 3265 3265 3265
 30532 30532 30532 30532 30532 30532 30532 30532 30532 30532
 17601 17601 17601 17601 17601 17601 17601 17601 17601 17601
 4605 4605 4605 4605 4605 4605 4605 4605 4605 4605
 15514 15514 15514 15514 15514 15514 15514 15514 15514 15514
 22023 22023 22023 22023 22023 22023 22023 22023 22023 22023
 7211 7211 7211 7211 7211 7211 7211 7211 7211 7211
 6548 6548 6548 6548 6548 6548 6548 6548 6548 6548
 5343 5343 5343 5343 5343 5343 5343 5343 5343 5343
 32253 32253 32253 32253 32253 32253 32253 32253 32253 32253
 18567 18567 18567 18567 18567 18567 18567 18567 18567 18567
 21097 21097 21097 21097 21097 21097 21097 21097 21097 21097
 2401 2401 2401 2401 2401 2401 2401 2401 2401 2401
 31635 31635 31635 31635 31635 31635 31635 31635 31635 31635
 12452 12452 12452 12452 12452 12452 12452 12452 12452 12452
 10528 10528 10528 10528 10528 10528 10528 10528 10528 10528
 13857 13857 13857 13857 13857 13857 13857 13857 13857 13857
 28021 28021 28021 28021 28021 28021 28021 28021 28021 28021
 26665 26665 26665 26665 26665 26665 26665 26665 26665 26665
 32547 32547 32547 32547 32547 32547 32547 32547 32547 32547
 4381 4381 4381 4381 4381 4381 4381 4381 4381 4381
 22922 22922 22922 22922 22922 22922 22922 22922 22922 22922
 6369 6369 6369 6369 6369 6369 6369 6369 6369 6369
 8439 8439 8439 8439 8439 8439 8439 8439 8439 8439
 23407 23407 23407 23407 23407 23407 23407 23407 23407 23407
 5772 5772 5772 5772 5772 5772 5772 5772 5772 5772
 5472 5472 5472 5472 5472 5472 5472 5472 5472 5472
 29673 29673 29673 29673 29673 29673 29673 29673 29673 29673
 28962 28962 28962 28962 28962 28962 28962 28962 28962 28962
 19074 19074 19074 19074 19074 19074 19074 19074 19074 19074
 17706 17706 17706 17706 17706 17706 17706 17706 17706 17706
 9570 9570 9570 9570 9570 9570 9570 9570 9570 9570
 5303 5303 5303 5303 5303 5303 5303 5303 5303 5303
 17175 17175 17175 17175 17175 17175 17175 17175 17175 17175
 27907 27907 27907 27907 27907 27907 27907 27907 27907 27907
 12630 12630 12630 12630 12630 12630 12630 12630 12630 12630
 9722 9722 9722 9722 9722 9722 9722 9722 9722 9722
 31224 31224 31224 31224 31224 31224 31224 31224 31224 31224
 18857 18857 18857 18857 18857 18857 18857 18857 18857 18857
 18252 18252 18252 18252 18252 18252 18252 18252 18252 18252
 29684 29684 29684 29684 29684 29684 29684 29684 29684 29684
 25946 25946 25946 25946 25946 25946 25946 25946 25946 25946
 14188 14188 14188 14188 14188 14188 14188 14188 14188 14188
 20289 20289 20289 20289 20289 20289 20289 20289 20289 20289
 23845 23845 23845 23845 23845 23845 23845 23845 23845 23845
 29351 29351 29351 29351 29351 29351 29351 29351 29351 29351
 25488 25488 25488 25488 25488 25488 25488 25488 25488 25488
 24590 24590 24590 24590 24590 24590 24590 24590 24590 24590
 24455 24455 24455 24455 24455 24455 24455 24455 24455 24455
 17355 17355 17355 17355 17355 17355 17355 17355 17355 17355
 4001 4001 4001 4001 4001 4001 4001 4001 4001 4001
 15507 15507 15507 15507 15507 15507 15507 15507 15507 15507
 973 973 973 973 973 973 973 973 973 973
 17481 17481 17481 17481 17481 17481 17481 17481 17481 17481
 15823 15823 15823 15823 15823 15823 15823 15823 15823 15823
 12834 12834 12834 12834 12834 12834 12834 12834 12834 12834
 3670 3670 3670 3670 3670 3670 3670 3670 3670 3670
 31500 31500 31500 31500 31500 31500 31500 31500 31500 31500
 2603 2603 2603 2603 2603 2603 2603 2603 2603 2603
 14223 14223 14223 14223 14223 14223 14223 14223 14223 14223
 13702 13702 13702 13702 13702 13702 13702 13702 13702 13702
 10035 10035 10035 10035 10035 10035 10035 10035 10035 10035
 14891 14891 14891 14891 14891 14891 14891 14891 14891 14891
 1420 1420 1420 1420 1420 1420 1420 1420 1420 1420
 19106 19106 19106 19106 19106 19106 19106 19106 19106 19106
 31244 31244 31244 31244 31244 31244 31244 31244 31244 31244
 31074 31074 31074 31074 31074 31074 31074 31074 31074 31074
 21749 21749 21749 21749 21749 21749 21749 21749 21749 21749
 25433 25433 25433 25433 25433 25433 25433 25433 25433 25433
 15024 15024 15024 15024 15024 15024 15024 15024 15024 15024
 20109 20109 20109 20109 20109 20109 20109 20109 20109 20109
 11042 11042 11042 11042 11042 11042 11042 11042 11042 11042
 6673 6673 6673 6673 6673 6673 6673 6673 6673 6673
 4805 4805 4805 4805 4805 4805 4805 4805 4805 4805
 5766 5766 5766 5766 5766 5766 5766 5766 5766 5766
 24223 24223 24223 24223 24223 24223 24223 24223 24223 24223
 16752 16752 16752 16752 16752 16752 16752 16752 16752 16752
