9.031837608888667e19
1.0386882797032251e20
1.1958960222312518e19
4.700951244769699e20
1.1177146951017064e20
6.143051254397423e19
1.6197640037714758e19
2.6834287626750775e19
4.849566917377309e20
7.420197113384091e17
9.776084774410946e20
8.991003330359491e18
3.157002945377425e20
2.5614064745791476e19
1.1426899254652309e20
4.291868238563487e19
5.325248984722227e18
2.3109814674363807e18
9.08422213751722e20
1.506773474787321e15
5.310091607915557e16
6.204645588308905e16
2.9088580820916142e20
3.742968417661942e19
1.6354836208000823e19
5.957358954493486e20
9.304841741065748e19
1.4588112803403924e16
1.766890542046798e20
2.043282292732161e15
1.1839157797041642e20
2.758629037194478e20
1.25003356975341e16
3.403427270699124e15
8.095708651235128e17
3.75523518265226e20
9.707668611244571e19
7.479909526628337e20
9.814228091341284e17
2.7126771867225303e18
7.958191086367878e16
3.701740983340528e20
4.2391804655121387e20
1.7699143129636726e20
4.4703036808141236e20
2.3528169986703524e18
4.9286088893476815e19
1.0363000235236344e21
2.650252655075637e18
7.972564826004748e18
1.5093296870933122e20
1.4227238902017874e18
4.560562014335681e20
4.917020499074074e19
2.905037923990409e18
1.5775835927486294e20
2.8215322392399806e20
1.6666883329267938e20
2.8488175034141547e20
1.756839280932021e20
6.163834882113058e20
9.973794002923327e20
8.255665897556743e18
7.363173432020085e16
3.4807127469032825e19
2.891815939624102e20
1.3467078284609347e17
4.5787691076293124e19
1.875754761633511e20
1.0008267559415082e21
5.118462565332457e20
6.555960686225473e20
1.435401437549128e18
9.631074897985226e17
9.70183762952963e18
1.4537139958224e13
1.34167869703785e20
1.7733374786885924e18
1.30009256080704e14
6.229229665080684e20
1.776984870693111e20
5.7309164342545764e20
5.645380362408121e20
2.053675180009659e18
3.0834528575251356e20
1.5203985072048826e20
1.1450485499512106e17
5.967817430039592e17
8.490322313549439e19
3.4884230330660166e20
3.424554533498112e20
5.07322307757226e19
3.1228951458086925e20
7.861387975887281e18
4.644124131175429e18
9.716867074783172e20
8.198057549598597e20
9.573576108383629e16
6.781423881045213e20
6.0945482339178635e19
1.5554956923331307e20
1.903650485402518e20
4.585228045510312e18
1.0137095152995463e21
2.1197200909955843e17
7.390141763789136e20
2.0670195790468455e20
5.029246440413721e15
1.763606700450845e19
1.446393472131024e17
3.450550389314317e20
5.628548829052085e20
1.2442162496808205e20
2.6026037299696085e20
2.410626535517139e20
8.638684431151383e20
3.009713544247147e18
3.325379681355768e18
1.4300896780890187e20
2.6940634799203672e19
1.5332036274474097e18
9.696385155017494e20
1.5727184024886559e18
2.2007826703125e15
9.62210472229759e18
1.1360148913335048e19
1.2534920457785524e19
3.7842787731227555e20
7.117085663353985e20
2.183186938272779e17
5.701758222310411e20
3.4747596318544556e19
1.747496852154031e20
6.16893593078109e19
3.620560768452575e20
9.877009344826856e20
4.331184265338297e20
4.102353787032658e20
1.2757648096937248e17
5.384358474383463e19
3.62503953999851e18
1.186345058412969e15
2.0456143720368607e19
2.288815504269231e20
6.973083524531643e20
7.972246944431734e17
5.431830454299113e20
4.201120651862782e20
1.0563190052244883e19
4.203111722782581e19
1.8866643759703287e20
2.6423348352436997e20
1.7386890859148544e16
3.9542144158433193e18
5.8182861445202985e19
1.0506869519439977e20
4.818708726961102e19
2.3125532166937163e20
8.17883682493061e19
1.2416375244206415e18
7.324567292503877e20
2.7886813577083142e19
1.964006454159622e20
2.968356085643253e20
1.6989291792379496e19
9.253059120043632e19
7.863631334293613e20
2.0335441637989553e18
1.2873205089e10
6.922921913999929e16
9.223732945613273e20
1.574927052363966e19
1.0047775252169401e21
2.5419444748021616e17
1.3954542764755996e20
1.836387577999346e20
1.030775982112404e15
1.0983131595705355e20
4.44891875171796e14
4.2127048391984225e20
1.5567166764572734e20
4.339741638842573e20
8.269656733421206e19
1.7591807295050917e20
8.766506591631849e18
7.582199512930347e18
6.5655103691416355e19
3.0995426457627156e16
1.8700085523143373e18
8.077560850432913e19
4.863211316039254e19
2.152149575834266e20
4.246952982520691e20
8.2779574587194e20
4.7670456847585824e20
1.2011670005645787e20
7.211943106932815e17
5.840433660334869e20
1.8994426754063504e17
5.447985924705146e19
5.91156740711767e17
1.756462684835996e19
1.0616495606594966e18
3.9707148703532895e20
6.363334270113014e20
1.3707258119105624e16
1.80819123638049e14
1.1641380967053728e19
3.3708230965612583e20
6.761999859170871e17
6.422791048471112e16
2.6701414491971286e20
5.16506548334771e17
1.125547488727641e15
3.086950938099319e17
5.9701586135841e13
5.8916335362540025e20
3.3611598295046263e19
7.176459229514414e20
1.9950847951321586e20
3.956837666841e12
2.2933033764625147e20
1.6879403967301265e19
5.768095060774563e17
2.1254139194981374e20
2.2515380027832697e20
7.375422813800999e20
2.4280516564619936e20
3.2359043644062586e17
1.2521079913851896e19
2.456564184157809e19
3.5467030951438574e19
7.257662483853084e19
1.060201075060481e18
4.2056227709590005e20
1.026796155799401e15
1.0210730679800032e21
1.318888303098343e19
8.274563186048319e17
4.9367819741488756e20
5.686600382247814e19
6.738255098972479e20
9.977483332068046e20
3.158040857036671e20
6.407948090115801e15
4.455641479150228e19
5.1914549376649445e19
2.774137475716277e20
5.3230267729621043e17
1.1769330666264172e18
2.7847485950477076e16
1.1184293464189647e20
1.5396881691664145e20
5.307410102893748e20
1.1615204639389334e19
9.068429425906231e19
5.685996369819831e17
1.0931525536228184e18
6.625352016225256e20
5.967106517642489e19
1.1786142515969065e19
1.5385486132072321e19
2.4306747800597697e19
2.0386633717877978e17
4.311651763319537e19
8.153567039009524e20
9.162428603072951e20
6.252165688325658e18
5.155370820645309e19
1.539082603658598e20
7.650803464716595e20
2.655527150196423e20
9.585048347982324e15
2.913472764774667e19
4.056445860748141e20
8.148216493821874e18
1.0104772339161169e21
1.04909629341987e20
6.590137275932618e20
5.053497005073097e19
5.6554166916758024e16
5.8767345178483845e20
5.415478912054651e20
3.138922314159789e17
2.6762512604857513e18
3.969779297927906e18
6.145856418082465e20
7.46406724841581e20
4.876831258419223e20
2.5535719123087396e20
1.4735532585924154e20
2.263749118029756e19
1.1268662377634021e18
6.972143439123273e20
1.3828318108462008e19
2.111075901408957e17
8.125061782045871e20
2.9186302047040612e20
1.818481393939223e20
1.3425405741617713e19
