9.32736937800912e20
2.0373436320723177e20
3.947348292494242e20
8.122953259008612e20
5.928172620293978e20
8.567149751545391e20
2.7949169987840295e20
6.755681414024167e20
3.0489324352729435e20
9.88799974145533e20
5.9745472630741295e19
4.9921598103298146e20
1.1663228349604057e19
1.0196971696360856e21
4.7635125771197376e20
6.679717711063017e17
1.5427186776265638e20
3.716644755681e12
2.551802093631131e20
4.7240529102700365e17
1.84081944646656e14
4.933765854692531e19
4.34501401365941e20
2.5958763414528554e20
2.76469278705675e17
6.204215308130736e20
3.932031888482415e20
1.2039345203931655e20
7.053338898548218e20
3.369188295751678e20
2.4395782111178018e20
9.157814295624868e20
4.8919476244278044e20
1.5315280967107173e20
3.2081351388915134e19
9.090519908891342e17
1.3449485768077322e18
1.6715141815238545e20
5.003781739619594e19
1.553360698558799e20
1.0056433128483101e21
5.6719061491084054e20
9.161272466396299e18
3.331751726229457e20
3.103896785123204e19
1.044787895436242e20
2.996154059124225e17
3.961471545598091e19
1.2522654723546813e18
1.9391342436344996e19
4.886857245681684e15
4.2375268417667965e19
6.065284344026793e18
2.4975931810563866e17
6.208451582065552e18
7.200504975694945e20
1.4235112764657582e20
1.4388088580237408e19
1.091872902153609e15
3.4411695436743224e18
5.385209738181113e20
5.034734277708992e20
3.2559560819693136e16
1.832933856164597e20
8.017991041985721e19
5.6791566496190235e20
1.7598714804e10
1.173114570843216e15
1.628140925539175e20
5.112500791813479e20
1.627825164875574e20
9.435414647896691e20
5.76187222403124e14
1.8702868001892487e19
2.382123263630625e15
5.8010248054652423e20
4.2378860839740316e20
1.8718950047132228e20
3.113017504163686e19
3.490660501417331e20
2.5954946716120322e19
3.1357820809840034e20
4.63390555729937e17
5.0701737678514415e20
7.539022883566658e19
3.770301711207058e19
8.993333167195079e19
2.0135563347840563e17
1.8399417163606202e19
1.428085147409176e20
4.0142446288233234e19
2.422091030079292e20
4.1093050531103795e20
2.7777675880880636e19
1.2820529261302456e18
1.2099893432564621e20
1.7426631127280858e18
8.105047378178925e20
3.2031757160342676e16
1.602400694043605e20
3.2973076562260374e20
2.9436605639520734e20
1.5209985510082868e20
2.7365035102416e15
1.546611746895002e18
8.997408546662145e20
1.52406825632787e19
2.8387421198037143e20
3.015842402869712e17
6.486765721158996e15
9.383624379565337e20
2.0621140534745917e20
8.26579347672091e18
1.4674094999512431e20
3.585161991633725e18
1.8024099193810063e20
3.0961170612551997e18
6.124504796992268e20
9.936343414505232e16
3.1487805023651496e19
4.652378818943733e19
3.6659867508401644e19
9.997987621551846e19
1.299576347421818e20
1.2955499383879731e19
5.244868598028898e20
2.241541620390139e19
7.343606796408022e16
1.8933833757799224e18
1.8446964233518003e20
7.326481088125324e17
5.562805395893141e19
7.529579223632347e20
2.0759092548829924e16
2.0515779661652705e20
6.538474025604505e16
5.21559634625856e14
5.568960476457338e17
8.896537922061816e20
1.7877997629911106e20
8.462312300956212e20
1.2187811887765137e19
6.0328241641930465e19
3.356674569928089e20
4.152472819407442e20
1.2006643282197743e20
1.0243307262293505e21
2.2222846268905826e20
8.915697704177917e18
4.192127258553672e20
1.7721003662384724e16
1.2479627045430133e19
2.948094343357929e20
1.3359587886891088e17
7.198579095502392e20
2.116489615657431e19
7.242984594369309e18
1.4024998763200854e20
3.35439499011906e19
5.21201393591509e18
8.117683746849058e20
2.7377478780192133e19
8.143094735933027e19
7.943992830610507e19
5.648070706201889e18
2.1372007345060036e16
5.338889772765112e20
9.993482253689164e20
3.980102128697411e19
6.63259296107767e20
2.225476489214362e20
2.8691610183090554e17
5.216074126183197e20
2.416141384998461e20
1.0599254350051536e16
8.995132414417741e20
7.2363607169616e13
8.8194640252329e13
5.677997086324252e19
1.4954144227864513e19
3.739212552463049e18
5.4224821887067193e20
2.329158058403595e19
4.34321313303273e19
1.5135107566649678e20
3.008444460090625e19
2.30436756e8
6.230783167163699e17
7.091344915726107e20
2.480733279372096e15
7.556764362330017e19
1.78204822372381e20
1.911117823557627e19
8.866540926137963e19
4.4461049607198337e20
4.965870448618206e20
6.018579991174074e20
9.05188143002711e17
7.713482530877597e20
3.42510610257851e20
1.69225238892276e14
1.1236333731514335e19
1.472381534268352e20
1.0221371689332326e17
4.495403195792831e17
1.1524063636878746e20
1.7169733224358765e19
1.1453557969074735e20
6.441752290871129e19
5.995963711091009e18
3.169474783984941e20
3.0271774898803945e19
8.720668197633653e20
5.916943389833108e16
4.91163115480929e14
1.4573232955237308e19
1.9731091755481484e20
2.440894277312181e18
2.5693372127971894e17
8.861603177269554e20
1.238547700997722e20
5.827275136547118e20
6.98199246290196e14
8.573978092865714e18
8.402684427671055e20
1.4739428008995725e18
6.867819102006236e19
1.8267294359873474e20
2.2741739647345705e20
4.063081523395005e19
8.872878882042371e18
2.595428313089618e20
4.6696813547654545e19
2.8084383699535516e16
8.980348079539851e20
2.983602496169734e19
2.4575899187218766e20
4.207553357869944e20
3.3873486720861995e19
4.8145792029850285e20
6.388828013698793e20
1.952400972616214e20
8.310686737303416e17
3.492143401525281e15
2.1585013083256435e19
1.0840449850097697e20
1.2149626904125932e18
5.642973549482846e20
8.443910046107055e19
1.69417351952877e20
3.31593444656354e19
5.495247788263127e20
3.527746731396301e18
9.606973399269001e18
2.803001697756743e19
1.0021831744867807e19
8.562249084450698e19
5.494461489170843e20
1.2694417582622027e20
3.8712115660669046e20
4.861749952256163e20
5.009010349461907e20
6.488006469907062e20
1.1684091250251562e17
1.9212870751813804e16
6.211176977810475e18
4.9725722029933855e19
3.534885658846273e18
1.8933833757799224e18
2.143968327732529e19
5.1509706874312496e16
2.767550173992855e20
8.25659396526545e20
1.4449606174229615e19
8.747037406717687e19
9.102578441303436e20
1.1742476702143752e20
4.3010059117703555e20
1.0163294761848113e20
1.8681462801e10
3.8590372791857254e17
7.195690999611946e20
8.742925789919033e20
9.621361765526602e16
8.653044953309622e20
6.130898456637801e19
3.022398522903385e18
2.33248039026921e14
2.6350773913139816e20
7.726673605306058e20
1.4361159330672075e20
6.9697932572569984e16
5.59495442237289e18
6.421465638336738e20
3.2908792441093456e20
5.237163260911998e19
4.139995931129664e15
1.39306465883762e16
2.48036702218002e18
4.754687095754331e18
