 15402 15402 15402 15402 15402 15402 15402 15402 15402 15402
 12844 12844 12844 12844 12844 12844 12844 12844 12844 12844
 9859 9859 9859 9859 9859 9859 9859 9859 9859 9859
 3940 3940 3940 3940 3940 3940 3940 3940 3940 3940
 4628 4628 4628 4628 4628 4628 4628 4628 4628 4628
 3131 3131 3131 3131 3131 3131 3131 3131 3131 3131
 16327 16327 16327 16327 16327 16327 16327 16327 16327 16327
 19330 19330 19330 19330 19330 19330 19330 19330 19330 19330
 29289 29289 29289 29289 29289 29289 29289 29289 29289 29289
 10290 10290 10290 10290 10290 10290 10290 10290 10290 10290
 2039 2039 2039 2039 2039 2039 2039 2039 2039 2039
 17676 17676 17676 17676 17676 17676 17676 17676 17676 17676
 22124 22124 22124 22124 22124 22124 22124 22124 22124 22124
 5248 5248 5248 5248 5248 5248 5248 5248 5248 5248
 10084 10084 10084 10084 10084 10084 10084 10084 10084 10084
 21760 21760 21760 21760 21760 21760 21760 21760 21760 21760
 16951 16951 16951 16951 16951 16951 16951 16951 16951 16951
 31984 31984 31984 31984 31984 31984 31984 31984 31984 31984
 7597 7597 7597 7597 7597 7597 7597 7597 7597 7597
 688 688 688 688 688 688 688 688 688 688
 19732 19732 19732 19732 19732 19732 19732 19732 19732 19732
 30873 30873 30873 30873 30873 30873 30873 30873 30873 30873
 15068 15068 15068 15068 15068 15068 15068 15068 15068 15068
 4432 4432 4432 4432 4432 4432 4432 4432 4432 4432
 18979 18979 18979 18979 18979 18979 18979 18979 18979 18979
 28884 28884 28884 28884 28884 28884 28884 28884 28884 28884
 17478 17478 17478 17478 17478 17478 17478 17478 17478 17478
 31056 31056 31056 31056 31056 31056 31056 31056 31056 31056
 16960 16960 16960 16960 16960 16960 16960 16960 16960 16960
 20948 20948 20948 20948 20948 20948 20948 20948 20948 20948
 21470 21470 21470 21470 21470 21470 21470 21470 21470 21470
 27897 27897 27897 27897 27897 27897 27897 27897 27897 27897
 903 903 903 903 903 903 903 903 903 903
 23290 23290 23290 23290 23290 23290 23290 23290 23290 23290
 11461 11461 11461 11461 11461 11461 11461 11461 11461 11461
 26969 26969 26969 26969 26969 26969 26969 26969 26969 26969
 29529 29529 29529 29529 29529 29529 29529 29529 29529 29529
 13683 13683 13683 13683 13683 13683 13683 13683 13683 13683
 15432 15432 15432 15432 15432 15432 15432 15432 15432 15432
 24825 24825 24825 24825 24825 24825 24825 24825 24825 24825
 13546 13546 13546 13546 13546 13546 13546 13546 13546 13546
 12562 12562 12562 12562 12562 12562 12562 12562 12562 12562
 27033 27033 27033 27033 27033 27033 27033 27033 27033 27033
 140 140 140 140 140 140 140 140 140 140
 11572 11572 11572 11572 11572 11572 11572 11572 11572 11572
 32459 32459 32459 32459 32459 32459 32459 32459 32459 32459
 5749 5749 5749 5749 5749 5749 5749 5749 5749 5749
 4490 4490 4490 4490 4490 4490 4490 4490 4490 4490
 21143 21143 21143 21143 21143 21143 21143 21143 21143 21143
 30169 30169 30169 30169 30169 30169 30169 30169 30169 30169
 20634 20634 20634 20634 20634 20634 20634 20634 20634 20634
 29120 29120 29120 29120 29120 29120 29120 29120 29120 29120
 8222 8222 8222 8222 8222 8222 8222 8222 8222 8222
 22744 22744 22744 22744 22744 22744 22744 22744 22744 22744
 27931 27931 27931 27931 27931 27931 27931 27931 27931 27931
 20613 20613 20613 20613 20613 20613 20613 20613 20613 20613
 6432 6432 6432 6432 6432 6432 6432 6432 6432 6432
 23572 23572 23572 23572 23572 23572 23572 23572 23572 23572
 31776 31776 31776 31776 31776 31776 31776 31776 31776 31776
 13701 13701 13701 13701 13701 13701 13701 13701 13701 13701
 20566 20566 20566 20566 20566 20566 20566 20566 20566 20566
 26634 26634 26634 26634 26634 26634 26634 26634 26634 26634
 16575 16575 16575 16575 16575 16575 16575 16575 16575 16575
 987 987 987 987 987 987 987 987 987 987
 23145 23145 23145 23145 23145 23145 23145 23145 23145 23145
 32678 32678 32678 32678 32678 32678 32678 32678 32678 32678
 13928 13928 13928 13928 13928 13928 13928 13928 13928 13928
 13650 13650 13650 13650 13650 13650 13650 13650 13650 13650
 21861 21861 21861 21861 21861 21861 21861 21861 21861 21861
 12867 12867 12867 12867 12867 12867 12867 12867 12867 12867
 28569 28569 28569 28569 28569 28569 28569 28569 28569 28569
 19989 19989 19989 19989 19989 19989 19989 19989 19989 19989
 4636 4636 4636 4636 4636 4636 4636 4636 4636 4636
 14033 14033 14033 14033 14033 14033 14033 14033 14033 14033
 2649 2649 2649 2649 2649 2649 2649 2649 2649 2649
 6799 6799 6799 6799 6799 6799 6799 6799 6799 6799
 17176 17176 17176 17176 17176 17176 17176 17176 17176 17176
 10557 10557 10557 10557 10557 10557 10557 10557 10557 10557
 10017 10017 10017 10017 10017 10017 10017 10017 10017 10017
 17467 17467 17467 17467 17467 17467 17467 17467 17467 17467
 17700 17700 17700 17700 17700 17700 17700 17700 17700 17700
 296 296 296 296 296 296 296 296 296 296
 5384 5384 5384 5384 5384 5384 5384 5384 5384 5384
 5937 5937 5937 5937 5937 5937 5937 5937 5937 5937
 15064 15064 15064 15064 15064 15064 15064 15064 15064 15064
 1757 1757 1757 1757 1757 1757 1757 1757 1757 1757
 13808 13808 13808 13808 13808 13808 13808 13808 13808 13808
 16027 16027 16027 16027 16027 16027 16027 16027 16027 16027
 22564 22564 22564 22564 22564 22564 22564 22564 22564 22564
 19120 19120 19120 19120 19120 19120 19120 19120 19120 19120
 6263 6263 6263 6263 6263 6263 6263 6263 6263 6263
 26422 26422 26422 26422 26422 26422 26422 26422 26422 26422
 18860 18860 18860 18860 18860 18860 18860 18860 18860 18860
 31192 31192 31192 31192 31192 31192 31192 31192 31192 31192
 9191 9191 9191 9191 9191 9191 9191 9191 9191 9191
 19504 19504 19504 19504 19504 19504 19504 19504 19504 19504
 719 719 719 719 719 719 719 719 719 719
 10557 10557 10557 10557 10557 10557 10557 10557 10557 10557
 15740 15740 15740 15740 15740 15740 15740 15740 15740 15740
 26175 26175 26175 26175 26175 26175 26175 26175 26175 26175
 28604 28604 28604 28604 28604 28604 28604 28604 28604 28604
 25779 25779 25779 25779 25779 25779 25779 25779 25779 25779
 28352 28352 28352 28352 28352 28352 28352 28352 28352 28352
 8369 8369 8369 8369 8369 8369 8369 8369 8369 8369
 8531 8531 8531 8531 8531 8531 8531 8531 8531 8531
 30139 30139 30139 30139 30139 30139 30139 30139 30139 30139
 30168 30168 30168 30168 30168 30168 30168 30168 30168 30168
 5278 5278 5278 5278 5278 5278 5278 5278 5278 5278
 17611 17611 17611 17611 17611 17611 17611 17611 17611 17611
 11791 11791 11791 11791 11791 11791 11791 11791 11791 11791
 5991 5991 5991 5991 5991 5991 5991 5991 5991 5991
 9273 9273 9273 9273 9273 9273 9273 9273 9273 9273
 18742 18742 18742 18742 18742 18742 18742 18742 18742 18742
 6938 6938 6938 6938 6938 6938 6938 6938 6938 6938
 32080 32080 32080 32080 32080 32080 32080 32080 32080 32080
 12459 12459 12459 12459 12459 12459 12459 12459 12459 12459
 30874 30874 30874 30874 30874 30874 30874 30874 30874 30874
 29711 29711 29711 29711 29711 29711 29711 29711 29711 29711
 22278 22278 22278 22278 22278 22278 22278 22278 22278 22278
 4321 4321 4321 4321 4321 4321 4321 4321 4321 4321
 29056 29056 29056 29056 29056 29056 29056 29056 29056 29056
 15634 15634 15634 15634 15634 15634 15634 15634 15634 15634
 2601 2601 2601 2601 2601 2601 2601 2601 2601 2601
 21990 21990 21990 21990 21990 21990 21990 21990 21990 21990
 14971 14971 14971 14971 14971 14971 14971 14971 14971 14971
 3978 3978 3978 3978 3978 3978 3978 3978 3978 3978
 31009 31009 31009 31009 31009 31009 31009 31009 31009 31009
 7510 7510 7510 7510 7510 7510 7510 7510 7510 7510
 11363 11363 11363 11363 11363 11363 11363 11363 11363 11363
 26512 26512 26512 26512 26512 26512 26512 26512 26512 26512
 26915 26915 26915 26915 26915 26915 26915 26915 26915 26915
 14864 14864 14864 14864 14864 14864 14864 14864 14864 14864
 7838 7838 7838 7838 7838 7838 7838 7838 7838 7838
 24854 24854 24854 24854 24854 24854 24854 24854 24854 24854
 10113 10113 10113 10113 10113 10113 10113 10113 10113 10113
 22289 22289 22289 22289 22289 22289 22289 22289 22289 22289
 30849 30849 30849 30849 30849 30849 30849 30849 30849 30849
 14390 14390 14390 14390 14390 14390 14390 14390 14390 14390
 11554 11554 11554 11554 11554 11554 11554 11554 11554 11554
 24298 24298 24298 24298 24298 24298 24298 24298 24298 24298
 1755 1755 1755 1755 1755 1755 1755 1755 1755 1755
 20072 20072 20072 20072 20072 20072 20072 20072 20072 20072
 23474 23474 23474 23474 23474 23474 23474 23474 23474 23474
 21514 21514 21514 21514 21514 21514 21514 21514 21514 21514
 12636 12636 12636 12636 12636 12636 12636 12636 12636 12636
 11829 11829 11829 11829 11829 11829 11829 11829 11829 11829
 15376 15376 15376 15376 15376 15376 15376 15376 15376 15376
 24566 24566 24566 24566 24566 24566 24566 24566 24566 24566
 22208 22208 22208 22208 22208 22208 22208 22208 22208 22208
 12892 12892 12892 12892 12892 12892 12892 12892 12892 12892
 24834 24834 24834 24834 24834 24834 24834 24834 24834 24834
 32760 32760 32760 32760 32760 32760 32760 32760 32760 32760
 7773 7773 7773 7773 7773 7773 7773 7773 7773 7773
 12015 12015 12015 12015 12015 12015 12015 12015 12015 12015
 30934 30934 30934 30934 30934 30934 30934 30934 30934 30934
 28844 28844 28844 28844 28844 28844 28844 28844 28844 28844
 30154 30154 30154 30154 30154 30154 30154 30154 30154 30154
 30544 30544 30544 30544 30544 30544 30544 30544 30544 30544
 22491 22491 22491 22491 22491 22491 22491 22491 22491 22491
 5568 5568 5568 5568 5568 5568 5568 5568 5568 5568
 3563 3563 3563 3563 3563 3563 3563 3563 3563 3563
 27284 27284 27284 27284 27284 27284 27284 27284 27284 27284
 20811 20811 20811 20811 20811 20811 20811 20811 20811 20811
 24454 24454 24454 24454 24454 24454 24454 24454 24454 24454
 13117 13117 13117 13117 13117 13117 13117 13117 13117 13117
 2147 2147 2147 2147 2147 2147 2147 2147 2147 2147
 27147 27147 27147 27147 27147 27147 27147 27147 27147 27147
 15084 15084 15084 15084 15084 15084 15084 15084 15084 15084
 31345 31345 31345 31345 31345 31345 31345 31345 31345 31345
 17218 17218 17218 17218 17218 17218 17218 17218 17218 17218
 27468 27468 27468 27468 27468 27468 27468 27468 27468 27468
 27393 27393 27393 27393 27393 27393 27393 27393 27393 27393
 18032 18032 18032 18032 18032 18032 18032 18032 18032 18032
 15573 15573 15573 15573 15573 15573 15573 15573 15573 15573
 29875 29875 29875 29875 29875 29875 29875 29875 29875 29875
 16527 16527 16527 16527 16527 16527 16527 16527 16527 16527
 3637 3637 3637 3637 3637 3637 3637 3637 3637 3637
 1526 1526 1526 1526 1526 1526 1526 1526 1526 1526
 14071 14071 14071 14071 14071 14071 14071 14071 14071 14071
 22881 22881 22881 22881 22881 22881 22881 22881 22881 22881
 6438 6438 6438 6438 6438 6438 6438 6438 6438 6438
 23353 23353 23353 23353 23353 23353 23353 23353 23353 23353
 18673 18673 18673 18673 18673 18673 18673 18673 18673 18673
 251 251 251 251 251 251 251 251 251 251
 8203 8203 8203 8203 8203 8203 8203 8203 8203 8203
 20784 20784 20784 20784 20784 20784 20784 20784 20784 20784
 23954 23954 23954 23954 23954 23954 23954 23954 23954 23954
 31105 31105 31105 31105 31105 31105 31105 31105 31105 31105
 22947 22947 22947 22947 22947 22947 22947 22947 22947 22947
 3182 3182 3182 3182 3182 3182 3182 3182 3182 3182
 24363 24363 24363 24363 24363 24363 24363 24363 24363 24363
 17650 17650 17650 17650 17650 17650 17650 17650 17650 17650
 8189 8189 8189 8189 8189 8189 8189 8189 8189 8189
 18146 18146 18146 18146 18146 18146 18146 18146 18146 18146
 16191 16191 16191 16191 16191 16191 16191 16191 16191 16191
 26682 26682 26682 26682 26682 26682 26682 26682 26682 26682
 30341 30341 30341 30341 30341 30341 30341 30341 30341 30341
 18921 18921 18921 18921 18921 18921 18921 18921 18921 18921
 12047 12047 12047 12047 12047 12047 12047 12047 12047 12047
 8990 8990 8990 8990 8990 8990 8990 8990 8990 8990
 11159 11159 11159 11159 11159 11159 11159 11159 11159 11159
 3126 3126 3126 3126 3126 3126 3126 3126 3126 3126
 27235 27235 27235 27235 27235 27235 27235 27235 27235 27235
 15885 15885 15885 15885 15885 15885 15885 15885 15885 15885
 30609 30609 30609 30609 30609 30609 30609 30609 30609 30609
 7497 7497 7497 7497 7497 7497 7497 7497 7497 7497
 32088 32088 32088 32088 32088 32088 32088 32088 32088 32088
 17469 17469 17469 17469 17469 17469 17469 17469 17469 17469
 18863 18863 18863 18863 18863 18863 18863 18863 18863 18863
 8114 8114 8114 8114 8114 8114 8114 8114 8114 8114
 9243 9243 9243 9243 9243 9243 9243 9243 9243 9243
 11322 11322 11322 11322 11322 11322 11322 11322 11322 11322
 24964 24964 24964 24964 24964 24964 24964 24964 24964 24964
 21880 21880 21880 21880 21880 21880 21880 21880 21880 21880
 23146 23146 23146 23146 23146 23146 23146 23146 23146 23146
 11938 11938 11938 11938 11938 11938 11938 11938 11938 11938
 22245 22245 22245 22245 22245 22245 22245 22245 22245 22245
 2024 2024 2024 2024 2024 2024 2024 2024 2024 2024
 26771 26771 26771 26771 26771 26771 26771 26771 26771 26771
 23228 23228 23228 23228 23228 23228 23228 23228 23228 23228
 9065 9065 9065 9065 9065 9065 9065 9065 9065 9065
 1624 1624 1624 1624 1624 1624 1624 1624 1624 1624
 18860 18860 18860 18860 18860 18860 18860 18860 18860 18860
 3571 3571 3571 3571 3571 3571 3571 3571 3571 3571
 3682 3682 3682 3682 3682 3682 3682 3682 3682 3682
 27473 27473 27473 27473 27473 27473 27473 27473 27473 27473
 22002 22002 22002 22002 22002 22002 22002 22002 22002 22002
 14021 14021 14021 14021 14021 14021 14021 14021 14021 14021
 25306 25306 25306 25306 25306 25306 25306 25306 25306 25306
 30710 30710 30710 30710 30710 30710 30710 30710 30710 30710
 293 293 293 293 293 293 293 293 293 293
 19211 19211 19211 19211 19211 19211 19211 19211 19211 19211
 7109 7109 7109 7109 7109 7109 7109 7109 7109 7109
 24858 24858 24858 24858 24858 24858 24858 24858 24858 24858
 14008 14008 14008 14008 14008 14008 14008 14008 14008 14008
 18458 18458 18458 18458 18458 18458 18458 18458 18458 18458
 24522 24522 24522 24522 24522 24522 24522 24522 24522 24522
 2707 2707 2707 2707 2707 2707 2707 2707 2707 2707
 2970 2970 2970 2970 2970 2970 2970 2970 2970 2970
 21523 21523 21523 21523 21523 21523 21523 21523 21523 21523
 22208 22208 22208 22208 22208 22208 22208 22208 22208 22208
 1693 1693 1693 1693 1693 1693 1693 1693 1693 1693
 944 944 944 944 944 944 944 944 944 944
 24175 24175 24175 24175 24175 24175 24175 24175 24175 24175
 26888 26888 26888 26888 26888 26888 26888 26888 26888 26888
 18103 18103 18103 18103 18103 18103 18103 18103 18103 18103
 28580 28580 28580 28580 28580 28580 28580 28580 28580 28580
 20645 20645 20645 20645 20645 20645 20645 20645 20645 20645
 20104 20104 20104 20104 20104 20104 20104 20104 20104 20104
 25404 25404 25404 25404 25404 25404 25404 25404 25404 25404
 12661 12661 12661 12661 12661 12661 12661 12661 12661 12661
 5511 5511 5511 5511 5511 5511 5511 5511 5511 5511
 8960 8960 8960 8960 8960 8960 8960 8960 8960 8960
 29486 29486 29486 29486 29486 29486 29486 29486 29486 29486
 306 306 306 306 306 306 306 306 306 306
 9520 9520 9520 9520 9520 9520 9520 9520 9520 9520
 16766 16766 16766 16766 16766 16766 16766 16766 16766 16766
 21513 21513 21513 21513 21513 21513 21513 21513 21513 21513
 22265 22265 22265 22265 22265 22265 22265 22265 22265 22265
 7619 7619 7619 7619 7619 7619 7619 7619 7619 7619
 7321 7321 7321 7321 7321 7321 7321 7321 7321 7321
 19100 19100 19100 19100 19100 19100 19100 19100 19100 19100
 7241 7241 7241 7241 7241 7241 7241 7241 7241 7241
 19067 19067 19067 19067 19067 19067 19067 19067 19067 19067
 3615 3615 3615 3615 3615 3615 3615 3615 3615 3615
 24635 24635 24635 24635 24635 24635 24635 24635 24635 24635
 1301 1301 1301 1301 1301 1301 1301 1301 1301 1301
 25082 25082 25082 25082 25082 25082 25082 25082 25082 25082
 2805 2805 2805 2805 2805 2805 2805 2805 2805 2805
 612 612 612 612 612 612 612 612 612 612
 7894 7894 7894 7894 7894 7894 7894 7894 7894 7894
 20607 20607 20607 20607 20607 20607 20607 20607 20607 20607
 1864 1864 1864 1864 1864 1864 1864 1864 1864 1864
 14427 14427 14427 14427 14427 14427 14427 14427 14427 14427
 32257 32257 32257 32257 32257 32257 32257 32257 32257 32257
 8392 8392 8392 8392 8392 8392 8392 8392 8392 8392
 18829 18829 18829 18829 18829 18829 18829 18829 18829 18829
 27478 27478 27478 27478 27478 27478 27478 27478 27478 27478
 10183 10183 10183 10183 10183 10183 10183 10183 10183 10183
 10184 10184 10184 10184 10184 10184 10184 10184 10184 10184
 26932 26932 26932 26932 26932 26932 26932 26932 26932 26932
 29397 29397 29397 29397 29397 29397 29397 29397 29397 29397
 23026 23026 23026 23026 23026 23026 23026 23026 23026 23026
 27839 27839 27839 27839 27839 27839 27839 27839 27839 27839
 7013 7013 7013 7013 7013 7013 7013 7013 7013 7013
 11261 11261 11261 11261 11261 11261 11261 11261 11261 11261
 19410 19410 19410 19410 19410 19410 19410 19410 19410 19410
 27940 27940 27940 27940 27940 27940 27940 27940 27940 27940
 9976 9976 9976 9976 9976 9976 9976 9976 9976 9976
 13894 13894 13894 13894 13894 13894 13894 13894 13894 13894
 891 891 891 891 891 891 891 891 891 891
 16822 16822 16822 16822 16822 16822 16822 16822 16822 16822
 23111 23111 23111 23111 23111 23111 23111 23111 23111 23111
 14319 14319 14319 14319 14319 14319 14319 14319 14319 14319
 24545 24545 24545 24545 24545 24545 24545 24545 24545 24545
 26876 26876 26876 26876 26876 26876 26876 26876 26876 26876
 7560 7560 7560 7560 7560 7560 7560 7560 7560 7560
 31482 31482 31482 31482 31482 31482 31482 31482 31482 31482
 30141 30141 30141 30141 30141 30141 30141 30141 30141 30141
 1709 1709 1709 1709 1709 1709 1709 1709 1709 1709
