 21222 21222 21222 21222 21222 21222 21222 21222 21222 21222
 10902 10902 10902 10902 10902 10902 10902 10902 10902 10902
 11074 11074 11074 11074 11074 11074 11074 11074 11074 11074
 20244 20244 20244 20244 20244 20244 20244 20244 20244 20244
 25273 25273 25273 25273 25273 25273 25273 25273 25273 25273
 4946 4946 4946 4946 4946 4946 4946 4946 4946 4946
 5148 5148 5148 5148 5148 5148 5148 5148 5148 5148
 27691 27691 27691 27691 27691 27691 27691 27691 27691 27691
 11837 11837 11837 11837 11837 11837 11837 11837 11837 11837
 30833 30833 30833 30833 30833 30833 30833 30833 30833 30833
 3313 3313 3313 3313 3313 3313 3313 3313 3313 3313
 20443 20443 20443 20443 20443 20443 20443 20443 20443 20443
 30912 30912 30912 30912 30912 30912 30912 30912 30912 30912
 12321 12321 12321 12321 12321 12321 12321 12321 12321 12321
 1742 1742 1742 1742 1742 1742 1742 1742 1742 1742
 32062 32062 32062 32062 32062 32062 32062 32062 32062 32062
 8629 8629 8629 8629 8629 8629 8629 8629 8629 8629
 16173 16173 16173 16173 16173 16173 16173 16173 16173 16173
 18223 18223 18223 18223 18223 18223 18223 18223 18223 18223
 11526 11526 11526 11526 11526 11526 11526 11526 11526 11526
 10040 10040 10040 10040 10040 10040 10040 10040 10040 10040
 28288 28288 28288 28288 28288 28288 28288 28288 28288 28288
 17465 17465 17465 17465 17465 17465 17465 17465 17465 17465
 10576 10576 10576 10576 10576 10576 10576 10576 10576 10576
 1409 1409 1409 1409 1409 1409 1409 1409 1409 1409
 8036 8036 8036 8036 8036 8036 8036 8036 8036 8036
 7728 7728 7728 7728 7728 7728 7728 7728 7728 7728
 14759 14759 14759 14759 14759 14759 14759 14759 14759 14759
 16851 16851 16851 16851 16851 16851 16851 16851 16851 16851
 17604 17604 17604 17604 17604 17604 17604 17604 17604 17604
 23746 23746 23746 23746 23746 23746 23746 23746 23746 23746
 25365 25365 25365 25365 25365 25365 25365 25365 25365 25365
 7672 7672 7672 7672 7672 7672 7672 7672 7672 7672
 22150 22150 22150 22150 22150 22150 22150 22150 22150 22150
 18050 18050 18050 18050 18050 18050 18050 18050 18050 18050
 8324 8324 8324 8324 8324 8324 8324 8324 8324 8324
 6258 6258 6258 6258 6258 6258 6258 6258 6258 6258
 7085 7085 7085 7085 7085 7085 7085 7085 7085 7085
 21978 21978 21978 21978 21978 21978 21978 21978 21978 21978
 12876 12876 12876 12876 12876 12876 12876 12876 12876 12876
 27981 27981 27981 27981 27981 27981 27981 27981 27981 27981
 13404 13404 13404 13404 13404 13404 13404 13404 13404 13404
 11635 11635 11635 11635 11635 11635 11635 11635 11635 11635
 3101 3101 3101 3101 3101 3101 3101 3101 3101 3101
 30073 30073 30073 30073 30073 30073 30073 30073 30073 30073
 12140 12140 12140 12140 12140 12140 12140 12140 12140 12140
 32696 32696 32696 32696 32696 32696 32696 32696 32696 32696
 10098 10098 10098 10098 10098 10098 10098 10098 10098 10098
 3098 3098 3098 3098 3098 3098 3098 3098 3098 3098
 19595 19595 19595 19595 19595 19595 19595 19595 19595 19595
 24859 24859 24859 24859 24859 24859 24859 24859 24859 24859
 180 180 180 180 180 180 180 180 180 180
 24920 24920 24920 24920 24920 24920 24920 24920 24920 24920
 31359 31359 31359 31359 31359 31359 31359 31359 31359 31359
 27968 27968 27968 27968 27968 27968 27968 27968 27968 27968
 15856 15856 15856 15856 15856 15856 15856 15856 15856 15856
 383 383 383 383 383 383 383 383 383 383
 31774 31774 31774 31774 31774 31774 31774 31774 31774 31774
 29160 29160 29160 29160 29160 29160 29160 29160 29160 29160
 24500 24500 24500 24500 24500 24500 24500 24500 24500 24500
 24340 24340 24340 24340 24340 24340 24340 24340 24340 24340
 27279 27279 27279 27279 27279 27279 27279 27279 27279 27279
 31817 31817 31817 31817 31817 31817 31817 31817 31817 31817
 16187 16187 16187 16187 16187 16187 16187 16187 16187 16187
 26705 26705 26705 26705 26705 26705 26705 26705 26705 26705
 26500 26500 26500 26500 26500 26500 26500 26500 26500 26500
 21766 21766 21766 21766 21766 21766 21766 21766 21766 21766
 14403 14403 14403 14403 14403 14403 14403 14403 14403 14403
 22510 22510 22510 22510 22510 22510 22510 22510 22510 22510
 29578 29578 29578 29578 29578 29578 29578 29578 29578 29578
 8714 8714 8714 8714 8714 8714 8714 8714 8714 8714
 25101 25101 25101 25101 25101 25101 25101 25101 25101 25101
 4657 4657 4657 4657 4657 4657 4657 4657 4657 4657
 842 842 842 842 842 842 842 842 842 842
 10554 10554 10554 10554 10554 10554 10554 10554 10554 10554
 31146 31146 31146 31146 31146 31146 31146 31146 31146 31146
 14734 14734 14734 14734 14734 14734 14734 14734 14734 14734
 30231 30231 30231 30231 30231 30231 30231 30231 30231 30231
 4987 4987 4987 4987 4987 4987 4987 4987 4987 4987
 6209 6209 6209 6209 6209 6209 6209 6209 6209 6209
 6831 6831 6831 6831 6831 6831 6831 6831 6831 6831
 7012 7012 7012 7012 7012 7012 7012 7012 7012 7012
 27500 27500 27500 27500 27500 27500 27500 27500 27500 27500
 14934 14934 14934 14934 14934 14934 14934 14934 14934 14934
 2203 2203 2203 2203 2203 2203 2203 2203 2203 2203
 15363 15363 15363 15363 15363 15363 15363 15363 15363 15363
 14565 14565 14565 14565 14565 14565 14565 14565 14565 14565
 7596 7596 7596 7596 7596 7596 7596 7596 7596 7596
 9820 9820 9820 9820 9820 9820 9820 9820 9820 9820
 5205 5205 5205 5205 5205 5205 5205 5205 5205 5205
 2177 2177 2177 2177 2177 2177 2177 2177 2177 2177
 1741 1741 1741 1741 1741 1741 1741 1741 1741 1741
 18916 18916 18916 18916 18916 18916 18916 18916 18916 18916
 25161 25161 25161 25161 25161 25161 25161 25161 25161 25161
 30158 30158 30158 30158 30158 30158 30158 30158 30158 30158
 19956 19956 19956 19956 19956 19956 19956 19956 19956 19956
 7731 7731 7731 7731 7731 7731 7731 7731 7731 7731
 22199 22199 22199 22199 22199 22199 22199 22199 22199 22199
 13215 13215 13215 13215 13215 13215 13215 13215 13215 13215
 19873 19873 19873 19873 19873 19873 19873 19873 19873 19873
 8791 8791 8791 8791 8791 8791 8791 8791 8791 8791
 20311 20311 20311 20311 20311 20311 20311 20311 20311 20311
 10232 10232 10232 10232 10232 10232 10232 10232 10232 10232
 15468 15468 15468 15468 15468 15468 15468 15468 15468 15468
 32694 32694 32694 32694 32694 32694 32694 32694 32694 32694
 12532 12532 12532 12532 12532 12532 12532 12532 12532 12532
 4826 4826 4826 4826 4826 4826 4826 4826 4826 4826
 26950 26950 26950 26950 26950 26950 26950 26950 26950 26950
 10741 10741 10741 10741 10741 10741 10741 10741 10741 10741
 20736 20736 20736 20736 20736 20736 20736 20736 20736 20736
 5673 5673 5673 5673 5673 5673 5673 5673 5673 5673
 9325 9325 9325 9325 9325 9325 9325 9325 9325 9325
 11157 11157 11157 11157 11157 11157 11157 11157 11157 11157
 29770 29770 29770 29770 29770 29770 29770 29770 29770 29770
 28262 28262 28262 28262 28262 28262 28262 28262 28262 28262
 13974 13974 13974 13974 13974 13974 13974 13974 13974 13974
 23734 23734 23734 23734 23734 23734 23734 23734 23734 23734
 384 384 384 384 384 384 384 384 384 384
 12475 12475 12475 12475 12475 12475 12475 12475 12475 12475
 4030 4030 4030 4030 4030 4030 4030 4030 4030 4030
 12570 12570 12570 12570 12570 12570 12570 12570 12570 12570
 19303 19303 19303 19303 19303 19303 19303 19303 19303 19303
 7701 7701 7701 7701 7701 7701 7701 7701 7701 7701
 16006 16006 16006 16006 16006 16006 16006 16006 16006 16006
 7543 7543 7543 7543 7543 7543 7543 7543 7543 7543
 3639 3639 3639 3639 3639 3639 3639 3639 3639 3639
 25450 25450 25450 25450 25450 25450 25450 25450 25450 25450
 26229 26229 26229 26229 26229 26229 26229 26229 26229 26229
 19174 19174 19174 19174 19174 19174 19174 19174 19174 19174
 29995 29995 29995 29995 29995 29995 29995 29995 29995 29995
 12179 12179 12179 12179 12179 12179 12179 12179 12179 12179
 31411 31411 31411 31411 31411 31411 31411 31411 31411 31411
 16962 16962 16962 16962 16962 16962 16962 16962 16962 16962
 15289 15289 15289 15289 15289 15289 15289 15289 15289 15289
 3939 3939 3939 3939 3939 3939 3939 3939 3939 3939
 20419 20419 20419 20419 20419 20419 20419 20419 20419 20419
 18254 18254 18254 18254 18254 18254 18254 18254 18254 18254
 30708 30708 30708 30708 30708 30708 30708 30708 30708 30708
 28458 28458 28458 28458 28458 28458 28458 28458 28458 28458
 25174 25174 25174 25174 25174 25174 25174 25174 25174 25174
 21424 21424 21424 21424 21424 21424 21424 21424 21424 21424
 26304 26304 26304 26304 26304 26304 26304 26304 26304 26304
 1734 1734 1734 1734 1734 1734 1734 1734 1734 1734
 20044 20044 20044 20044 20044 20044 20044 20044 20044 20044
 11791 11791 11791 11791 11791 11791 11791 11791 11791 11791
 7773 7773 7773 7773 7773 7773 7773 7773 7773 7773
 11111 11111 11111 11111 11111 11111 11111 11111 11111 11111
 8957 8957 8957 8957 8957 8957 8957 8957 8957 8957
 12173 12173 12173 12173 12173 12173 12173 12173 12173 12173
 5850 5850 5850 5850 5850 5850 5850 5850 5850 5850
 30396 30396 30396 30396 30396 30396 30396 30396 30396 30396
 28024 28024 28024 28024 28024 28024 28024 28024 28024 28024
 11064 11064 11064 11064 11064 11064 11064 11064 11064 11064
 3624 3624 3624 3624 3624 3624 3624 3624 3624 3624
 10250 10250 10250 10250 10250 10250 10250 10250 10250 10250
 27612 27612 27612 27612 27612 27612 27612 27612 27612 27612
 29539 29539 29539 29539 29539 29539 29539 29539 29539 29539
 14994 14994 14994 14994 14994 14994 14994 14994 14994 14994
 29907 29907 29907 29907 29907 29907 29907 29907 29907 29907
 31515 31515 31515 31515 31515 31515 31515 31515 31515 31515
 264 264 264 264 264 264 264 264 264 264
 25015 25015 25015 25015 25015 25015 25015 25015 25015 25015
 23720 23720 23720 23720 23720 23720 23720 23720 23720 23720
 23008 23008 23008 23008 23008 23008 23008 23008 23008 23008
 9693 9693 9693 9693 9693 9693 9693 9693 9693 9693
 30521 30521 30521 30521 30521 30521 30521 30521 30521 30521
 27433 27433 27433 27433 27433 27433 27433 27433 27433 27433
 1242 1242 1242 1242 1242 1242 1242 1242 1242 1242
 11852 11852 11852 11852 11852 11852 11852 11852 11852 11852
 10563 10563 10563 10563 10563 10563 10563 10563 10563 10563
 10102 10102 10102 10102 10102 10102 10102 10102 10102 10102
 179 179 179 179 179 179 179 179 179 179
 17106 17106 17106 17106 17106 17106 17106 17106 17106 17106
 4330 4330 4330 4330 4330 4330 4330 4330 4330 4330
 10320 10320 10320 10320 10320 10320 10320 10320 10320 10320
 28607 28607 28607 28607 28607 28607 28607 28607 28607 28607
 4153 4153 4153 4153 4153 4153 4153 4153 4153 4153
 16457 16457 16457 16457 16457 16457 16457 16457 16457 16457
 15973 15973 15973 15973 15973 15973 15973 15973 15973 15973
 13717 13717 13717 13717 13717 13717 13717 13717 13717 13717
 8540 8540 8540 8540 8540 8540 8540 8540 8540 8540
 22106 22106 22106 22106 22106 22106 22106 22106 22106 22106
 1513 1513 1513 1513 1513 1513 1513 1513 1513 1513
 12994 12994 12994 12994 12994 12994 12994 12994 12994 12994
 4320 4320 4320 4320 4320 4320 4320 4320 4320 4320
 14126 14126 14126 14126 14126 14126 14126 14126 14126 14126
 24304 24304 24304 24304 24304 24304 24304 24304 24304 24304
 142 142 142 142 142 142 142 142 142 142
 14299 14299 14299 14299 14299 14299 14299 14299 14299 14299
 11358 11358 11358 11358 11358 11358 11358 11358 11358 11358
 31931 31931 31931 31931 31931 31931 31931 31931 31931 31931
 4912 4912 4912 4912 4912 4912 4912 4912 4912 4912
 24968 24968 24968 24968 24968 24968 24968 24968 24968 24968
 24508 24508 24508 24508 24508 24508 24508 24508 24508 24508
 25977 25977 25977 25977 25977 25977 25977 25977 25977 25977
 15759 15759 15759 15759 15759 15759 15759 15759 15759 15759
 19355 19355 19355 19355 19355 19355 19355 19355 19355 19355
 30463 30463 30463 30463 30463 30463 30463 30463 30463 30463
 2422 2422 2422 2422 2422 2422 2422 2422 2422 2422
 30560 30560 30560 30560 30560 30560 30560 30560 30560 30560
 4065 4065 4065 4065 4065 4065 4065 4065 4065 4065
 20898 20898 20898 20898 20898 20898 20898 20898 20898 20898
 8973 8973 8973 8973 8973 8973 8973 8973 8973 8973
 1431 1431 1431 1431 1431 1431 1431 1431 1431 1431
 12680 12680 12680 12680 12680 12680 12680 12680 12680 12680
 8932 8932 8932 8932 8932 8932 8932 8932 8932 8932
 25086 25086 25086 25086 25086 25086 25086 25086 25086 25086
 8623 8623 8623 8623 8623 8623 8623 8623 8623 8623
 14259 14259 14259 14259 14259 14259 14259 14259 14259 14259
 2875 2875 2875 2875 2875 2875 2875 2875 2875 2875
 4861 4861 4861 4861 4861 4861 4861 4861 4861 4861
 17996 17996 17996 17996 17996 17996 17996 17996 17996 17996
 18005 18005 18005 18005 18005 18005 18005 18005 18005 18005
 14522 14522 14522 14522 14522 14522 14522 14522 14522 14522
 5917 5917 5917 5917 5917 5917 5917 5917 5917 5917
 19991 19991 19991 19991 19991 19991 19991 19991 19991 19991
 3817 3817 3817 3817 3817 3817 3817 3817 3817 3817
 370 370 370 370 370 370 370 370 370 370
 4098 4098 4098 4098 4098 4098 4098 4098 4098 4098
 15236 15236 15236 15236 15236 15236 15236 15236 15236 15236
 2238 2238 2238 2238 2238 2238 2238 2238 2238 2238
 19685 19685 19685 19685 19685 19685 19685 19685 19685 19685
 32206 32206 32206 32206 32206 32206 32206 32206 32206 32206
 15168 15168 15168 15168 15168 15168 15168 15168 15168 15168
 8143 8143 8143 8143 8143 8143 8143 8143 8143 8143
 8058 8058 8058 8058 8058 8058 8058 8058 8058 8058
 23024 23024 23024 23024 23024 23024 23024 23024 23024 23024
 16861 16861 16861 16861 16861 16861 16861 16861 16861 16861
 20632 20632 20632 20632 20632 20632 20632 20632 20632 20632
 30914 30914 30914 30914 30914 30914 30914 30914 30914 30914
 16760 16760 16760 16760 16760 16760 16760 16760 16760 16760
 31132 31132 31132 31132 31132 31132 31132 31132 31132 31132
 15251 15251 15251 15251 15251 15251 15251 15251 15251 15251
 19675 19675 19675 19675 19675 19675 19675 19675 19675 19675
 31544 31544 31544 31544 31544 31544 31544 31544 31544 31544
 26600 26600 26600 26600 26600 26600 26600 26600 26600 26600
 23783 23783 23783 23783 23783 23783 23783 23783 23783 23783
 1183 1183 1183 1183 1183 1183 1183 1183 1183 1183
 7331 7331 7331 7331 7331 7331 7331 7331 7331 7331
 19084 19084 19084 19084 19084 19084 19084 19084 19084 19084
 31282 31282 31282 31282 31282 31282 31282 31282 31282 31282
 17318 17318 17318 17318 17318 17318 17318 17318 17318 17318
 6244 6244 6244 6244 6244 6244 6244 6244 6244 6244
 2011 2011 2011 2011 2011 2011 2011 2011 2011 2011
 27027 27027 27027 27027 27027 27027 27027 27027 27027 27027
 243 243 243 243 243 243 243 243 243 243
 29600 29600 29600 29600 29600 29600 29600 29600 29600 29600
 19681 19681 19681 19681 19681 19681 19681 19681 19681 19681
 28407 28407 28407 28407 28407 28407 28407 28407 28407 28407
 29704 29704 29704 29704 29704 29704 29704 29704 29704 29704
 26005 26005 26005 26005 26005 26005 26005 26005 26005 26005
 19538 19538 19538 19538 19538 19538 19538 19538 19538 19538
 24652 24652 24652 24652 24652 24652 24652 24652 24652 24652
 23231 23231 23231 23231 23231 23231 23231 23231 23231 23231
 21208 21208 21208 21208 21208 21208 21208 21208 21208 21208
 2574 2574 2574 2574 2574 2574 2574 2574 2574 2574
 30645 30645 30645 30645 30645 30645 30645 30645 30645 30645
 12410 12410 12410 12410 12410 12410 12410 12410 12410 12410
 27648 27648 27648 27648 27648 27648 27648 27648 27648 27648
 6229 6229 6229 6229 6229 6229 6229 6229 6229 6229
 5626 5626 5626 5626 5626 5626 5626 5626 5626 5626
 29359 29359 29359 29359 29359 29359 29359 29359 29359 29359
 27465 27465 27465 27465 27465 27465 27465 27465 27465 27465
 9563 9563 9563 9563 9563 9563 9563 9563 9563 9563
 9052 9052 9052 9052 9052 9052 9052 9052 9052 9052
 9856 9856 9856 9856 9856 9856 9856 9856 9856 9856
 22916 22916 22916 22916 22916 22916 22916 22916 22916 22916
 2005 2005 2005 2005 2005 2005 2005 2005 2005 2005
 22364 22364 22364 22364 22364 22364 22364 22364 22364 22364
 6254 6254 6254 6254 6254 6254 6254 6254 6254 6254
 3265 3265 3265 3265 3265 3265 3265 3265 3265 3265
 6445 6445 6445 6445 6445 6445 6445 6445 6445 6445
 7301 7301 7301 7301 7301 7301 7301 7301 7301 7301
 4466 4466 4466 4466 4466 4466 4466 4466 4466 4466
 7834 7834 7834 7834 7834 7834 7834 7834 7834 7834
 12315 12315 12315 12315 12315 12315 12315 12315 12315 12315
 6799 6799 6799 6799 6799 6799 6799 6799 6799 6799
 23172 23172 23172 23172 23172 23172 23172 23172 23172 23172
 13520 13520 13520 13520 13520 13520 13520 13520 13520 13520
 27752 27752 27752 27752 27752 27752 27752 27752 27752 27752
 28044 28044 28044 28044 28044 28044 28044 28044 28044 28044
 18764 18764 18764 18764 18764 18764 18764 18764 18764 18764
 27423 27423 27423 27423 27423 27423 27423 27423 27423 27423
 31895 31895 31895 31895 31895 31895 31895 31895 31895 31895
 22299 22299 22299 22299 22299 22299 22299 22299 22299 22299
 1674 1674 1674 1674 1674 1674 1674 1674 1674 1674
 9966 9966 9966 9966 9966 9966 9966 9966 9966 9966
 30571 30571 30571 30571 30571 30571 30571 30571 30571 30571
 13272 13272 13272 13272 13272 13272 13272 13272 13272 13272
 32652 32652 32652 32652 32652 32652 32652 32652 32652 32652
 26552 26552 26552 26552 26552 26552 26552 26552 26552 26552
 565 565 565 565 565 565 565 565 565 565
 4504 4504 4504 4504 4504 4504 4504 4504 4504 4504
 23130 23130 23130 23130 23130 23130 23130 23130 23130 23130
 30150 30150 30150 30150 30150 30150 30150 30150 30150 30150
 25283 25283 25283 25283 25283 25283 25283 25283 25283 25283
 7636 7636 7636 7636 7636 7636 7636 7636 7636 7636
 297 297 297 297 297 297 297 297 297 297
 22763 22763 22763 22763 22763 22763 22763 22763 22763 22763
 18885 18885 18885 18885 18885 18885 18885 18885 18885 18885
