 2455 2455 2455 2455 2455 2455 2455 2455 2455 2455
 20437 20437 20437 20437 20437 20437 20437 20437 20437 20437
 31138 31138 31138 31138 31138 31138 31138 31138 31138 31138
 6418 6418 6418 6418 6418 6418 6418 6418 6418 6418
 3583 3583 3583 3583 3583 3583 3583 3583 3583 3583
 9196 9196 9196 9196 9196 9196 9196 9196 9196 9196
 9628 9628 9628 9628 9628 9628 9628 9628 9628 9628
 31500 31500 31500 31500 31500 31500 31500 31500 31500 31500
 28185 28185 28185 28185 28185 28185 28185 28185 28185 28185
 272 272 272 272 272 272 272 272 272 272
 28450 28450 28450 28450 28450 28450 28450 28450 28450 28450
 27749 27749 27749 27749 27749 27749 27749 27749 27749 27749
 12516 12516 12516 12516 12516 12516 12516 12516 12516 12516
 8023 8023 8023 8023 8023 8023 8023 8023 8023 8023
 15958 15958 15958 15958 15958 15958 15958 15958 15958 15958
 17100 17100 17100 17100 17100 17100 17100 17100 17100 17100
 13815 13815 13815 13815 13815 13815 13815 13815 13815 13815
 14358 14358 14358 14358 14358 14358 14358 14358 14358 14358
 26704 26704 26704 26704 26704 26704 26704 26704 26704 26704
 14765 14765 14765 14765 14765 14765 14765 14765 14765 14765
 20532 20532 20532 20532 20532 20532 20532 20532 20532 20532
 22793 22793 22793 22793 22793 22793 22793 22793 22793 22793
 10340 10340 10340 10340 10340 10340 10340 10340 10340 10340
 217 217 217 217 217 217 217 217 217 217
 29901 29901 29901 29901 29901 29901 29901 29901 29901 29901
 1685 1685 1685 1685 1685 1685 1685 1685 1685 1685
 31835 31835 31835 31835 31835 31835 31835 31835 31835 31835
 3325 3325 3325 3325 3325 3325 3325 3325 3325 3325
 23261 23261 23261 23261 23261 23261 23261 23261 23261 23261
 9140 9140 9140 9140 9140 9140 9140 9140 9140 9140
 15594 15594 15594 15594 15594 15594 15594 15594 15594 15594
 25536 25536 25536 25536 25536 25536 25536 25536 25536 25536
 5471 5471 5471 5471 5471 5471 5471 5471 5471 5471
 27477 27477 27477 27477 27477 27477 27477 27477 27477 27477
 21539 21539 21539 21539 21539 21539 21539 21539 21539 21539
 2927 2927 2927 2927 2927 2927 2927 2927 2927 2927
 18938 18938 18938 18938 18938 18938 18938 18938 18938 18938
 24215 24215 24215 24215 24215 24215 24215 24215 24215 24215
 14198 14198 14198 14198 14198 14198 14198 14198 14198 14198
 23860 23860 23860 23860 23860 23860 23860 23860 23860 23860
 13499 13499 13499 13499 13499 13499 13499 13499 13499 13499
 8179 8179 8179 8179 8179 8179 8179 8179 8179 8179
 14946 14946 14946 14946 14946 14946 14946 14946 14946 14946
 13372 13372 13372 13372 13372 13372 13372 13372 13372 13372
 10895 10895 10895 10895 10895 10895 10895 10895 10895 10895
 27253 27253 27253 27253 27253 27253 27253 27253 27253 27253
 29474 29474 29474 29474 29474 29474 29474 29474 29474 29474
 1746 1746 1746 1746 1746 1746 1746 1746 1746 1746
 4585 4585 4585 4585 4585 4585 4585 4585 4585 4585
 7803 7803 7803 7803 7803 7803 7803 7803 7803 7803
 26733 26733 26733 26733 26733 26733 26733 26733 26733 26733
 2979 2979 2979 2979 2979 2979 2979 2979 2979 2979
 15552 15552 15552 15552 15552 15552 15552 15552 15552 15552
 7717 7717 7717 7717 7717 7717 7717 7717 7717 7717
 19606 19606 19606 19606 19606 19606 19606 19606 19606 19606
 23318 23318 23318 23318 23318 23318 23318 23318 23318 23318
 23751 23751 23751 23751 23751 23751 23751 23751 23751 23751
 19409 19409 19409 19409 19409 19409 19409 19409 19409 19409
 15253 15253 15253 15253 15253 15253 15253 15253 15253 15253
 4262 4262 4262 4262 4262 4262 4262 4262 4262 4262
 20602 20602 20602 20602 20602 20602 20602 20602 20602 20602
 19830 19830 19830 19830 19830 19830 19830 19830 19830 19830
 16978 16978 16978 16978 16978 16978 16978 16978 16978 16978
 26029 26029 26029 26029 26029 26029 26029 26029 26029 26029
 4581 4581 4581 4581 4581 4581 4581 4581 4581 4581
 10208 10208 10208 10208 10208 10208 10208 10208 10208 10208
 884 884 884 884 884 884 884 884 884 884
 31888 31888 31888 31888 31888 31888 31888 31888 31888 31888
 3702 3702 3702 3702 3702 3702 3702 3702 3702 3702
 12842 12842 12842 12842 12842 12842 12842 12842 12842 12842
 6438 6438 6438 6438 6438 6438 6438 6438 6438 6438
 22656 22656 22656 22656 22656 22656 22656 22656 22656 22656
 30101 30101 30101 30101 30101 30101 30101 30101 30101 30101
 16934 16934 16934 16934 16934 16934 16934 16934 16934 16934
 5918 5918 5918 5918 5918 5918 5918 5918 5918 5918
 1316 1316 1316 1316 1316 1316 1316 1316 1316 1316
 12485 12485 12485 12485 12485 12485 12485 12485 12485 12485
 1145 1145 1145 1145 1145 1145 1145 1145 1145 1145
 28414 28414 28414 28414 28414 28414 28414 28414 28414 28414
 2955 2955 2955 2955 2955 2955 2955 2955 2955 2955
 10273 10273 10273 10273 10273 10273 10273 10273 10273 10273
 26099 26099 26099 26099 26099 26099 26099 26099 26099 26099
 31352 31352 31352 31352 31352 31352 31352 31352 31352 31352
 5210 5210 5210 5210 5210 5210 5210 5210 5210 5210
 16139 16139 16139 16139 16139 16139 16139 16139 16139 16139
 14814 14814 14814 14814 14814 14814 14814 14814 14814 14814
 21991 21991 21991 21991 21991 21991 21991 21991 21991 21991
 23667 23667 23667 23667 23667 23667 23667 23667 23667 23667
 14295 14295 14295 14295 14295 14295 14295 14295 14295 14295
 25139 25139 25139 25139 25139 25139 25139 25139 25139 25139
 19546 19546 19546 19546 19546 19546 19546 19546 19546 19546
 31163 31163 31163 31163 31163 31163 31163 31163 31163 31163
 16257 16257 16257 16257 16257 16257 16257 16257 16257 16257
 1877 1877 1877 1877 1877 1877 1877 1877 1877 1877
 2533 2533 2533 2533 2533 2533 2533 2533 2533 2533
 16418 16418 16418 16418 16418 16418 16418 16418 16418 16418
 8516 8516 8516 8516 8516 8516 8516 8516 8516 8516
 15748 15748 15748 15748 15748 15748 15748 15748 15748 15748
 18677 18677 18677 18677 18677 18677 18677 18677 18677 18677
 4764 4764 4764 4764 4764 4764 4764 4764 4764 4764
 24407 24407 24407 24407 24407 24407 24407 24407 24407 24407
 6003 6003 6003 6003 6003 6003 6003 6003 6003 6003
 11317 11317 11317 11317 11317 11317 11317 11317 11317 11317
 1901 1901 1901 1901 1901 1901 1901 1901 1901 1901
 21311 21311 21311 21311 21311 21311 21311 21311 21311 21311
 31381 31381 31381 31381 31381 31381 31381 31381 31381 31381
 6881 6881 6881 6881 6881 6881 6881 6881 6881 6881
 30065 30065 30065 30065 30065 30065 30065 30065 30065 30065
 4485 4485 4485 4485 4485 4485 4485 4485 4485 4485
 2563 2563 2563 2563 2563 2563 2563 2563 2563 2563
 30173 30173 30173 30173 30173 30173 30173 30173 30173 30173
 11496 11496 11496 11496 11496 11496 11496 11496 11496 11496
 699 699 699 699 699 699 699 699 699 699
 6401 6401 6401 6401 6401 6401 6401 6401 6401 6401
 24178 24178 24178 24178 24178 24178 24178 24178 24178 24178
 11777 11777 11777 11777 11777 11777 11777 11777 11777 11777
 1262 1262 1262 1262 1262 1262 1262 1262 1262 1262
 428 428 428 428 428 428 428 428 428 428
 8309 8309 8309 8309 8309 8309 8309 8309 8309 8309
 14379 14379 14379 14379 14379 14379 14379 14379 14379 14379
 13314 13314 13314 13314 13314 13314 13314 13314 13314 13314
 15958 15958 15958 15958 15958 15958 15958 15958 15958 15958
 8660 8660 8660 8660 8660 8660 8660 8660 8660 8660
 8190 8190 8190 8190 8190 8190 8190 8190 8190 8190
 31320 31320 31320 31320 31320 31320 31320 31320 31320 31320
 23652 23652 23652 23652 23652 23652 23652 23652 23652 23652
 501 501 501 501 501 501 501 501 501 501
 7925 7925 7925 7925 7925 7925 7925 7925 7925 7925
 11901 11901 11901 11901 11901 11901 11901 11901 11901 11901
 17039 17039 17039 17039 17039 17039 17039 17039 17039 17039
 109 109 109 109 109 109 109 109 109 109
 9828 9828 9828 9828 9828 9828 9828 9828 9828 9828
 7571 7571 7571 7571 7571 7571 7571 7571 7571 7571
 30799 30799 30799 30799 30799 30799 30799 30799 30799 30799
 12124 12124 12124 12124 12124 12124 12124 12124 12124 12124
 28592 28592 28592 28592 28592 28592 28592 28592 28592 28592
 24563 24563 24563 24563 24563 24563 24563 24563 24563 24563
 32215 32215 32215 32215 32215 32215 32215 32215 32215 32215
 29844 29844 29844 29844 29844 29844 29844 29844 29844 29844
 26354 26354 26354 26354 26354 26354 26354 26354 26354 26354
 28267 28267 28267 28267 28267 28267 28267 28267 28267 28267
 24432 24432 24432 24432 24432 24432 24432 24432 24432 24432
 25917 25917 25917 25917 25917 25917 25917 25917 25917 25917
 16857 16857 16857 16857 16857 16857 16857 16857 16857 16857
 11131 11131 11131 11131 11131 11131 11131 11131 11131 11131
 29733 29733 29733 29733 29733 29733 29733 29733 29733 29733
 22395 22395 22395 22395 22395 22395 22395 22395 22395 22395
 4326 4326 4326 4326 4326 4326 4326 4326 4326 4326
 16420 16420 16420 16420 16420 16420 16420 16420 16420 16420
 22126 22126 22126 22126 22126 22126 22126 22126 22126 22126
 1221 1221 1221 1221 1221 1221 1221 1221 1221 1221
 24499 24499 24499 24499 24499 24499 24499 24499 24499 24499
 11552 11552 11552 11552 11552 11552 11552 11552 11552 11552
 14339 14339 14339 14339 14339 14339 14339 14339 14339 14339
 6566 6566 6566 6566 6566 6566 6566 6566 6566 6566
 32370 32370 32370 32370 32370 32370 32370 32370 32370 32370
 10196 10196 10196 10196 10196 10196 10196 10196 10196 10196
 31817 31817 31817 31817 31817 31817 31817 31817 31817 31817
 22622 22622 22622 22622 22622 22622 22622 22622 22622 22622
 16145 16145 16145 16145 16145 16145 16145 16145 16145 16145
 6982 6982 6982 6982 6982 6982 6982 6982 6982 6982
 18743 18743 18743 18743 18743 18743 18743 18743 18743 18743
 5499 5499 5499 5499 5499 5499 5499 5499 5499 5499
 977 977 977 977 977 977 977 977 977 977
 12884 12884 12884 12884 12884 12884 12884 12884 12884 12884
 598 598 598 598 598 598 598 598 598 598
 11493 11493 11493 11493 11493 11493 11493 11493 11493 11493
 12811 12811 12811 12811 12811 12811 12811 12811 12811 12811
 7973 7973 7973 7973 7973 7973 7973 7973 7973 7973
 1216 1216 1216 1216 1216 1216 1216 1216 1216 1216
 11925 11925 11925 11925 11925 11925 11925 11925 11925 11925
 31707 31707 31707 31707 31707 31707 31707 31707 31707 31707
 14267 14267 14267 14267 14267 14267 14267 14267 14267 14267
 30118 30118 30118 30118 30118 30118 30118 30118 30118 30118
 11173 11173 11173 11173 11173 11173 11173 11173 11173 11173
 12421 12421 12421 12421 12421 12421 12421 12421 12421 12421
 8615 8615 8615 8615 8615 8615 8615 8615 8615 8615
 3654 3654 3654 3654 3654 3654 3654 3654 3654 3654
 14133 14133 14133 14133 14133 14133 14133 14133 14133 14133
 8353 8353 8353 8353 8353 8353 8353 8353 8353 8353
 21619 21619 21619 21619 21619 21619 21619 21619 21619 21619
 29080 29080 29080 29080 29080 29080 29080 29080 29080 29080
 3198 3198 3198 3198 3198 3198 3198 3198 3198 3198
 17154 17154 17154 17154 17154 17154 17154 17154 17154 17154
 27323 27323 27323 27323 27323 27323 27323 27323 27323 27323
 28015 28015 28015 28015 28015 28015 28015 28015 28015 28015
 23757 23757 23757 23757 23757 23757 23757 23757 23757 23757
 18116 18116 18116 18116 18116 18116 18116 18116 18116 18116
 14695 14695 14695 14695 14695 14695 14695 14695 14695 14695
 24764 24764 24764 24764 24764 24764 24764 24764 24764 24764
 11206 11206 11206 11206 11206 11206 11206 11206 11206 11206
 8617 8617 8617 8617 8617 8617 8617 8617 8617 8617
 5904 5904 5904 5904 5904 5904 5904 5904 5904 5904
 25714 25714 25714 25714 25714 25714 25714 25714 25714 25714
 13305 13305 13305 13305 13305 13305 13305 13305 13305 13305
 28725 28725 28725 28725 28725 28725 28725 28725 28725 28725
 23625 23625 23625 23625 23625 23625 23625 23625 23625 23625
 24757 24757 24757 24757 24757 24757 24757 24757 24757 24757
 13723 13723 13723 13723 13723 13723 13723 13723 13723 13723
 4328 4328 4328 4328 4328 4328 4328 4328 4328 4328
 3273 3273 3273 3273 3273 3273 3273 3273 3273 3273
 3449 3449 3449 3449 3449 3449 3449 3449 3449 3449
 12388 12388 12388 12388 12388 12388 12388 12388 12388 12388
 7689 7689 7689 7689 7689 7689 7689 7689 7689 7689
 7956 7956 7956 7956 7956 7956 7956 7956 7956 7956
 4231 4231 4231 4231 4231 4231 4231 4231 4231 4231
 12969 12969 12969 12969 12969 12969 12969 12969 12969 12969
 6943 6943 6943 6943 6943 6943 6943 6943 6943 6943
 18415 18415 18415 18415 18415 18415 18415 18415 18415 18415
 19191 19191 19191 19191 19191 19191 19191 19191 19191 19191
 29501 29501 29501 29501 29501 29501 29501 29501 29501 29501
 31512 31512 31512 31512 31512 31512 31512 31512 31512 31512
 1568 1568 1568 1568 1568 1568 1568 1568 1568 1568
 17888 17888 17888 17888 17888 17888 17888 17888 17888 17888
 9951 9951 9951 9951 9951 9951 9951 9951 9951 9951
 8939 8939 8939 8939 8939 8939 8939 8939 8939 8939
 11403 11403 11403 11403 11403 11403 11403 11403 11403 11403
 31971 31971 31971 31971 31971 31971 31971 31971 31971 31971
 31081 31081 31081 31081 31081 31081 31081 31081 31081 31081
 7313 7313 7313 7313 7313 7313 7313 7313 7313 7313
 13936 13936 13936 13936 13936 13936 13936 13936 13936 13936
 8856 8856 8856 8856 8856 8856 8856 8856 8856 8856
 20020 20020 20020 20020 20020 20020 20020 20020 20020 20020
 30871 30871 30871 30871 30871 30871 30871 30871 30871 30871
 9159 9159 9159 9159 9159 9159 9159 9159 9159 9159
 4332 4332 4332 4332 4332 4332 4332 4332 4332 4332
 6780 6780 6780 6780 6780 6780 6780 6780 6780 6780
 3381 3381 3381 3381 3381 3381 3381 3381 3381 3381
 23255 23255 23255 23255 23255 23255 23255 23255 23255 23255
 13078 13078 13078 13078 13078 13078 13078 13078 13078 13078
 14312 14312 14312 14312 14312 14312 14312 14312 14312 14312
 32051 32051 32051 32051 32051 32051 32051 32051 32051 32051
 29114 29114 29114 29114 29114 29114 29114 29114 29114 29114
 6801 6801 6801 6801 6801 6801 6801 6801 6801 6801
 25501 25501 25501 25501 25501 25501 25501 25501 25501 25501
 13474 13474 13474 13474 13474 13474 13474 13474 13474 13474
 15732 15732 15732 15732 15732 15732 15732 15732 15732 15732
 26070 26070 26070 26070 26070 26070 26070 26070 26070 26070
 1023 1023 1023 1023 1023 1023 1023 1023 1023 1023
 5020 5020 5020 5020 5020 5020 5020 5020 5020 5020
 13286 13286 13286 13286 13286 13286 13286 13286 13286 13286
 24509 24509 24509 24509 24509 24509 24509 24509 24509 24509
 6508 6508 6508 6508 6508 6508 6508 6508 6508 6508
 16531 16531 16531 16531 16531 16531 16531 16531 16531 16531
 8528 8528 8528 8528 8528 8528 8528 8528 8528 8528
 22639 22639 22639 22639 22639 22639 22639 22639 22639 22639
 8251 8251 8251 8251 8251 8251 8251 8251 8251 8251
 9181 9181 9181 9181 9181 9181 9181 9181 9181 9181
 21944 21944 21944 21944 21944 21944 21944 21944 21944 21944
 27739 27739 27739 27739 27739 27739 27739 27739 27739 27739
 28451 28451 28451 28451 28451 28451 28451 28451 28451 28451
 15679 15679 15679 15679 15679 15679 15679 15679 15679 15679
 8870 8870 8870 8870 8870 8870 8870 8870 8870 8870
 4193 4193 4193 4193 4193 4193 4193 4193 4193 4193
 9979 9979 9979 9979 9979 9979 9979 9979 9979 9979
 1131 1131 1131 1131 1131 1131 1131 1131 1131 1131
 24304 24304 24304 24304 24304 24304 24304 24304 24304 24304
 7241 7241 7241 7241 7241 7241 7241 7241 7241 7241
 8873 8873 8873 8873 8873 8873 8873 8873 8873 8873
 24456 24456 24456 24456 24456 24456 24456 24456 24456 24456
 31177 31177 31177 31177 31177 31177 31177 31177 31177 31177
 20128 20128 20128 20128 20128 20128 20128 20128 20128 20128
 10921 10921 10921 10921 10921 10921 10921 10921 10921 10921
 29355 29355 29355 29355 29355 29355 29355 29355 29355 29355
 2925 2925 2925 2925 2925 2925 2925 2925 2925 2925
 23795 23795 23795 23795 23795 23795 23795 23795 23795 23795
 31305 31305 31305 31305 31305 31305 31305 31305 31305 31305
 28955 28955 28955 28955 28955 28955 28955 28955 28955 28955
 32758 32758 32758 32758 32758 32758 32758 32758 32758 32758
 7289 7289 7289 7289 7289 7289 7289 7289 7289 7289
 1491 1491 1491 1491 1491 1491 1491 1491 1491 1491
 13184 13184 13184 13184 13184 13184 13184 13184 13184 13184
 27705 27705 27705 27705 27705 27705 27705 27705 27705 27705
 25804 25804 25804 25804 25804 25804 25804 25804 25804 25804
 15239 15239 15239 15239 15239 15239 15239 15239 15239 15239
 27341 27341 27341 27341 27341 27341 27341 27341 27341 27341
 29224 29224 29224 29224 29224 29224 29224 29224 29224 29224
 28097 28097 28097 28097 28097 28097 28097 28097 28097 28097
 20220 20220 20220 20220 20220 20220 20220 20220 20220 20220
 12198 12198 12198 12198 12198 12198 12198 12198 12198 12198
 22940 22940 22940 22940 22940 22940 22940 22940 22940 22940
 19744 19744 19744 19744 19744 19744 19744 19744 19744 19744
 13471 13471 13471 13471 13471 13471 13471 13471 13471 13471
 30782 30782 30782 30782 30782 30782 30782 30782 30782 30782
 116 116 116 116 116 116 116 116 116 116
 1844 1844 1844 1844 1844 1844 1844 1844 1844 1844
 12155 12155 12155 12155 12155 12155 12155 12155 12155 12155
 25610 25610 25610 25610 25610 25610 25610 25610 25610 25610
 151 151 151 151 151 151 151 151 151 151
 29536 29536 29536 29536 29536 29536 29536 29536 29536 29536
 27479 27479 27479 27479 27479 27479 27479 27479 27479 27479
 20028 20028 20028 20028 20028 20028 20028 20028 20028 20028
 5833 5833 5833 5833 5833 5833 5833 5833 5833 5833
 8710 8710 8710 8710 8710 8710 8710 8710 8710 8710
 30617 30617 30617 30617 30617 30617 30617 30617 30617 30617
 5561 5561 5561 5561 5561 5561 5561 5561 5561 5561
 29874 29874 29874 29874 29874 29874 29874 29874 29874 29874
 9957 9957 9957 9957 9957 9957 9957 9957 9957 9957
 20939 20939 20939 20939 20939 20939 20939 20939 20939 20939
 15095 15095 15095 15095 15095 15095 15095 15095 15095 15095
