 8076 8076 8076 8076 8076 8076 8076 8076 8076 8076
 17936 17936 17936 17936 17936 17936 17936 17936 17936 17936
 4300 4300 4300 4300 4300 4300 4300 4300 4300 4300
 2358 2358 2358 2358 2358 2358 2358 2358 2358 2358
 2922 2922 2922 2922 2922 2922 2922 2922 2922 2922
 31280 31280 31280 31280 31280 31280 31280 31280 31280 31280
 10639 10639 10639 10639 10639 10639 10639 10639 10639 10639
 18813 18813 18813 18813 18813 18813 18813 18813 18813 18813
 28611 28611 28611 28611 28611 28611 28611 28611 28611 28611
 3149 3149 3149 3149 3149 3149 3149 3149 3149 3149
 28902 28902 28902 28902 28902 28902 28902 28902 28902 28902
 15634 15634 15634 15634 15634 15634 15634 15634 15634 15634
 12646 12646 12646 12646 12646 12646 12646 12646 12646 12646
 20042 20042 20042 20042 20042 20042 20042 20042 20042 20042
 8209 8209 8209 8209 8209 8209 8209 8209 8209 8209
 2331 2331 2331 2331 2331 2331 2331 2331 2331 2331
 27548 27548 27548 27548 27548 27548 27548 27548 27548 27548
 6673 6673 6673 6673 6673 6673 6673 6673 6673 6673
 30909 30909 30909 30909 30909 30909 30909 30909 30909 30909
 29604 29604 29604 29604 29604 29604 29604 29604 29604 29604
 26991 26991 26991 26991 26991 26991 26991 26991 26991 26991
 18686 18686 18686 18686 18686 18686 18686 18686 18686 18686
 28347 28347 28347 28347 28347 28347 28347 28347 28347 28347
 24233 24233 24233 24233 24233 24233 24233 24233 24233 24233
 23866 23866 23866 23866 23866 23866 23866 23866 23866 23866
 25103 25103 25103 25103 25103 25103 25103 25103 25103 25103
 28617 28617 28617 28617 28617 28617 28617 28617 28617 28617
 6771 6771 6771 6771 6771 6771 6771 6771 6771 6771
 8537 8537 8537 8537 8537 8537 8537 8537 8537 8537
 8401 8401 8401 8401 8401 8401 8401 8401 8401 8401
 9645 9645 9645 9645 9645 9645 9645 9645 9645 9645
 20397 20397 20397 20397 20397 20397 20397 20397 20397 20397
 12764 12764 12764 12764 12764 12764 12764 12764 12764 12764
 15840 15840 15840 15840 15840 15840 15840 15840 15840 15840
 27321 27321 27321 27321 27321 27321 27321 27321 27321 27321
 25139 25139 25139 25139 25139 25139 25139 25139 25139 25139
 9431 9431 9431 9431 9431 9431 9431 9431 9431 9431
 31756 31756 31756 31756 31756 31756 31756 31756 31756 31756
 21844 21844 21844 21844 21844 21844 21844 21844 21844 21844
 14333 14333 14333 14333 14333 14333 14333 14333 14333 14333
 6707 6707 6707 6707 6707 6707 6707 6707 6707 6707
 17425 17425 17425 17425 17425 17425 17425 17425 17425 17425
 25336 25336 25336 25336 25336 25336 25336 25336 25336 25336
 12363 12363 12363 12363 12363 12363 12363 12363 12363 12363
 14432 14432 14432 14432 14432 14432 14432 14432 14432 14432
 30240 30240 30240 30240 30240 30240 30240 30240 30240 30240
 1291 1291 1291 1291 1291 1291 1291 1291 1291 1291
 28903 28903 28903 28903 28903 28903 28903 28903 28903 28903
 7902 7902 7902 7902 7902 7902 7902 7902 7902 7902
 16365 16365 16365 16365 16365 16365 16365 16365 16365 16365
 2294 2294 2294 2294 2294 2294 2294 2294 2294 2294
 1716 1716 1716 1716 1716 1716 1716 1716 1716 1716
 13341 13341 13341 13341 13341 13341 13341 13341 13341 13341
 9613 9613 9613 9613 9613 9613 9613 9613 9613 9613
 27532 27532 27532 27532 27532 27532 27532 27532 27532 27532
 24691 24691 24691 24691 24691 24691 24691 24691 24691 24691
 28065 28065 28065 28065 28065 28065 28065 28065 28065 28065
 11413 11413 11413 11413 11413 11413 11413 11413 11413 11413
 6343 6343 6343 6343 6343 6343 6343 6343 6343 6343
 27838 27838 27838 27838 27838 27838 27838 27838 27838 27838
 2278 2278 2278 2278 2278 2278 2278 2278 2278 2278
 24953 24953 24953 24953 24953 24953 24953 24953 24953 24953
 27894 27894 27894 27894 27894 27894 27894 27894 27894 27894
 26060 26060 26060 26060 26060 26060 26060 26060 26060 26060
 26966 26966 26966 26966 26966 26966 26966 26966 26966 26966
 25578 25578 25578 25578 25578 25578 25578 25578 25578 25578
 14498 14498 14498 14498 14498 14498 14498 14498 14498 14498
 20778 20778 20778 20778 20778 20778 20778 20778 20778 20778
 28041 28041 28041 28041 28041 28041 28041 28041 28041 28041
 6620 6620 6620 6620 6620 6620 6620 6620 6620 6620
 4922 4922 4922 4922 4922 4922 4922 4922 4922 4922
 27384 27384 27384 27384 27384 27384 27384 27384 27384 27384
 3851 3851 3851 3851 3851 3851 3851 3851 3851 3851
 21492 21492 21492 21492 21492 21492 21492 21492 21492 21492
 28104 28104 28104 28104 28104 28104 28104 28104 28104 28104
 6471 6471 6471 6471 6471 6471 6471 6471 6471 6471
 17781 17781 17781 17781 17781 17781 17781 17781 17781 17781
 17501 17501 17501 17501 17501 17501 17501 17501 17501 17501
 25631 25631 25631 25631 25631 25631 25631 25631 25631 25631
 27276 27276 27276 27276 27276 27276 27276 27276 27276 27276
 27062 27062 27062 27062 27062 27062 27062 27062 27062 27062
 2250 2250 2250 2250 2250 2250 2250 2250 2250 2250
 14571 14571 14571 14571 14571 14571 14571 14571 14571 14571
 8168 8168 8168 8168 8168 8168 8168 8168 8168 8168
 31358 31358 31358 31358 31358 31358 31358 31358 31358 31358
 9897 9897 9897 9897 9897 9897 9897 9897 9897 9897
 17763 17763 17763 17763 17763 17763 17763 17763 17763 17763
 17271 17271 17271 17271 17271 17271 17271 17271 17271 17271
 23904 23904 23904 23904 23904 23904 23904 23904 23904 23904
 29941 29941 29941 29941 29941 29941 29941 29941 29941 29941
 18667 18667 18667 18667 18667 18667 18667 18667 18667 18667
 22835 22835 22835 22835 22835 22835 22835 22835 22835 22835
 31174 31174 31174 31174 31174 31174 31174 31174 31174 31174
 21969 21969 21969 21969 21969 21969 21969 21969 21969 21969
 13906 13906 13906 13906 13906 13906 13906 13906 13906 13906
 31378 31378 31378 31378 31378 31378 31378 31378 31378 31378
 20141 20141 20141 20141 20141 20141 20141 20141 20141 20141
 28186 28186 28186 28186 28186 28186 28186 28186 28186 28186
 9214 9214 9214 9214 9214 9214 9214 9214 9214 9214
 15053 15053 15053 15053 15053 15053 15053 15053 15053 15053
 1600 1600 1600 1600 1600 1600 1600 1600 1600 1600
 1750 1750 1750 1750 1750 1750 1750 1750 1750 1750
 10015 10015 10015 10015 10015 10015 10015 10015 10015 10015
 12284 12284 12284 12284 12284 12284 12284 12284 12284 12284
 30166 30166 30166 30166 30166 30166 30166 30166 30166 30166
 24754 24754 24754 24754 24754 24754 24754 24754 24754 24754
 27019 27019 27019 27019 27019 27019 27019 27019 27019 27019
 20367 20367 20367 20367 20367 20367 20367 20367 20367 20367
 25708 25708 25708 25708 25708 25708 25708 25708 25708 25708
 5114 5114 5114 5114 5114 5114 5114 5114 5114 5114
 20521 20521 20521 20521 20521 20521 20521 20521 20521 20521
 26558 26558 26558 26558 26558 26558 26558 26558 26558 26558
 5255 5255 5255 5255 5255 5255 5255 5255 5255 5255
 936 936 936 936 936 936 936 936 936 936
 11774 11774 11774 11774 11774 11774 11774 11774 11774 11774
 13094 13094 13094 13094 13094 13094 13094 13094 13094 13094
 13821 13821 13821 13821 13821 13821 13821 13821 13821 13821
 14151 14151 14151 14151 14151 14151 14151 14151 14151 14151
 19575 19575 19575 19575 19575 19575 19575 19575 19575 19575
 18140 18140 18140 18140 18140 18140 18140 18140 18140 18140
 26406 26406 26406 26406 26406 26406 26406 26406 26406 26406
 18255 18255 18255 18255 18255 18255 18255 18255 18255 18255
 27258 27258 27258 27258 27258 27258 27258 27258 27258 27258
 4485 4485 4485 4485 4485 4485 4485 4485 4485 4485
 26643 26643 26643 26643 26643 26643 26643 26643 26643 26643
 2563 2563 2563 2563 2563 2563 2563 2563 2563 2563
 7227 7227 7227 7227 7227 7227 7227 7227 7227 7227
 8131 8131 8131 8131 8131 8131 8131 8131 8131 8131
 23107 23107 23107 23107 23107 23107 23107 23107 23107 23107
 16233 16233 16233 16233 16233 16233 16233 16233 16233 16233
 23692 23692 23692 23692 23692 23692 23692 23692 23692 23692
 16261 16261 16261 16261 16261 16261 16261 16261 16261 16261
 27765 27765 27765 27765 27765 27765 27765 27765 27765 27765
 17424 17424 17424 17424 17424 17424 17424 17424 17424 17424
 10025 10025 10025 10025 10025 10025 10025 10025 10025 10025
 5791 5791 5791 5791 5791 5791 5791 5791 5791 5791
 17560 17560 17560 17560 17560 17560 17560 17560 17560 17560
 4392 4392 4392 4392 4392 4392 4392 4392 4392 4392
 7767 7767 7767 7767 7767 7767 7767 7767 7767 7767
 11854 11854 11854 11854 11854 11854 11854 11854 11854 11854
 17578 17578 17578 17578 17578 17578 17578 17578 17578 17578
 7839 7839 7839 7839 7839 7839 7839 7839 7839 7839
 1202 1202 1202 1202 1202 1202 1202 1202 1202 1202
 2700 2700 2700 2700 2700 2700 2700 2700 2700 2700
 5984 5984 5984 5984 5984 5984 5984 5984 5984 5984
 18930 18930 18930 18930 18930 18930 18930 18930 18930 18930
 23467 23467 23467 23467 23467 23467 23467 23467 23467 23467
 22767 22767 22767 22767 22767 22767 22767 22767 22767 22767
 1195 1195 1195 1195 1195 1195 1195 1195 1195 1195
 21550 21550 21550 21550 21550 21550 21550 21550 21550 21550
 18412 18412 18412 18412 18412 18412 18412 18412 18412 18412
 8020 8020 8020 8020 8020 8020 8020 8020 8020 8020
 161 161 161 161 161 161 161 161 161 161
 2601 2601 2601 2601 2601 2601 2601 2601 2601 2601
 22483 22483 22483 22483 22483 22483 22483 22483 22483 22483
 13240 13240 13240 13240 13240 13240 13240 13240 13240 13240
 4930 4930 4930 4930 4930 4930 4930 4930 4930 4930
 30491 30491 30491 30491 30491 30491 30491 30491 30491 30491
 24267 24267 24267 24267 24267 24267 24267 24267 24267 24267
 13281 13281 13281 13281 13281 13281 13281 13281 13281 13281
 9040 9040 9040 9040 9040 9040 9040 9040 9040 9040
 9117 9117 9117 9117 9117 9117 9117 9117 9117 9117
 24268 24268 24268 24268 24268 24268 24268 24268 24268 24268
 21419 21419 21419 21419 21419 21419 21419 21419 21419 21419
 7634 7634 7634 7634 7634 7634 7634 7634 7634 7634
 4795 4795 4795 4795 4795 4795 4795 4795 4795 4795
 20532 20532 20532 20532 20532 20532 20532 20532 20532 20532
 13881 13881 13881 13881 13881 13881 13881 13881 13881 13881
 8057 8057 8057 8057 8057 8057 8057 8057 8057 8057
 31656 31656 31656 31656 31656 31656 31656 31656 31656 31656
 11855 11855 11855 11855 11855 11855 11855 11855 11855 11855
 28088 28088 28088 28088 28088 28088 28088 28088 28088 28088
 30174 30174 30174 30174 30174 30174 30174 30174 30174 30174
 8323 8323 8323 8323 8323 8323 8323 8323 8323 8323
 15797 15797 15797 15797 15797 15797 15797 15797 15797 15797
 1623 1623 1623 1623 1623 1623 1623 1623 1623 1623
 31558 31558 31558 31558 31558 31558 31558 31558 31558 31558
 22892 22892 22892 22892 22892 22892 22892 22892 22892 22892
 30429 30429 30429 30429 30429 30429 30429 30429 30429 30429
 31516 31516 31516 31516 31516 31516 31516 31516 31516 31516
 7927 7927 7927 7927 7927 7927 7927 7927 7927 7927
 7997 7997 7997 7997 7997 7997 7997 7997 7997 7997
 31671 31671 31671 31671 31671 31671 31671 31671 31671 31671
 20537 20537 20537 20537 20537 20537 20537 20537 20537 20537
 29937 29937 29937 29937 29937 29937 29937 29937 29937 29937
 21328 21328 21328 21328 21328 21328 21328 21328 21328 21328
 18919 18919 18919 18919 18919 18919 18919 18919 18919 18919
 6373 6373 6373 6373 6373 6373 6373 6373 6373 6373
 13684 13684 13684 13684 13684 13684 13684 13684 13684 13684
 28861 28861 28861 28861 28861 28861 28861 28861 28861 28861
 24048 24048 24048 24048 24048 24048 24048 24048 24048 24048
 22482 22482 22482 22482 22482 22482 22482 22482 22482 22482
 19580 19580 19580 19580 19580 19580 19580 19580 19580 19580
 5943 5943 5943 5943 5943 5943 5943 5943 5943 5943
 26282 26282 26282 26282 26282 26282 26282 26282 26282 26282
 27672 27672 27672 27672 27672 27672 27672 27672 27672 27672
 24297 24297 24297 24297 24297 24297 24297 24297 24297 24297
 17424 17424 17424 17424 17424 17424 17424 17424 17424 17424
 10831 10831 10831 10831 10831 10831 10831 10831 10831 10831
 23970 23970 23970 23970 23970 23970 23970 23970 23970 23970
 5211 5211 5211 5211 5211 5211 5211 5211 5211 5211
 4262 4262 4262 4262 4262 4262 4262 4262 4262 4262
 8429 8429 8429 8429 8429 8429 8429 8429 8429 8429
 25213 25213 25213 25213 25213 25213 25213 25213 25213 25213
 14572 14572 14572 14572 14572 14572 14572 14572 14572 14572
 19329 19329 19329 19329 19329 19329 19329 19329 19329 19329
 24399 24399 24399 24399 24399 24399 24399 24399 24399 24399
 24801 24801 24801 24801 24801 24801 24801 24801 24801 24801
 29922 29922 29922 29922 29922 29922 29922 29922 29922 29922
 20407 20407 20407 20407 20407 20407 20407 20407 20407 20407
 8886 8886 8886 8886 8886 8886 8886 8886 8886 8886
 12764 12764 12764 12764 12764 12764 12764 12764 12764 12764
 3928 3928 3928 3928 3928 3928 3928 3928 3928 3928
 1149 1149 1149 1149 1149 1149 1149 1149 1149 1149
 21481 21481 21481 21481 21481 21481 21481 21481 21481 21481
 14675 14675 14675 14675 14675 14675 14675 14675 14675 14675
 15195 15195 15195 15195 15195 15195 15195 15195 15195 15195
 7582 7582 7582 7582 7582 7582 7582 7582 7582 7582
 8587 8587 8587 8587 8587 8587 8587 8587 8587 8587
 20232 20232 20232 20232 20232 20232 20232 20232 20232 20232
 29262 29262 29262 29262 29262 29262 29262 29262 29262 29262
 7303 7303 7303 7303 7303 7303 7303 7303 7303 7303
 2926 2926 2926 2926 2926 2926 2926 2926 2926 2926
 2273 2273 2273 2273 2273 2273 2273 2273 2273 2273
 13550 13550 13550 13550 13550 13550 13550 13550 13550 13550
 6536 6536 6536 6536 6536 6536 6536 6536 6536 6536
 21056 21056 21056 21056 21056 21056 21056 21056 21056 21056
 6451 6451 6451 6451 6451 6451 6451 6451 6451 6451
 9230 9230 9230 9230 9230 9230 9230 9230 9230 9230
 16284 16284 16284 16284 16284 16284 16284 16284 16284 16284
 25519 25519 25519 25519 25519 25519 25519 25519 25519 25519
 21366 21366 21366 21366 21366 21366 21366 21366 21366 21366
 15969 15969 15969 15969 15969 15969 15969 15969 15969 15969
 30621 30621 30621 30621 30621 30621 30621 30621 30621 30621
 12368 12368 12368 12368 12368 12368 12368 12368 12368 12368
 385 385 385 385 385 385 385 385 385 385
 24327 24327 24327 24327 24327 24327 24327 24327 24327 24327
 28796 28796 28796 28796 28796 28796 28796 28796 28796 28796
 5648 5648 5648 5648 5648 5648 5648 5648 5648 5648
 6148 6148 6148 6148 6148 6148 6148 6148 6148 6148
 241 241 241 241 241 241 241 241 241 241
 8171 8171 8171 8171 8171 8171 8171 8171 8171 8171
 9930 9930 9930 9930 9930 9930 9930 9930 9930 9930
 15932 15932 15932 15932 15932 15932 15932 15932 15932 15932
 3325 3325 3325 3325 3325 3325 3325 3325 3325 3325
 25010 25010 25010 25010 25010 25010 25010 25010 25010 25010
 12014 12014 12014 12014 12014 12014 12014 12014 12014 12014
 23075 23075 23075 23075 23075 23075 23075 23075 23075 23075
 25336 25336 25336 25336 25336 25336 25336 25336 25336 25336
 20956 20956 20956 20956 20956 20956 20956 20956 20956 20956
 4593 4593 4593 4593 4593 4593 4593 4593 4593 4593
 16437 16437 16437 16437 16437 16437 16437 16437 16437 16437
 31021 31021 31021 31021 31021 31021 31021 31021 31021 31021
 12433 12433 12433 12433 12433 12433 12433 12433 12433 12433
 11289 11289 11289 11289 11289 11289 11289 11289 11289 11289
 30063 30063 30063 30063 30063 30063 30063 30063 30063 30063
 4843 4843 4843 4843 4843 4843 4843 4843 4843 4843
 19517 19517 19517 19517 19517 19517 19517 19517 19517 19517
 1029 1029 1029 1029 1029 1029 1029 1029 1029 1029
 2112 2112 2112 2112 2112 2112 2112 2112 2112 2112
 31569 31569 31569 31569 31569 31569 31569 31569 31569 31569
 18720 18720 18720 18720 18720 18720 18720 18720 18720 18720
 10923 10923 10923 10923 10923 10923 10923 10923 10923 10923
 26025 26025 26025 26025 26025 26025 26025 26025 26025 26025
 30060 30060 30060 30060 30060 30060 30060 30060 30060 30060
 12920 12920 12920 12920 12920 12920 12920 12920 12920 12920
 919 919 919 919 919 919 919 919 919 919
 20858 20858 20858 20858 20858 20858 20858 20858 20858 20858
 21883 21883 21883 21883 21883 21883 21883 21883 21883 21883
 10905 10905 10905 10905 10905 10905 10905 10905 10905 10905
 29156 29156 29156 29156 29156 29156 29156 29156 29156 29156
 26178 26178 26178 26178 26178 26178 26178 26178 26178 26178
 14383 14383 14383 14383 14383 14383 14383 14383 14383 14383
 27539 27539 27539 27539 27539 27539 27539 27539 27539 27539
 23336 23336 23336 23336 23336 23336 23336 23336 23336 23336
 27970 27970 27970 27970 27970 27970 27970 27970 27970 27970
 10509 10509 10509 10509 10509 10509 10509 10509 10509 10509
 18289 18289 18289 18289 18289 18289 18289 18289 18289 18289
 10261 10261 10261 10261 10261 10261 10261 10261 10261 10261
 19549 19549 19549 19549 19549 19549 19549 19549 19549 19549
 11527 11527 11527 11527 11527 11527 11527 11527 11527 11527
 24079 24079 24079 24079 24079 24079 24079 24079 24079 24079
 1017 1017 1017 1017 1017 1017 1017 1017 1017 1017
 29555 29555 29555 29555 29555 29555 29555 29555 29555 29555
 19100 19100 19100 19100 19100 19100 19100 19100 19100 19100
 30087 30087 30087 30087 30087 30087 30087 30087 30087 30087
 12611 12611 12611 12611 12611 12611 12611 12611 12611 12611
 24262 24262 24262 24262 24262 24262 24262 24262 24262 24262
 18946 18946 18946 18946 18946 18946 18946 18946 18946 18946
 9021 9021 9021 9021 9021 9021 9021 9021 9021 9021
 7684 7684 7684 7684 7684 7684 7684 7684 7684 7684
 30454 30454 30454 30454 30454 30454 30454 30454 30454 30454
 24339 24339 24339 24339 24339 24339 24339 24339 24339 24339
 8617 8617 8617 8617 8617 8617 8617 8617 8617 8617
 11821 11821 11821 11821 11821 11821 11821 11821 11821 11821
 11846 11846 11846 11846 11846 11846 11846 11846 11846 11846
 7236 7236 7236 7236 7236 7236 7236 7236 7236 7236
 30643 30643 30643 30643 30643 30643 30643 30643 30643 30643
 21664 21664 21664 21664 21664 21664 21664 21664 21664 21664
 4717 4717 4717 4717 4717 4717 4717 4717 4717 4717
