4.3136033331695616e18
1.2828574900703173e20
8.893152633696675e20
7.816412469064685e20
2.0617370673595744e20
9.267875981942779e20
8.910664210345345e19
4.98046279626145e20
9.862135671236526e17
5.594998701465961e20
2.631454280733381e20
7.664923288739422e20
2.468818738358731e19
3.2635923883509703e19
2.477431267169141e20
5.9232420291924e13
1.551506445560713e19
5.3057774850146035e17
5.118789480098589e17
3.5256052809455354e19
2.529317450583549e20
4.3266687207196256e17
2.765214617612607e19
2.8001161533165967e18
5.930273034636548e17
3.071931911482157e18
3.101618929847796e15
2.110029503190859e20
9.344921818359456e20
5.6137831377184694e19
3.0576924724455883e19
5.303424222429727e18
1.3991146670863173e20
8.088239077623467e18
1.8034325632817444e20
4.309518538387515e20
2.901955860274826e18
1.6548292514717722e20
6.482664257124779e20
8.374401739324406e18
4.893905036725257e19
8.074955854807428e18
3.994185034961188e20
3.1458612873565444e16
3.255690831275018e20
4.194695324644568e20
6.661803616983229e18
7.764260023318999e18
5.139369841605916e20
3.1950802150012113e19
3.367934895770704e19
9.245471420673524e18
3.809456856565316e19
3.345821432774407e20
8.633165915655145e20
2.5231712740251002e20
3.829658860298721e20
8.257661156780828e20
1.8293517381517903e18
2.7783783747332142e20
1.797643330619549e20
2.8131944035936464e16
2.4532924008180898e20
3.431336463780953e19
3.832058536811238e20
2.07193385166743e20
8.604512243777109e20
1.4363102070340416e18
2.79302314297056e20
3.922234519126189e19
1.9449026112347922e19
5.794150534095523e18
1.612879175875364e16
3.502106715700944e15
8.55316852822689e18
6.223184804131226e20
1.675356833833425e18
1.0148301865646448e21
4.483790021558208e20
1.7621946014789907e20
4.979002116136239e20
4.594844714962335e20
1.501481912696064e15
8.144972972516747e19
4.273233770196e12
9.66702171562633e19
3.726743552944884e15
1.8509465362262144e20
1.2746902249091092e20
7.42950000858617e20
1.1580371568051055e19
6.337518252026989e18
1.0254064090715064e19
1.7715958617634338e20
1.8011813035970857e18
2.4367479055870366e19
7.301277939301833e18
6.194838054457386e18
2.037717268059255e20
1.3200308619065439e18
3.5707904181464636e20
1.9155545432860525e19
1.888107602594481e15
3.3108585065294074e17
1.0210730679800032e21
4.93338560489702e18
6.660707697184819e20
1.8976215099715748e20
2.9333345283156754e20
7.619607568655769e20
1.8507725098403764e16
3.019216457370546e20
1.6155462812254142e20
1.0208228011405182e21
7.369214300351206e18
4.786867421767022e20
6.069650254719489e15
7.621620000190671e17
2.7736665645856204e20
9.242728587247434e19
1.302661164624753e19
1.2193685704881784e20
1.145475807550263e19
4.5313935039738085e19
9.475581001431018e20
3.6763196528819995e19
6.949167858715631e19
4.065847384609112e20
8.59131155622452e20
5.254281086590551e17
5.02692279358464e14
9.214459804941498e20
1.5118139678473398e19
1.0183850632823869e17
3.00769130914517e20
5.461195242165849e15
1.675059792004646e20
6.740087858530336e20
1.0009500408337211e21
3.698770497504445e17
4.3420474088129024e16
1.4003026216776815e19
5.03215710973628e16
2.5345118934820454e17
9.601629009018963e20
7.33868181e12
1.0321934776253626e17
3.4510235017204625e19
8.409173926373297e20
2.187570740247349e18
1.32558383008449e14
4.344385390283244e19
1.0174387638756953e20
1.277847106551559e20
2.2525956922878115e17
6.666159566168818e20
1.3700322511865904e20
4.2514918837362826e20
2.937875948340182e19
1.0645509840421181e18
5.158841030307704e20
6.925852016913266e19
1.0241135714403792e20
7.972564826004748e18
5.6251589413477425e19
6.904254173965487e19
5.2753071904665174e20
4.5873115849962004e19
1.2507250834703143e19
5.6794302906060956e19
9.083075791106918e20
4.7458764887520326e20
4.825047464242169e19
7.330288257875762e19
9.465698550538086e19
4.672157079611087e19
1.0031711171959895e21
9.497275411458331e19
8.361671449800644e20
3.278584399040842e20
3.356326758413334e19
1.5946141265149415e20
4.578364986619143e20
1.6161742722900017e20
1.9824994918072352e17
1.6180593440192666e20
2.6801628854231675e19
6.1202795579195654e19
2.5091649360779156e20
5.540206521250959e20
3.2044876112156597e20
4.962955831312393e20
8.448189891895119e20
5.080545437350259e20
1.12547486463696e16
3.436592818209875e17
3.0287560276522967e18
2.046553128397521e18
1.8003659364036998e20
8.002401759631244e20
7.563495631850019e20
7.534825715141093e18
1.2085613202288888e18
5.232730118279316e20
1.1220400328265613e17
1.057524557004466e20
3.1893252283069307e18
3.996524376421028e17
9.055929824874545e18
4.017137388474259e20
5.5993832692589376e16
5.348642599104083e19
7.20330128236424e18
2.15534873427273e18
3.368643494314121e20
2.471889527420863e19
4.644978184664747e19
5.356868905541513e19
3.0821365584e10
5.0909330111198455e20
4.480415579545311e20
9.874568279181726e20
9.387148745491507e20
2.6639684679166416e16
9.197091514076052e20
1.0301787389935657e19
9.208667643818428e20
4.129577153369806e20
1.2053701376715638e18
2.3401958310206996e19
7.072322759571593e20
1.7608546251291522e20
8.004486770419703e20
5.705801305451815e20
6.2363114411392975e19
1.4407201332468077e20
5.37502705625877e17
2.0260806854940474e17
7.531935046336251e19
9.679006428588466e18
2.8263048902353184e20
1.1580212979837223e20
9.627946707162243e20
3.4992990983037716e18
6.040498284858709e20
3.9406327301427476e18
5.250945751196174e20
1.5805167898354212e18
7.559644479326557e17
2.2620292356704973e18
4.0384165999962414e18
4.4434222916381947e20
4.630203407381728e19
7.453487038205925e17
4.872148693375606e19
4.23637627787265e19
1.4050428117329787e20
4.924558135743236e17
3.474548863800206e18
3.3653760730539636e20
2.574842813934498e19
8.286769312782718e19
3.9328874927656817e18
4.5674031554577695e20
5.190115120924266e19
4.169706946776418e20
2.1975574939838715e18
1.7947269089605143e18
5.701678572130164e15
1.9727444603593658e20
8.572636589946345e20
1.4624977551234068e19
1.3256369189943638e20
7.163979268582282e20
8.013242804176534e17
1.486193511439245e20
1.0254064090715064e19
1.0282458924455796e16
1.2001618136627248e20
5.6769287006567277e17
4.5144514879654874e17
1.1644571987997087e18
2.236675090812791e20
1.079861394948303e20
7.854376072337434e20
1.268326795614607e19
3.104210422707336e18
6.222485408020457e19
5.549706560621055e20
2.6596313428561868e20
1.4717959342218345e20
7.098011727128284e20
2.04970077901826e20
1.8926672337435758e20
1.331330121159791e20
8.282964224335964e19
6.4780615510382805e19
2.7344325037401e13
2.5604384235673324e16
7.324079183489168e16
