-14327.023525661138
739.1442487003724
-30292.126655988006
5173.077425685586
-9427.694893247084
5819.194543082631
-38817.15540636584
3004.4931287718073
1642.867593418896
-15304.57673745932
-28861.197932470393
11673.642178404814
-23256.384280515766
-3954.358023963083
-6084.5741654357225
-6739.269450230111
6157.629066484078
-9733.356324729388
-7868.002109622306
8980.554442518318
272.8303142414368
-14336.157619153759
-10421.007768224381
-3508.9782791200705
-14080.503951419374
1679.28744804892
2313.2162246006587
11473.84151210884
-1913.9158461828895
10388.51361924653
13240.382656438102
-1512.6321470896103
-13363.745863993652
-26158.91693182301
-5246.594412229906
-9051.531174987607
6376.027371765955
-19344.50222035733
-2481.904006326628
-17426.931403173123
-1672.1358749578444
-34447.29900441271
-5694.443268448898
-10446.798970830943
10482.60006435629
-1934.1626107575837
6108.1433998089615
2544.7007622275796
4469.20545837832
-1870.6988769437662
9129.107801743392
-3710.265913589817
1850.3401155259794
7014.577563022716
-34974.9729987473
-14787.216430041699
-7599.374420441428
-20445.970473787613
891.0270479240971
960.9353902873984
-9675.175577643537
-11695.677983476042
-47230.18049023738
-38079.86490976914
3693.061214369307
-1097.4368670071558
-9591.176299601628
-13512.238192627414
-10396.31723784754
-15196.578259059806
9642.47140936971
3493.863708209554
426.33803213534816
-10622.498459813007
6719.845979341031
-12463.332596198241
5148.840209648402
-1876.451315597634
-1765.224745907082
-12883.664774847224
-32097.69913898784
-23908.541290404923
-3686.6813927327294
12142.423460023092
-31321.03376538085
297.04455527655557
-142.6177549640188
-20410.988270517882
2843.237675555947
-176.93824777063014
1692.7792959992757
-1327.26719626637
-32701.088296612517
4897.382615832922
3217.1883243268094
-920.7456533231073
119.75835766045111
-4216.2338087127755
158.80930417200943
11209.09557266612
-5147.4075533989635
-6188.272650075914
-3141.394952968476
-8001.43096800588
754.8416561280369
-528.3430242863578
-18069.306269084263
-5084.687386478666
9161.546035918529
2283.132639255619
-3283.848806918946
-13954.202307730058
-2087.0680757985215
-8316.656497905162
-9407.745756584933
-6378.653755951924
-5667.8045524951995
-2425.99680250193
9787.696492344241
4348.311694176673
-3410.3579354188873
-8238.100899889097
-3900.542971564462
-7786.437900177045
4792.800682776605
-9493.12584671759
1907.6565587556324
-7131.099211052289
-4148.099411693973
9388.92497019953
-34769.47812085465
-23018.292966505942
274.53145736775446
541.5519566780285
-4656.214296184262
-11185.520883800093
-43921.64041815886
-14397.29014378951
-1060.9996074073733
547.2813009923138
-37926.54543993391
-14575.088216317134
-30910.725373199963
-6326.556364551853
-257.1910669743643
4670.501641055302
-4924.78372040458
-34707.36597297005
-3660.9070065318583
5059.626481489811
223.05052991209868
6618.331913118505
-14365.036207461751
-2290.419369913312
-33707.19963820151
1743.1132383736876
-29643.75013682791
-1007.4957043713795
-9546.281274805671
-2987.1178064599444
-8511.347743560733
-3880.234149338259
-27481.86886926469
-6090.105230590871
-3377.233442453317
-50402.5921307478
-6788.565426708574
-9165.0962317474
12475.37271562677
-8001.43096800588
-28583.07908014696
1045.3999534717461
-3780.7770005948114
-17315.484309355234
2495.237369874462
-18294.908705790236
-1548.662689407799
-5379.216693186503
-503.9228153701715
980.8766680539811
1169.408682832353
-7229.9167056332935
-2902.43270634655
8355.507228351213
-5144.75310435127
1474.9622095158156
71.86923052942825
2385.6448150924925
1288.3149511007423
-105.71978203785238
-6198.317308987063
-21892.499047545316
4010.7230036277424
-3243.795224201549
-12878.329239367567
-15787.28069618475
-988.8542101842465
583.6960531043005
-2760.9465543064425
-11638.181409940109
-21586.267141756085
-24501.36482686773
3391.7971597212745
14402.125619030463
-16469.00189489507
-22346.046934370945
-1239.4947801822516
5093.9116894777435
-8243.36316081912
-32041.63621494617
-4924.4394379232235
12166.957098837082
-6821.8498739596
11014.348474249833
-1077.1778800294578
1476.742587832734
-199.97694697366023
-8849.10698791793
-44734.465735122976
-7155.420240993239
-18618.233141460492
12092.26662550215
-35351.33765026658
-25906.155038732475
-473.99095721198023
164.56573894583494
-24998.59238166023
5321.245810053473
99.4281336953627
9294.146047031729
-4403.790936708454
351.97891492703275
-38468.59498129219
-3074.1414811013065
-37690.60492471487
467.359296336238
-29160.985480502943
1202.7275768713444
-2546.6746249856137
1132.5051627751238
-3320.079426565008
7473.791954104112
-2478.2608443692734
4953.5442203259
-37113.337526210686
-11772.51446223804
7021.3075594653255
2068.3260681943207
5917.879706563197
-22617.693429592226
-9173.957730622526
-14169.152455673895
351.97891492703275
-23319.71388405422
9195.397310188571
-5262.275156906344
-21137.701500347735
-31700.869096444534
-1550.7053248669285
-509.1599701893483
-8055.913963072484
-25899.65117931316
-20999.93669020088
5251.989324441582
2399.6176841788915
-72.65250929061222
6771.685796854979
-35209.237159254335
-11576.856068014175
5191.885976518422
-8114.124172295774
-19670.068510309968
5931.497040639379
2219.8394778232923
3004.4931287718073
-7174.941292663589
-27193.879696526474
-3793.352633582317
-2079.298574029994
-1096.6114187502046
-2450.146068823695
302.4544057548338
-21520.453140668786
2656.4197521750666
-5074.653840858316
-4499.934426895259
39.44420621771567
2911.762750708338
-35411.38761771866
573.5890835335294
-8909.19599623502
-24998.59238166023
14501.960202717924
-17475.385310781705
-438.46075774166184
289.4245115388221
-8414.567440762743
-5584.168871146347
3006.7036047322417
-14442.478417536702
