 26358 26358
 26170 26170
 3825 3825
 4059 4059
 11105 11105
 14367 14367
 20393 20393
 2068 2068
 7149 7149
 12246 12246
 23665 23665
 18438 18438
 8395 8395
 13737 13737
 16581 16581
 31181 31181
 12943 12943
 28283 28283
 8638 8638
 27410 27410
 6231 6231
 9866 9866
 27888 27888
 23953 23953
 5737 5737
 27877 27877
 28280 28280
 20113 20113
 21979 21979
 19275 19275
 27960 27960
 16956 16956
 4408 4408
 5570 5570
 5519 5519
 5921 5921
 11513 11513
 14182 14182
 20218 20218
 11741 11741
 23480 23480
 13823 13823
 12098 12098
 28779 28779
 13207 13207
 10884 10884
 2921 2921
 18795 18795
 21973 21973
 14425 14425
 13394 13394
 12737 12737
 9566 9566
 6687 6687
 7042 7042
 13917 13917
 19539 19539
 1294 1294
 3063 3063
 10410 10410
 28482 28482
 7559 7559
 14064 14064
 157 157
 3089 3089
 29996 29996
 21224 21224
 9712 9712
 23506 23506
 1859 1859
 26891 26891
 10277 10277
 26892 26892
 16243 16243
 21388 21388
 12671 12671
 25299 25299
 20256 20256
 6575 6575
 31786 31786
 31185 31185
 25003 25003
 25489 25489
 25833 25833
 14467 14467
 23077 23077
 21559 21559
 10774 10774
 17820 17820
 19850 19850
 20285 20285
 20337 20337
 16488 16488
 5878 5878
 6881 6881
 31262 31262
 778 778
 15999 15999
 14450 14450
 25413 25413
 29618 29618
 24660 24660
 32751 32751
 20832 20832
 8201 8201
 26780 26780
 12117 12117
 18156 18156
 24719 24719
 32520 32520
 12291 12291
 16518 16518
 28942 28942
 4019 4019
 31719 31719
 21263 21263
 17414 17414
 8978 8978
 11483 11483
 11823 11823
 13358 13358
 4589 4589
 6874 6874
 11192 11192
 6754 6754
 14760 14760
 2917 2917
 22033 22033
 12436 12436
 1303 1303
 21629 21629
 1265 1265
 16628 16628
 2584 2584
 23561 23561
 2048 2048
 2074 2074
 10857 10857
 31095 31095
 12611 12611
 18925 18925
 9071 9071
 4212 4212
 23766 23766
 1415 1415
 6623 6623
 8668 8668
 6094 6094
 6662 6662
 8574 8574
 8419 8419
 19872 19872
 24743 24743
 9584 9584
 146 146
 13334 13334
 27908 27908
 18734 18734
 9524 9524
 20525 20525
 27019 27019
 509 509
 25933 25933
 19491 19491
 14740 14740
 29868 29868
 7297 7297
 12965 12965
 14606 14606
 7161 7161
 21832 21832
 2521 2521
 18868 18868
 27591 27591
 8835 8835
 31988 31988
 17323 17323
 26552 26552
 11891 11891
 12201 12201
 8497 8497
 24397 24397
 29617 29617
 11355 11355
 22528 22528
 2491 2491
 746 746
 10493 10493
 17965 17965
 27274 27274
 18808 18808
 13619 13619
 18774 18774
 1075 1075
 1391 1391
 26527 26527
 10890 10890
 190 190
 5102 5102
 12216 12216
 31485 31485
 12236 12236
 18532 18532
 18029 18029
 24730 24730
 21114 21114
 7547 7547
 15270 15270
 16289 16289
 14480 14480
 13429 13429
 18911 18911
 6253 6253
 22401 22401
 29850 29850
 24743 24743
 6966 6966
 13050 13050
 30914 30914
 13428 13428
 20202 20202
 12263 12263
 14482 14482
 21378 21378
 14324 14324
 12485 12485
 6197 6197
 25131 25131
 8134 8134
 11310 11310
 23356 23356
 26079 26079
 26109 26109
 2977 2977
 18134 18134
 10390 10390
 18438 18438
 12470 12470
 9555 9555
 18460 18460
 32272 32272
 28 28
 22502 22502
 23215 23215
 20942 20942
 27900 27900
 22997 22997
 30543 30543
 7153 7153
 18104 18104
 4340 4340
 8569 8569
 16072 16072
 29234 29234
 29393 29393
 18387 18387
 16610 16610
 4970 4970
 20147 20147
 27175 27175
 31317 31317
 8221 8221
 9084 9084
 24746 24746
 26961 26961
 3746 3746
 30737 30737
 17910 17910
 22306 22306
 8395 8395
 14692 14692
 31396 31396
 18316 18316
 1052 1052
 9504 9504
 352 352
 29147 29147
 8053 8053
 31556 31556
 27635 27635
 24321 24321
 30258 30258
 28600 28600
 16576 16576
 17844 17844
 22451 22451
 30641 30641
 16326 16326
 6786 6786
 27999 27999
 20817 20817
 21289 21289
 24995 24995
 16565 16565
 649 649
 10452 10452
 18339 18339
 31097 31097
 11647 11647
 16365 16365
