-26137.154066064788
-4223.960551502582
1748.9460040498002
10446.396928537593
-4402.594479660304
-6562.541271671422
-31533.385080477077
-21601.14292345485
-962.2819827856902
9060.628764435074
-4776.591988832665
-14069.186881198279
3813.120118859604
-8083.451363911552
-1518.9181308548232
13643.366155045145
-24764.638883147963
-17698.15127755137
-2474.9010854539492
-26678.330182481943
-23034.216796557586
2546.0122627216733
-24545.76599113325
-1600.1313261843738
4274.036442498834
-4993.745333181028
-7132.447998961677
-19187.905285885598
321.39861328859547
-9382.001841838388
-2986.851509115314
-1734.2877206164046
2176.7843640212977
-18463.56007804905
1979.6408044105624
-44232.14524543334
-14685.0237391991
-47307.33198740453
5079.46682585354
-19888.01285523885
-1331.0234999506265
-735.4122706063517
-637.8084375483122
-529.4948517539332
-11884.68584953052
-29850.86268939571
-6547.394940187025
-19622.412135213373
-39153.13142711143
-16259.407286771158
10158.029147872927
197.9144455983776
-29443.34031946494
-11659.178407809384
-40293.76019481252
-2138.425444987125
-647.6679427838899
-9841.658324823353
-9227.655889918073
-780.7165361538755
-26472.149444670315
3535.618397585862
-8240.708711923291
-29225.88053078214
1969.4650645034162
-13518.947207648185
-21716.882246931895
1585.8229804953453
-9976.603780621039
-1580.4180170005143
-44590.634881656966
-700.12014471726
2289.7927748339443
2748.6519047115476
4737.477149959782
6705.757595053279
7000.949486987649
10920.599668051185
-41923.62940131432
3043.550518016169
3250.3063411430476
-4050.328556554603
5191.34684625718
-699.7212523239841
3410.2104268661556
-6987.790173858492
-25281.20997454058
-9264.9815003951
3329.310186443241
-46302.725118973205
10930.925337656867
-16509.267565938524
6790.913753278875
1732.086656624152
-44393.27740489016
-10236.457929392094
-1368.8585903127514
-4816.037934761605
-27176.93062732466
3836.729153165319
3059.1868944921353
-22912.96952051176
-35120.580265605546
-24282.67985746789
-15930.84650318792
-25703.702881426034
-5284.101719246219
256.04448165151746
-11884.68584953052
-19459.579703472264
-6472.38801844861
-32852.015271277465
242.28448354278976
-32.42829334564999
-25409.837714005233
-39901.97996698557
-19529.36159460109
-2272.4034135896163
13002.698157067702
-6573.104860118698
-32013.001940567396
-32335.77389866173
-6906.28047466813
7635.44125788101
5087.8693099104785
-23236.821945023978
219.73999193771556
-16637.884290084792
-6069.044538878128
-9524.93872785096
11185.724482039166
-1126.8301344127244
-1076.7401016276647
1514.4545079665945
-24012.722679042112
-19206.772180606225
11064.475512282057
-9029.80687760255
-50259.4619074364
-4255.929766897554
-18420.910832759226
-15300.831353979138
1393.2320859661752
1132.5051627751238
-13637.247793221999
9788.723172259612
-26391.436230153726
8000.868580680648
-25423.23942667751
-14247.995450365745
1163.6426267173192
-29.739030637892256
4710.685559865022
12925.394720184308
809.669346624416
6945.473113935874
-34921.89658231933
-14421.79268472734
-7581.818174468541
13716.56003689326
-13667.501331412048
-6046.710451973333
12014.31273213187
-9393.601587890298
-46937.44252300609
-16022.45703845823
-39607.76610280399
3916.766824543518
-226.99976056260175
-7798.721438082158
-10880.47290475883
-50347.42362675523
-6658.015295812889
-13889.723305412372
3267.4785352098525
8961.482432902973
-15632.402737716078
-670.9668443160081
2918.238692920102
-7888.182005367982
-25054.3612529287
6649.502088127031
-31136.93351393758
-45216.57948794178
-3127.7733909316994
-22583.28421853019
-7700.77486628229
-30127.05129850529
6040.93854832537
405.5310221503887
-9100.703402789539
726.7576507847382
-7242.8862911893
1013.6271672575458
-9788.145868756425
-1940.5115948531566
-185.23989232476129
4731.626649600419
10113.321705753573
-15204.013350182984
-3624.7753458158154
4104.43030567063
4928.961963848804
-3807.0024954712085
-38409.571945049334
-2121.8925303900614
-4972.600241034585
-15661.485465798334
12370.623010524554
-45129.12927601267
3799.588432881248
5081.881195479553
-1085.696469598684
-1505.8041609251886
-13232.962465096913
-1484.7327099148
-2798.219750819201
9551.478642096941
-4775.49009984103
754.0952410543887
-43184.975313441864
3194.6480441152107
114.70575446915791
-19654.064550388663
-24940.897355937293
9584.322075947746
-9208.921338680942
4711.882216415719
-5971.330760279025
2064.211744130617
5340.824230130769
12966.247213404367
-9334.191207672033
3725.0110114579056
-19959.97720068553
-7910.416734211514
-9238.63203039788
-9100.12245520707
-19175.001593471996
1648.2335442463445
-291.09313931461793
-22084.010526491948
7508.382727054399
-1254.2228918068258
-6044.159814215458
-6539.738162536192
-14114.39700893819
6658.178819658486
-8.98190248926744
1794.1839892307635
-8318.844556167887
2258.0266126247334
-33796.79691419864
-34428.4209557738
-28483.40999785216
-4163.040699893594
-11224.132259816333
-12831.105825847784
-30026.304471971514
-29387.941971377713
-13509.655163976146
2989.8902219329193
-38709.716435471986
2777.6859250805046
-6618.406979274268
864.8635186692754
3471.327059215804
-7706.417297354085
3987.5680744202537
-3492.0531957682224
1476.742587832734
-2106.1312133996744
-5157.405187571537
-8130.7850650035325
-19815.186144148684
-42817.82926919199
-13863.26269598428
-43042.3344185977
-18275.349326575146
4271.250918475979
4971.750407731497
-15864.706021282906
-973.3893601197788
-46007.29892911689
-11716.359674003315
-8900.182544513988
-24778.124186969144
-26223.010641468307
-8809.72021669298
-2343.0614727721927
-800.3559384358323
-8457.898865416471
-39104.300012739346
3801.0777486607085
-16962.02095507545
497.93124167201313
-24993.428357316363
-21020.808452528803
6265.535757482003
-9427.584924449506
