5403.523930003946
3411.1371457068326
2153.5623503611037
347.08868601343966
-21757.291284318686
8770.122123051256
-25488.76310484992
-5578.484731704755
2152.696139233374
-12457.545328508299
10601.464179448954
4008.967073754726
6292.8543921396795
-7417.332321369034
-27155.14665062369
-13464.58447210339
-722.1873376855208
-15043.51131661219
-24648.600051682868
-49497.76089061204
-17295.252101282764
-3559.7613010141326
-1887.6374047922036
-1381.378277631105
11347.131050753278
-4895.821440657546
-11646.709813835194
-41888.04178750054
-13979.554221689546
-11131.482426572491
-28454.50181149233
-15036.201096985653
-9439.22389597321
4253.848940971755
279.88777944082983
-1216.0587178760925
3832.3670878195035
-70.12201954457953
-9524.93872785096
3189.250144035038
-32.06254079014934
-13121.61909249522
-6488.058768659048
-29175.147053678724
-36540.183623841796
-10383.651588316792
-2453.9593422843436
-29667.061065332105
3269.889341845227
-44504.81821123832
798.3515347441744
-34179.61329528818
-3118.712301108575
5764.294363347155
-6626.762657192155
11163.733861047116
-1987.0206241498165
-21851.574630691935
-15457.888456352002
2805.889034071619
-33593.222877954686
-18189.12699050778
-1064.645677312641
-37021.278791377015
7485.890143657363
-682.4012235043151
2182.4757905277165
-599.0620303286539
-825.2163205248253
5208.083613824433
-7959.220698696186
-17379.334205019797
5302.330644306147
-6888.740229571689
12526.229581500724
7916.860092102945
-13804.283672321568
-1760.8784869464464
-17375.295722827545
-49731.23300975586
416.4350454946191
-26209.2286690215
-1294.3567882940818
12585.965195825858
-5811.527531160706
8955.283740205825
-27215.256412628998
-5682.8850053916685
-14873.879777589846
3802.541932394999
-7117.274789792746
73.94536213467171
-20058.566651484438
91.95968990233689
-12779.275569358275
5765.013507934746
-47521.09221567898
2659.1429835903573
-1985.5905082218
143.58733522428133
2780.861792251536
-5559.724412752241
-20421.569724382563
-8401.608573309783
-24646.51277660971
7303.204148630482
6718.817506177456
-27203.200481365362
408.4715780119459
5479.424024646871
-1143.654113209091
1638.8468033243566
-24710.45421387058
-32382.413258595458
-4119.174559105363
-419.20072584836566
-22093.029951048968
-756.8829049242959
528.0068676256994
2442.177668647785
-1503.3187857520675
-33408.24705494349
3437.9251604264236
7131.617019504069
-8365.927694062757
-33983.084316709756
-2979.3828776771084
-23152.512788965636
-25819.086649653997
-6626.305732342644
3023.804440182336
14597.872951473371
-23224.809633416004
6328.870028153231
-41211.087658965786
-43556.90720748533
-44734.465735122976
6818.619146203999
10816.920210920745
-22304.635782226145
9180.450488562885
1875.4260235340762
-11327.007055322485
4927.929083814903
-2891.462776055838
1297.3024880190806
-4150.054683560059
-23108.274573516836
11428.592691868953
-42779.72419411478
-1508.7580331313127
-13233.857261927351
-2199.7226577831116
-23126.931328788676
9995.616637817777
-478.8658748181215
-31410.93550237716
7826.827298855125
-4263.303733842845
-2595.8948223844227
-33946.403506874994
1875.4260235340762
-21554.098890431575
10525.79268643603
-8013.101694778117
-34567.418389522165
-17549.92996216828
-7829.87248683474
7998.80857826049
-6036.878795058812
-1494.119412913246
-949.0933792420102
-6090.79748915908
-6281.26577387301
-36881.35599541432
-9077.908147414188
-1361.494477155
-23803.96889046733
7824.641711959259
1035.7558542789448
-34263.15213299125
7273.265270744912
-18063.64546372669
5891.780790868483
-15211.684462832418
-40013.32772691809
3952.329943832735
-26717.516265973834
6265.535757482003
2162.491968005172
-15922.604127208175
-5564.623438488188
7614.818843205954
11139.69205067014
412.96545466146654
3535.618397585862
-46620.51501288113
744.1311063209687
3356.72527235712
-36137.866052484926
-4229.396076138375
343.5356658875198
-15714.875645960414
-13022.088061195343
-3357.265495659808
-17728.432710459136
-288.9693932804985
-167.7988739976388
-18365.789601445573
1388.5670250363373
7649.614819495373
-16189.416439418186
474.09442512948203
-570.1562646208713
-17573.479347592118
-1238.7021379167854
-2540.9435225460084
-24612.868494706883
12572.571481286615
-14424.957682609871
-49051.68805114528
-2681.214185747961
329.93204511205
-10669.102398024384
-42868.10892698917
152.39369175481758
-31260.969633847213
-23073.971268159996
-16834.548223680278
-18769.77590101856
-35432.00232893271
-7125.475567425874
-5603.836921169652
-14658.431083822246
-1529.3998453878937
-11634.381128837531
-10383.01317379611
-10583.751320848125
-21641.696199768245
-3444.771330471006
-740.9174292969155
3779.465586829998
4898.079633582518
6552.7621446287285
1272.0799075311998
-22107.271684634172
-14491.9083837316
-24605.61252538275
-4988.059983347034
-10332.41095887676
4841.377874570883
-44609.10696985881
-10428.133313404218
-44509.09878022236
3225.0264959986584
-19108.519954257143
-1919.1401463892719
8276.724675205014
-10475.377232056355
-3499.170415242921
-14765.500116222327
2614.2373940200414
-23208.29313347076
4123.590604750409
6040.93854832537
-40049.04112187465
-27155.14665062369
-36744.72350737156
-22366.009296325254
-6038.643548631626
-2562.033967663111
-922.5241301629052
-25847.786149523257
218.99798476750402
5113.721991187615
-14117.811429658022
-11814.835723571272
-12073.753342933673
8492.154076701716
1119.9333171334492
-2761.922278600571
-15797.967154853453
12760.774146685777
-140.56807024456091
1641.421692840392
-1509.2390064035435
12651.295209202035
-23772.061542626034
-3350.0596911804073
-1530.2846897800118
-16744.240375165115
4677.528504695992
-21799.816127722144
7242.42260190661
-8832.433423166993
6022.627823037263
-3034.5113673130745
-17501.778574774136
-32256.831363779915
4454.931169426849
