-6624.382314993696
-9433.825988212315
7289.102188592231
5161.108375108455
6658.178819658486
-1550.7053248669285
5931.497040639379
-336.80151973609065
-993.716837492602
1039.2980155775895
-20774.570294981208
2437.7263408990066
-4383.101160961556
-41916.9155997625
883.7130428230303
-23096.402190949957
-16108.304317346574
9974.370405983289
-22914.535147990227
2135.401865099886
1032.1852393725344
-37131.48036168094
-10608.416765842623
7664.123455897416
-5539.378857762527
-8350.927176537509
-7160.013102705994
-49158.10442986622
-18165.67657203933
-4408.4975417038
10705.594753243773
-15419.000134960672
-24940.897355937293
-36756.971944706864
13725.10021994081
-2993.7348147259204
-13233.204536548677
3867.6098526829483
-18316.9402313541
3019.027839856095
7871.365322555346
-42201.775220346055
-23922.89160471953
11960.068851568278
-15495.182291369187
-11612.583206157424
-45519.53379071565
-12348.125042817861
-7798.697248517519
-21753.534771855837
4972.0077431877435
-22468.850760070578
-50357.538905681155
1204.3551891454954
-10979.208673639074
12762.733606781581
-13499.738913404872
-8217.95213304058
-36835.77499663044
4633.490748993374
-7646.415041428586
656.1767957035295
-44961.54761714009
-8174.798399956828
-1435.0903087513593
-10693.268603343184
5225.36953013074
-29247.802882410062
-24434.1457605478
-792.2511329442277
-20606.60242782868
-566.8903068083085
-14849.446987278858
-291.66720344525356
-13428.54241579668
-16094.267184721395
452.3766004831334
-17145.370493034534
-33824.39653458442
-2715.6987148185626
-11951.992907894088
-19923.32884158924
-1123.9374686095657
-4415.072188951191
-35918.53270510646
-3957.6675902102133
6183.1348721781
1784.7362484006335
-22198.2427879459
-32236.153885547825
-4487.016399260179
-7786.437900177045
3385.292787416231
-19791.864377500624
-3071.5938181702722
-8869.478352869406
-12143.39901161997
930.9357593093437
-12883.463027064627
-26031.503490543073
-4172.680648127874
-6915.168510716778
-27992.9357640974
-27693.459487354776
4709.121817644465
-22515.97630665737
-7651.322772793364
1875.4260235340762
5230.815768960198
-6384.291534635066
-2576.7783265390563
-2760.9465543064425
-30790.83125301903
-3354.592691768885
5916.882323727641
4591.822795094134
-3570.858333806863
9310.402070828564
-433.2737808965726
-27551.353136098514
3817.894273193968
-34263.15213299125
-10126.33818033978
-14603.808469889354
-12272.101598875008
-12624.096762829642
6645.246772473443
-11912.886864397682
545.5054583157321
11626.55792028205
880.3888375033835
-480.53090125722235
7092.099095695392
-19988.49098948849
-18897.526207736333
7166.972581045853
-9006.272934384917
-5667.066696342503
4374.7794406865
-23793.972229666724
-3844.765992814152
-9285.509456349562
-2751.651060782317
-8600.341835007706
-8489.479180322502
8092.4822795449
-1312.255899102047
2258.686628702967
6118.267547275462
-15136.992569158043
3671.37913841493
-1655.5722950718819
-39606.33931047508
1272.9927808871216
-38126.32227214754
-282.9749309327076
-4005.4682565957664
573.6136319313218
1168.4128133841086
-25780.102524766124
-5018.755702196739
5681.63664841076
10661.49211046856
4547.660490817284
-941.9344314872706
-25805.777743269733
-11021.527105355555
-39040.36892938083
-14553.565655771545
-43453.255481331646
4446.222339312756
-15870.150221234715
-2795.9796072141326
-24998.59238166023
11872.135873764
6565.421953524905
1086.691609590484
-33824.39653458442
3821.1028646713385
-2067.4061643955038
8009.6251178866605
-6343.662541235566
3804.9492752264214
925.450530427519
-14987.284035566434
1172.7094762207448
-27335.719206316367
-35483.61723247579
-9161.015172829357
-37142.726218139935
-525.7946967897994
-1395.0570647801105
2261.718284661709
1636.5543682964399
349.1194203888671
-18218.81729182357
-50420.18389355035
-43639.48096962032
-15121.36598003783
-7899.242055500748
4981.6860280134315
-19425.99988303403
-41604.2965220247
-24973.90502336471
-13083.110384238213
-29247.802882410062
-21958.64551888532
-38760.998331986986
-4943.06901345257
-264.08650133738774
14598.188408897306
-3450.183599967067
-1091.584709485082
-1558.1970098620448
-1509.6429919477432
-18857.57085724405
-10668.195964821258
-17557.817153767384
-14853.051207394747
1567.1924104343834
14574.082316153843
896.9372997164639
11057.686918074387
-2533.1857033707283
-6452.824783827775
-1583.439604529789
-1086.3544146267432
-7960.73961691567
-34785.51227504528
-27577.90870554114
-10142.785772615638
13230.707456794113
-31118.35776148476
528.0068676256994
806.5236303684285
-26628.38251935489
-17878.07950442128
611.3047914837571
-27169.949802777577
-33662.22100557871
7251.4580184126935
-17405.273974648015
-15975.561404970102
-32669.1690392134
472.1013054419004
-5060.236802910161
8144.785444162215
-19924.2663848225
4300.689127507227
9310.68966093583
-3181.8170092980204
1075.8389782788122
-867.0186076524059
-3696.153651534293
1113.098073288148
-25375.109961144313
956.9706261183774
-12624.61617293414
-15574.897389007097
1410.296209846219
-466.65283506074024
6832.825810124157
-4863.826237619905
5570.848647623212
-9860.407794415432
-4652.584616679978
-4266.103410600818
-1143.654113209091
1263.8135148667798
-39424.55411434571
-27952.621327223875
-1448.7276074913357
-26258.67253042961
3342.2094877946765
-35486.56429262657
-37690.60492471487
-160.38274883920536
-5613.803917504754
-3682.8153232451623
3065.503212293801
-4977.237476504831
-29015.714195725886
-19272.960283519373
-14116.695247076466
-33935.79227182525
-12271.362502527518
6828.759368385597
664.0967497856864
-27673.272813621392
-79.90149591009686
-2311.537888180954
-19439.94816938827
322.6857072576229
-3616.6008680165114
-7117.837288873125
-5134.805693164146
1391.302306011984
4177.488592096085
2772.553038054086
11034.986870445817
