 22269 22269
 7127 7127
 5001 5001
 24929 24929
 21428 21428
 11020 11020
 23880 23880
 22211 22211
 16313 16313
 23358 23358
 8021 8021
 21318 21318
 26718 26718
 12112 12112
 19047 19047
 29975 29975
 27670 27670
 28651 28651
 2149 2149
 18025 18025
 16628 16628
 9125 9125
 32274 32274
 1411 1411
 10186 10186
 5178 5178
 5239 5239
 13072 13072
 1925 1925
 25217 25217
 9009 9009
 3154 3154
 10355 10355
 15275 15275
 4257 4257
 29012 29012
 26078 26078
 30807 30807
 20390 20390
 25325 25325
 25129 25129
 17194 17194
 6645 6645
 758 758
 13952 13952
 19555 19555
 6223 6223
 15296 15296
 32423 32423
 10720 10720
 24939 24939
 1919 1919
 19577 19577
 18431 18431
 31048 31048
 12202 12202
 1455 1455
 18453 18453
 6060 6060
 15026 15026
 20795 20795
 10155 10155
 5319 5319
 19586 19586
 4237 4237
 24449 24449
 14234 14234
 3628 3628
 12083 12083
 995 995
 29032 29032
 3124 3124
 21933 21933
 7414 7414
 11353 11353
 14789 14789
 26670 26670
 30073 30073
 32458 32458
 16248 16248
 14674 14674
 30274 30274
 13515 13515
 12614 12614
 7360 7360
 8939 8939
 16809 16809
 6124 6124
 12305 12305
 30930 30930
 24804 24804
 19228 19228
 14831 14831
 14645 14645
 29020 29020
 8602 8602
 19045 19045
 31410 31410
 31198 31198
 9271 9271
 18625 18625
 21211 21211
 23952 23952
 16660 16660
 10827 10827
 21171 21171
 11040 11040
 809 809
 13952 13952
 17886 17886
 4653 4653
 32354 32354
 3093 3093
 2555 2555
 25385 25385
 29235 29235
 17887 17887
 22986 22986
 31659 31659
 17723 17723
 22369 22369
 20993 20993
 6214 6214
 17375 17375
 11329 11329
 15392 15392
 2049 2049
 10769 10769
 3933 3933
 24491 24491
 30067 30067
 1662 1662
 2885 2885
 5775 5775
 20758 20758
 19262 19262
 31613 31613
 29572 29572
 32705 32705
 2731 2731
 14060 14060
 28628 28628
 2998 2998
 2456 2456
 9813 9813
 23334 23334
 22708 22708
 23385 23385
 19678 19678
 17817 17817
 2481 2481
 3703 3703
 17556 17556
 28214 28214
 23502 23502
 29754 29754
 25514 25514
 21314 21314
 23600 23600
 29966 29966
 16479 16479
 17123 17123
 28127 28127
 6109 6109
 30787 30787
 12851 12851
 25685 25685
 12520 12520
 5825 5825
 5366 5366
 29554 29554
 32656 32656
 5223 5223
 15695 15695
 11198 11198
 30111 30111
 19815 19815
 925 925
 26730 26730
 9516 9516
 17982 17982
 14847 14847
 27598 27598
 30960 30960
 2268 2268
 24351 24351
 7965 7965
 19511 19511
 28002 28002
 1138 1138
 6051 6051
 2020 2020
 21395 21395
 6392 6392
 27820 27820
 22990 22990
 3498 3498
 23081 23081
 26395 26395
 31311 31311
 13837 13837
 16227 16227
 20081 20081
 3806 3806
 25594 25594
 1704 1704
 17703 17703
 11736 11736
 29862 29862
 30731 30731
 15950 15950
 17548 17548
 1436 1436
 4395 4395
 24452 24452
 1852 1852
 13825 13825
 21675 21675
 19943 19943
 13769 13769
 29165 29165
 13722 13722
 26236 26236
 12954 12954
 16682 16682
 24756 24756
 8897 8897
 27983 27983
 3897 3897
 7440 7440
 25040 25040
 28203 28203
 31366 31366
 8286 8286
 12976 12976
 5275 5275
 26866 26866
 6828 6828
 26032 26032
 12572 12572
 223 223
 21222 21222
 20138 20138
 13380 13380
 7611 7611
 4537 4537
 22854 22854
 17507 17507
 2059 2059
 10364 10364
 14497 14497
 6434 6434
 22420 22420
 22451 22451
 30508 30508
 3230 3230
 9578 9578
 11679 11679
 19540 19540
 25917 25917
 9817 9817
 16249 16249
 25745 25745
 9132 9132
 4541 4541
 27934 27934
 8306 8306
 17102 17102
 12518 12518
 3206 3206
 30214 30214
 22988 22988
 5182 5182
 8918 8918
 12964 12964
 29175 29175
 25263 25263
 29169 29169
 14057 14057
 9226 9226
 20392 20392
 26066 26066
 670 670
 30754 30754
 8639 8639
 17087 17087
 16676 16676
 20791 20791
 12101 12101
 1716 1716
 23004 23004
 7949 7949
 25622 25622
 10307 10307
 30398 30398
 2410 2410
 22727 22727
 14270 14270
 30153 30153
 6086 6086
