 4146 4146
 4287 4287
 5415 5415
 25570 25570
 25932 25932
 10983 10983
 22404 22404
 23100 23100
 16534 16534
 27609 27609
 15556 15556
 16823 16823
 10789 10789
 13719 13719
 4554 4554
 5262 5262
 20692 20692
 22965 22965
 19625 19625
 7228 7228
 18316 18316
 32490 32490
 28573 28573
 30485 30485
 13520 13520
 8170 8170
 90 90
 25424 25424
 25954 25954
 24040 24040
 22480 22480
 29396 29396
 26621 26621
 20871 20871
 18841 18841
 4563 4563
 4013 4013
 30522 30522
 22842 22842
 16033 16033
 32285 32285
 19277 19277
 1408 1408
 23205 23205
 14914 14914
 1153 1153
 21265 21265
 12634 12634
 21315 21315
 11052 11052
 4684 4684
 31461 31461
 8220 8220
 13893 13893
 7944 7944
 7188 7188
 5231 5231
 19276 19276
 5838 5838
 25643 25643
 2197 2197
 6409 6409
 28482 28482
 12959 12959
 7222 7222
 25758 25758
 29167 29167
 12947 12947
 8889 8889
 29978 29978
 18733 18733
 37 37
 21265 21265
 23491 23491
 5610 5610
 4358 4358
 20894 20894
 4206 4206
 21923 21923
 353 353
 9875 9875
 18134 18134
 14703 14703
 25074 25074
 4943 4943
 28493 28493
 21062 21062
 14433 14433
 6462 6462
 27312 27312
 3782 3782
 9969 9969
 19313 19313
 8073 8073
 3516 3516
 21367 21367
 21963 21963
 20653 20653
 21359 21359
 31410 31410
 5786 5786
 1631 1631
 27533 27533
 21312 21312
 18378 18378
 22800 22800
 21761 21761
 27653 27653
 30030 30030
 29043 29043
 1061 1061
 14621 14621
 29165 29165
 19157 19157
 15762 15762
 30766 30766
 22326 22326
 22661 22661
 22071 22071
 28525 28525
 9793 9793
 18212 18212
 23289 23289
 13769 13769
 31077 31077
 29539 29539
 2711 2711
 5682 5682
 24775 24775
 28747 28747
 30870 30870
 3656 3656
 19475 19475
 14022 14022
 12735 12735
 19344 19344
 31880 31880
 31240 31240
 29460 29460
 17898 17898
 18592 18592
 19355 19355
 25385 25385
 20504 20504
 31039 31039
 27900 27900
 27737 27737
 28900 28900
 18359 18359
 28363 28363
 6676 6676
 27729 27729
 30213 30213
 32473 32473
 31912 31912
 20334 20334
 289 289
 15914 15914
 22459 22459
 24789 24789
 32119 32119
 20977 20977
 25854 25854
 831 831
 23836 23836
 13950 13950
 16263 16263
 25987 25987
 18286 18286
 21399 21399
 15029 15029
 4222 4222
 5312 5312
 3554 3554
 12260 12260
 23400 23400
 17327 17327
 14016 14016
 11691 11691
 1148 1148
 8897 8897
 659 659
 21829 21829
 23857 23857
 29703 29703
 16683 16683
 15097 15097
 330 330
 22739 22739
 20436 20436
 11471 11471
 31375 31375
 131 131
 25493 25493
 31873 31873
 20911 20911
 4904 4904
 29811 29811
 21783 21783
 1728 1728
 24843 24843
 24953 24953
 8110 8110
 9517 9517
 19962 19962
 10468 10468
 12522 12522
 3270 3270
 20663 20663
 25065 25065
 18633 18633
 15324 15324
 1989 1989
 21888 21888
 31824 31824
 16852 16852
 6498 6498
 6405 6405
 24026 24026
 18880 18880
 12893 12893
 5160 5160
 30297 30297
 5838 5838
 21838 21838
 14447 14447
 9156 9156
 28744 28744
 23854 23854
 17136 17136
 25726 25726
 18819 18819
 22097 22097
 7628 7628
 29312 29312
 32473 32473
 31729 31729
 23022 23022
 16600 16600
 310 310
 9489 9489
 13751 13751
 12791 12791
 30499 30499
 25276 25276
 21451 21451
 29719 29719
 18430 18430
 6129 6129
 3558 3558
 12663 12663
 14651 14651
 8454 8454
 20721 20721
 13217 13217
 12554 12554
 9475 9475
 11744 11744
 32750 32750
 3148 3148
 6345 6345
 26473 26473
 19942 19942
 3997 3997
 21058 21058
 2555 2555
 30717 30717
 9822 9822
 2271 2271
 3945 3945
 4308 4308
 8665 8665
 21172 21172
 28849 28849
 13216 13216
 30349 30349
 19233 19233
 3187 3187
 5575 5575
 448 448
 15745 15745
 5079 5079
 25263 25263
 2642 2642
 17452 17452
 22698 22698
 10877 10877
 7175 7175
 20028 20028
 26749 26749
 3781 3781
 28796 28796
 6397 6397
 17729 17729
 29036 29036
 13928 13928
 1602 1602
 9337 9337
 18541 18541
 13302 13302
