 8445 8445
 7432 7432
 19613 19613
 11364 11364
 67 67
 29018 29018
 29584 29584
 8461 8461
 4415 4415
 24490 24490
 18522 18522
 11503 11503
 16123 16123
 6749 6749
 32284 32284
 8658 8658
 2070 2070
 3007 3007
 24680 24680
 4714 4714
 17991 17991
 8782 8782
 28265 28265
 22057 22057
 16716 16716
 4558 4558
 7172 7172
 4882 4882
 20033 20033
 12224 12224
 8999 8999
 9577 9577
 12985 12985
 17710 17710
 4259 4259
 3322 3322
 20028 20028
 28596 28596
 27694 27694
 496 496
 25212 25212
 4227 4227
 15960 15960
 12501 12501
 8821 8821
 20170 20170
 922 922
 17643 17643
 21814 21814
 32183 32183
 15018 15018
 18522 18522
 23292 23292
 5001 5001
 20546 20546
 22058 22058
 1355 1355
 13042 13042
 22470 22470
 15904 15904
 23605 23605
 14640 14640
 15565 15565
 29943 29943
 10457 10457
 24755 24755
 23494 23494
 232 232
 7046 7046
 16032 16032
 19893 19893
 30981 30981
 23102 23102
 21335 21335
 6808 6808
 11967 11967
 17930 17930
 6 6
 13329 13329
 27720 27720
 2935 2935
 26210 26210
 21864 21864
 31744 31744
 2725 2725
 5420 5420
 18471 18471
 20555 20555
 9855 9855
 3255 3255
 32104 32104
 23320 23320
 22800 22800
 18511 18511
 4214 4214
 21017 21017
 10830 10830
 11099 11099
 470 470
 25812 25812
 22604 22604
 3810 3810
 14589 14589
 10699 10699
 5463 5463
 16766 16766
 26454 26454
 29049 29049
 23745 23745
 18903 18903
 28721 28721
 22566 22566
 30915 30915
 3865 3865
 2502 2502
 27297 27297
 10370 10370
 5289 5289
 13010 13010
 10066 10066
 20340 20340
 8546 8546
 26355 26355
 9754 9754
 4654 4654
 11703 11703
 4042 4042
 22080 22080
 17524 17524
 20034 20034
 4864 4864
 16795 16795
 21140 21140
 20209 20209
 32351 32351
 23931 23931
 3073 3073
 26604 26604
 27636 27636
 15680 15680
 28409 28409
 15267 15267
 27906 27906
 24690 24690
 4799 4799
 27707 27707
 13498 13498
 24040 24040
 27113 27113
 4169 4169
 26953 26953
 4967 4967
 496 496
 20872 20872
 32226 32226
 20401 20401
 6117 6117
 23477 23477
 31139 31139
 27691 27691
 14154 14154
 8301 8301
 7850 7850
 2266 2266
 31542 31542
 14854 14854
 1777 1777
 27601 27601
 887 887
 16685 16685
 3732 3732
 24879 24879
 8104 8104
 6151 6151
 16561 16561
 20785 20785
 6768 6768
 25908 25908
 421 421
 9935 9935
 2705 2705
 27588 27588
 17683 17683
 11055 11055
 16575 16575
 31148 31148
 11851 11851
 24836 24836
 10786 10786
 25299 25299
 16683 16683
 2951 2951
 27993 27993
 6667 6667
 3893 3893
 11883 11883
 5721 5721
 25651 25651
 968 968
 25485 25485
 27651 27651
 31368 31368
 8936 8936
 26939 26939
 18982 18982
 19702 19702
 1362 1362
 30411 30411
 22070 22070
 16722 16722
 13229 13229
 18889 18889
 26117 26117
 11170 11170
 18704 18704
 23594 23594
 426 426
 7721 7721
 14753 14753
 18929 18929
 10583 10583
 24985 24985
 14664 14664
 29806 29806
 15301 15301
 20023 20023
 22006 22006
 20692 20692
 18084 18084
 5627 5627
 17697 17697
 17356 17356
 11975 11975
 20996 20996
 18913 18913
 8497 8497
 28840 28840
 30394 30394
 31600 31600
 8509 8509
 26253 26253
 23254 23254
 13607 13607
 18295 18295
 10547 10547
 2068 2068
 31870 31870
 32146 32146
 11089 11089
 1272 1272
 2812 2812
 30077 30077
 11142 11142
 17514 17514
 14167 14167
 2276 2276
 24098 24098
 19319 19319
 5227 5227
 16299 16299
 10876 10876
 26159 26159
 27843 27843
 9734 9734
 1532 1532
 7801 7801
 26078 26078
 1116 1116
 30939 30939
 9211 9211
 3599 3599
 6514 6514
 16190 16190
 16761 16761
 4047 4047
 15543 15543
 18677 18677
 3546 3546
 15287 15287
 2632 2632
 19393 19393
 17849 17849
 15403 15403
 22411 22411
 10422 10422
 32007 32007
 2766 2766
 32026 32026
 25254 25254
 19310 19310
 30871 30871
 15284 15284
 25583 25583
 2767 2767
 16480 16480
 10564 10564
 666 666
 1650 1650
 32212 32212
 6679 6679
