-1752.821565275009
2298.398787373684
-28401.138467519773
4506.94181915508
10.337184699358758
-44355.20474085613
-7810.56049522994
-2624.1258459851124
-2327.386211400963
-9619.409012950238
-4212.642748094258
-1609.078201014332
7239.99601125831
-5780.444899720964
-25623.890914013937
-12322.843187562183
-285.27004825781955
1423.2115160012472
5857.217474336501
-4644.876309498365
-25444.752698434837
-13165.102164245727
12146.086404880918
-7795.137572317684
-25618.871194462066
-6891.79245265933
-1928.0076272595709
1570.0577770881955
2019.714375624757
-788.0094465266957
-3556.9486403928277
-11176.013397145141
-20033.468581740257
-5528.715181105885
1972.3814150227977
-5074.653840858316
1683.1592661583873
-11976.163872957992
-22459.26616482829
-349.62421350977377
-8901.242851517982
1908.2658494347197
4274.58160586944
4535.938554491786
-12271.826023911775
8482.600563945118
-611.8284287264548
-473.0275334148573
8502.816294020004
-14538.096358324203
-261.3231180022103
-4212.642748094258
10559.173642709093
1748.9460040498002
-6195.622641068556
-7884.983410009832
-2134.371468017629
-19794.71060690529
-34640.18928535024
1263.8591751707427
-8043.957291417975
1448.8616071861861
-21444.485179025953
13765.646371488245
-3224.5595971399425
9547.60471958406
1417.5107554901952
-364.14920179140216
-8044.722728592564
6753.854823380956
-8993.417758071353
-44270.176304372275
5978.185075168267
-12562.802330622773
-8389.387683237017
-16139.968424979581
-22321.995349667326
-52.65081334970207
-4657.451468382053
-19893.386666708622
401.1911313841249
-2114.0050979376138
6425.950528505828
14587.206275212011
-4233.588603522249
-6371.214000421504
-8352.482766659166
-6970.192315478018
-12056.762734542725
-4699.048717554557
-6075.0106025390905
10117.652841253495
-18982.938700215094
-5088.521163011201
1774.0066752087118
-32083.694611550825
-15861.143961652891
-1612.8234947772917
-643.6001108775174
-36178.65954769114
-32333.731693703754
-3945.5165405760827
-1739.9433809381762
-15828.227787333659
-4710.807134433629
-25838.73516608784
11778.252667947772
-44778.53072693807
-21130.765912910545
6805.044813171948
-24850.78503203301
-33649.87326373288
-46725.19976422617
-5489.2167406492135
1008.8830631416358
-41752.08057195439
1526.7387719496783
-8092.876479053266
-20078.449111459926
-193.03332345485614
7363.681472425071
-7422.532291317953
8298.118993296775
-14886.574854676604
-6450.8449478611465
-14120.49550638154
-3680.9111261094313
-9877.889172543506
6072.652420575603
2086.3236858475884
1113.3717011053077
-25537.68763452885
-27588.640094239825
9173.063409708686
-32556.771600528362
-34246.9936553296
733.032714151989
10224.599262071411
-27890.9319595508
-14943.713246576379
5042.114083474085
-17993.089193221647
-1567.9323389952024
6450.7227934577
-1179.1449566832464
-21183.833087472365
4668.0575887268005
-37082.02334921752
-32624.204707859994
869.3881023470185
-17988.163651469775
2228.9745819522523
-349.62421350977377
-30351.150472730755
-19285.8218637043
4472.384530950529
-9335.360021409448
2659.505012809628
-32893.883442313665
-22751.154963478308
-21543.653287258876
3548.493613347083
-11686.559677867515
-3158.2153017627697
6721.229072082249
6557.671587158058
-2731.9761807718314
-30891.6239929211
34.81002651973836
-25017.504415784115
-1031.8724022800354
11339.637028608362
-400.5912848559169
-8828.395577097213
-19430.535841296223
-25841.375388937704
-6686.503071625621
-30084.937242517477
-599.0620303286539
-7889.802288926829
-4063.1828073725273
-31939.893665994387
-3413.783860038102
-4328.218497850918
-20282.304731583223
-32060.37465777997
-18316.790607971005
11362.327056045844
-16559.33561022448
-17382.050467955447
-24966.78845206928
769.7873467021725
5423.599474798992
-1667.603963662047
-5930.746274525338
-18201.86940904167
2538.852192405149
-39520.18196175293
-1388.0985545578544
-33153.916272167386
-26534.462188481346
-9124.386372743298
-7154.252144853968
-16577.392820058856
2927.7643245407417
-24005.166131890455
-2128.034467006877
-18357.94241556292
-8968.55428448358
-25694.562581488786
-11568.424414488622
7282.28556216861
-10850.153752602857
2129.141913229141
6866.952503942313
-7030.18381261561
-643.128538969969
-10807.287044010634
6112.201197668642
5743.291589494913
-10984.4614502095
8379.2061965619
2751.8229746954084
10032.724153056182
-19881.08193552744
1340.8737723919821
-3347.576786124724
-18905.392458087077
-27851.813502434332
1790.9395104950172
-4499.975841726342
7244.802771446959
-15821.397273664508
-32316.017199285456
6423.196935200891
-4659.285157960112
-35486.56429262657
-16532.34383449978
10387.175174719141
-5345.539827727717
1500.2791929993982
10690.28991830438
6231.021797519991
-21794.472820948875
-8870.039850136065
-233.35421283720746
12003.517200251568
-10506.426543635174
-2212.4568974463136
-993.716837492602
-3290.782462295029
10737.017979261242
781.2212890904557
6429.062479968619
-21734.203863717426
-2993.392730414196
-36805.3249263318
-23274.400028710876
-6783.321423655918
-18.82319976863255
-14415.043577859073
-6793.406399566165
-7507.14674587849
-15024.559910346565
692.1118413898606
-12073.753342933673
-14685.0237391991
93.93274555730352
-46010.34604117817
4247.938903482207
1694.3062213594515
2980.579131785632
5644.270154437161
-25858.911927019068
-3500.973589750729
-22266.36053140425
5780.706294688342
1095.40843153201
-19139.757327034386
-2404.9269202836513
-27350.32394129591
-16750.537892389177
-23451.058495803365
-33548.117928353386
-1149.633531678578
3096.621724748562
-4117.02836456741
1450.4067679685904
-12981.569286298109
-22678.403077507654
-47488.084615148444
-18974.1342973138
-38059.47847756849
-4106.426822957168
-13743.729036917874
-9891.220727392552
-930.6224175708966
-815.8463268881276
-17738.39642825118
-2255.4731995994784
