184.38940970187878
1714.776070598824
-6538.61143441441
-37590.81561699178
-28185.947022649318
-8884.322546067639
-33334.756329837575
5864.953041589883
-17663.568154064793
-30227.83100466158
-21799.816127722144
-24953.769187510385
-16534.260141093037
3329.7568169600063
-6836.546919117191
-7679.017887389116
-18905.392458087077
-4054.885582202176
-27953.80587603783
646.6163787522469
-20439.49312847042
-44160.34273715192
-9616.507397238047
-26160.658244726867
5326.55780368842
2299.1097468441512
-158.11266388841028
-28695.3294674988
-26339.125964480634
-37082.02334921752
-34697.48563959746
-27093.77187277112
9532.701005517318
-30312.87069656171
8389.563827992142
-6952.796324167777
-4637.642748814994
-29861.445186213634
-15213.306769575756
6775.802032101083
-25731.231895432327
-20339.89466513707
-1653.488331270188
10063.1429579847
5044.961124160487
534.1607937399342
-18637.525458037642
-1942.6256239468576
-14333.722470075572
-4518.774108627321
-5663.568265719662
74.02223420333394
3504.4766477461962
-7642.540815572465
-8684.22127380008
-1143.654113209091
-6904.252864193119
-20265.604897599267
-772.7911811222775
-39436.67100034455
-3330.496447815624
1579.1989334521127
-858.5748353707313
-19739.193697105777
397.7152468516115
-38341.24429919274
-43114.36028257599
-19519.65196492867
-9598.348422653573
13612.233622596104
7759.642193153752
34.035723693605775
-18637.525458037642
1641.6849100633408
1331.6688209055692
-97.6706872628315
-31106.38365433889
1661.505941141549
2970.4796289480873
169.22132045436064
-11135.101803957074
-27836.310068653853
4532.898656336143
3020.298475355694
2311.8541652481435
-1848.9883974865716
-31040.904503104575
-12886.018883148994
2774.858670375188
-41985.42125211666
-2930.831406037175
-5856.722542873355
-22879.20104221004
-1967.5745510996794
359.3558038185229
-9714.664104197243
104.54111725351322
-15588.415775261437
-10426.1796022551
-4816.037934761605
1188.5499908523052
-338.9507056148186
-35908.296741577185
-14597.761306005785
-15922.604127208175
-18982.938700215094
9748.101270025529
-26350.761890960122
12542.66274000341
-44724.53140483098
-967.4731736010456
320.8884834464452
-43184.975313441864
-10532.240190507759
-8893.758794890535
-46391.08545894594
-29839.789117490756
-29465.62472090662
-9059.257420332124
-4850.543721812835
-14196.495288811637
-25975.40264502188
10589.194490829077
754.0952410543887
-38160.16361464013
-12437.80581428214
-4129.519982430537
2620.828162851995
10215.65056518958
-27386.727253563324
-47497.063314985964
1189.3715475126469
-29813.92568177444
-16401.46210625259
-8829.53200975118
-24823.7819636069
11553.543177751853
-22821.193692720226
-20682.194587768703
-20283.43252033004
958.6070864901612
-25452.50333444555
-25409.837714005233
-2701.9221418426514
-40907.882632342415
-2108.1989219364805
-18188.155162180174
-39604.33900198944
-17376.10592684388
8038.867762199312
-2107.146197294117
-18992.761076126615
1562.639567667291
-43009.1322098736
9887.352627294993
7582.318235856716
-180.33577518749436
1860.5730417194227
-34533.97313961685
10598.921313489649
-7634.604262905761
-32384.17256870847
-33837.59452331369
416.19381449071693
-28587.646434194685
-11744.878812310679
2210.1689951297303
-23407.828680329716
-22342.35877051238
-6893.457125413949
-978.665002088077
1863.8597855317262
-8236.349556150068
1247.6646979285488
1234.4866596383108
7306.17040457634
6401.636620684396
-16050.307105556403
-13491.79912399134
499.8384595731817
-9208.921338680942
-845.0302707273879
7968.345899008178
-30057.65178584774
3165.1390476135584
-24966.78845206928
-5823.087941545551
183.44408411157676
-24070.139669214954
2314.9757358032875
235.43300228903536
-8392.937361070948
-89.3499249287769
-33666.16173238038
11872.135873764
-31573.47717627642
1988.9897247967629
10284.63620417879
9355.222637962674
-2522.5427713832255
11405.873452589181
9694.399107964435
-114.5850382877752
-7946.393170382346
-3232.0519200961235
-3905.2763030393244
3844.6697649496173
-4924.78372040458
-16453.259162407638
3664.6202176009156
3527.581349943215
-20978.909892197462
953.2496505459803
5142.483250218578
13620.722543574477
-24056.289878049323
3024.907523721505
1453.2337607668019
-36960.02677813096
7553.005446487292
-17910.039956754066
-4231.129318887024
-6333.141230838795
-772.7911811222775
7610.578594796159
-11918.820720338423
3453.6651201866816
-27098.840620012244
-29854.569056765846
-5032.322910095918
-39138.05347090475
8614.215797423365
-11432.452054292336
-6926.171419748391
-34548.24865668555
-43009.1322098736
14501.960202717924
611.9024972086299
-21679.164022799414
44.19887677553368
-6286.827156206931
1756.9429438270545
-12568.720554759213
-27582.62705414412
-15136.992569158043
-2496.994338705321
4424.143600502977
-11741.459996503367
-9203.735574075366
1316.067980678474
-3849.1443471046514
2063.9797985676505
-2239.321317530557
-21245.52620141866
-12347.175611233677
2522.1894017152263
-5443.319744979334
-15989.224374349033
-49390.34915653809
-1522.991987624355
-895.7463844696763
12044.679512035449
-4857.886331394089
-5083.884683433778
-31163.056260011377
-32.42829334564999
-44504.81821123832
-13343.040039837399
-3079.7121477581622
-5993.683628465162
1338.0474215550444
-12517.22178286128
-25638.61657341369
-36167.51507837634
-12411.113141609836
-11723.180316060512
-16915.57565045138
-2881.3291001491634
141.10273574979965
-734.6592774111292
-10189.646822949582
-699.8316055699879
-13863.26269598428
-2703.1286691421883
7850.35360767424
-27093.369722069172
-14376.162704235738
-1778.8352464984014
1683.1592661583873
1429.0360970330967
-2893.0743871942004
-31875.259846791738
1188.0170523503598
-7059.387434694757
-44644.54109853949
-10182.615451899936
277.74796470096703
1912.7274392867894
-2732.6777397059595
-6542.820572989961
