 14763 14763
 3715 3715
 24897 24897
 5100 5100
 10254 10254
 20136 20136
 5342 5342
 3212 3212
 28179 28179
 16878 16878
 30289 30289
 19178 19178
 28642 28642
 3208 3208
 22155 22155
 24144 24144
 27448 27448
 22514 22514
 20815 20815
 19739 19739
 17517 17517
 1366 1366
 22471 22471
 23598 23598
 24561 24561
 24104 24104
 9446 9446
 5841 5841
 31620 31620
 9732 9732
 29819 29819
 21774 21774
 16998 16998
 25810 25810
 11423 11423
 32323 32323
 7323 7323
 12673 12673
 16197 16197
 22586 22586
 27307 27307
 1798 1798
 13990 13990
 31721 31721
 6915 6915
 32672 32672
 32761 32761
 24472 24472
 2694 2694
 26297 26297
 9031 9031
 7888 7888
 29225 29225
 3457 3457
 11132 11132
 29519 29519
 262 262
 27589 27589
 24735 24735
 4177 4177
 16860 16860
 24987 24987
 3595 3595
 11435 11435
 3867 3867
 25123 25123
 29086 29086
 28097 28097
 8092 8092
 27714 27714
 8308 8308
 11374 11374
 3139 3139
 7528 7528
 15292 15292
 26061 26061
 6854 6854
 21998 21998
 14006 14006
 31178 31178
 18611 18611
 1680 1680
 28309 28309
 799 799
 4015 4015
 15173 15173
 25256 25256
 2868 2868
 8853 8853
 30120 30120
 27529 27529
 7490 7490
 28740 28740
 9556 9556
 14483 14483
 15277 15277
 5906 5906
 13604 13604
 21968 21968
 474 474
 9778 9778
 13233 13233
 14795 14795
 25524 25524
 29633 29633
 6422 6422
 13358 13358
 18450 18450
 15791 15791
 15346 15346
 17512 17512
 14195 14195
 6333 6333
 16748 16748
 10806 10806
 22200 22200
 30905 30905
 19137 19137
 25747 25747
 7842 7842
 8039 8039
 16059 16059
 6464 6464
 22463 22463
 24272 24272
 21337 21337
 12670 12670
 21831 21831
 24589 24589
 10492 10492
 27863 27863
 10468 10468
 18878 18878
 25061 25061
 5598 5598
 11200 11200
 27972 27972
 19151 19151
 4044 4044
 17855 17855
 1966 1966
 19349 19349
 12545 12545
 20393 20393
 26117 26117
 22852 22852
 5450 5450
 15348 15348
 6264 6264
 9672 9672
 1910 1910
 22226 22226
 31448 31448
 13719 13719
 21137 21137
 27455 27455
 8662 8662
 1932 1932
 14374 14374
 26068 26068
 26979 26979
 8778 8778
 3821 3821
 12368 12368
 32666 32666
 5529 5529
 1479 1479
 4503 4503
 29439 29439
 25293 25293
 23058 23058
 30244 30244
 26702 26702
 607 607
 27595 27595
 1106 1106
 16856 16856
 8439 8439
 24923 24923
 27118 27118
 10015 10015
 14586 14586
 19784 19784
 2254 2254
 21893 21893
 24257 24257
 5315 5315
 14043 14043
 3799 3799
 5735 5735
 31582 31582
 11246 11246
 20993 20993
 4736 4736
 24283 24283
 9945 9945
 6105 6105
 25902 25902
 29648 29648
 3145 3145
 26469 26469
 16088 16088
 9337 9337
 24005 24005
 26821 26821
 14488 14488
 13693 13693
 31859 31859
 9819 9819
 16596 16596
 24055 24055
 18727 18727
 26068 26068
 31286 31286
 18919 18919
 6719 6719
 15317 15317
 30328 30328
 2522 2522
 25913 25913
 10374 10374
 16496 16496
 18153 18153
 5815 5815
 27463 27463
 23774 23774
 15236 15236
 6910 6910
 22711 22711
 2930 2930
 7658 7658
 4473 4473
 26426 26426
 21868 21868
 23404 23404
 22707 22707
 10132 10132
 12626 12626
 20929 20929
 10818 10818
 11993 11993
 26863 26863
 27213 27213
 12550 12550
 8725 8725
 17145 17145
 5918 5918
 28809 28809
 25567 25567
 32410 32410
 29247 29247
 19690 19690
 17761 17761
 4449 4449
 12728 12728
 23305 23305
 26029 26029
 6483 6483
 26075 26075
 19531 19531
 10568 10568
 3762 3762
 6332 6332
 2600 2600
 4985 4985
 19030 19030
 6531 6531
 7603 7603
 1048 1048
 26870 26870
 13819 13819
 11095 11095
 11365 11365
 18263 18263
 29040 29040
 12034 12034
 28214 28214
 18629 18629
 18302 18302
 17101 17101
 27502 27502
 19986 19986
 15434 15434
 19927 19927
 13568 13568
 17936 17936
 2842 2842
 543 543
 31513 31513
 20031 20031
 15644 15644
 11575 11575
 10826 10826
 12860 12860
 23703 23703
 28791 28791
 13422 13422
 22634 22634
 18042 18042
 15058 15058
