 16616 16616
 202 202
 32692 32692
 16111 16111
 1389 1389
 27758 27758
 19804 19804
 6453 6453
 3748 3748
 28001 28001
 22081 22081
 3565 3565
 28044 28044
 24707 24707
 27214 27214
 28177 28177
 17085 17085
 10929 10929
 865 865
 1664 1664
 1909 1909
 21390 21390
 16845 16845
 17281 17281
 1757 1757
 27357 27357
 821 821
 19155 19155
 14612 14612
 28921 28921
 2524 2524
 2745 2745
 13484 13484
 17940 17940
 7372 7372
 19242 19242
 21213 21213
 28590 28590
 11374 11374
 13484 13484
 14321 14321
 22958 22958
 31906 31906
 8500 8500
 12966 12966
 31364 31364
 13886 13886
 30816 30816
 3642 3642
 23533 23533
 16747 16747
 11568 11568
 23339 23339
 15500 15500
 12547 12547
 30233 30233
 3793 3793
 28144 28144
 27018 27018
 9861 9861
 2489 2489
 8940 8940
 3483 3483
 30640 30640
 1946 1946
 24634 24634
 10107 10107
 21749 21749
 28112 28112
 16457 16457
 21852 21852
 12985 12985
 16063 16063
 12921 12921
 19792 19792
 5245 5245
 14467 14467
 22586 22586
 29314 29314
 3284 3284
 22527 22527
 29140 29140
 17405 17405
 18915 18915
 5115 5115
 198 198
 6809 6809
 30509 30509
 28207 28207
 674 674
 8846 8846
 14744 14744
 1891 1891
 5657 5657
 8688 8688
 25499 25499
 10297 10297
 24547 24547
 29059 29059
 8283 8283
 29455 29455
 14058 14058
 27309 27309
 15837 15837
 9252 9252
 29488 29488
 29137 29137
 9661 9661
 22426 22426
 30768 30768
 16494 16494
 16386 16386
 5484 5484
 8842 8842
 14422 14422
 16253 16253
 31060 31060
 20251 20251
 15983 15983
 16397 16397
 14957 14957
 1088 1088
 17671 17671
 2941 2941
 5833 5833
 3669 3669
 14011 14011
 32490 32490
 22436 22436
 7571 7571
 25469 25469
 24631 24631
 28926 28926
 2705 2705
 472 472
 16415 16415
 4032 4032
 22809 22809
 19913 19913
 104 104
 18817 18817
 27154 27154
 25741 25741
 6745 6745
 3025 3025
 8903 8903
 27811 27811
 1755 1755
 19779 19779
 7771 7771
 7998 7998
 22605 22605
 28681 28681
 32110 32110
 30496 30496
 1852 1852
 9120 9120
 15375 15375
 8958 8958
 815 815
 24324 24324
 12896 12896
 23598 23598
 30907 30907
 4497 4497
 28824 28824
 17773 17773
 21011 21011
 7494 7494
 31691 31691
 31359 31359
 32143 32143
 1658 1658
 719 719
 8273 8273
 28615 28615
 20388 20388
 22158 22158
 14055 14055
 19521 19521
 7505 7505
 20064 20064
 13981 13981
 20023 20023
 10095 10095
 3140 3140
 31179 31179
 8161 8161
 3283 3283
 17443 17443
 9311 9311
 13476 13476
 9733 9733
 18952 18952
 11768 11768
 19508 19508
 3831 3831
 16019 16019
 21909 21909
 23749 23749
 17688 17688
 22 22
 26710 26710
 14473 14473
 51 51
 14708 14708
 4596 4596
 1801 1801
 5645 5645
 21527 21527
 27747 27747
 31472 31472
 16719 16719
 28505 28505
 2091 2091
 25468 25468
 174 174
 29922 29922
 17584 17584
 9936 9936
 22483 22483
 9805 9805
 10922 10922
 11562 11562
 19029 19029
 17069 17069
 17581 17581
 5330 5330
 871 871
 5164 5164
 31337 31337
 17023 17023
 18471 18471
 15525 15525
 6129 6129
 29522 29522
 18264 18264
 15805 15805
 26586 26586
 25716 25716
 6461 6461
 7943 7943
 10792 10792
 30981 30981
 21700 21700
 13188 13188
 18280 18280
 15279 15279
 12318 12318
 23965 23965
 5466 5466
 26662 26662
 22833 22833
 29462 29462
 22213 22213
 26215 26215
 11949 11949
 4100 4100
 7716 7716
 7426 7426
 14939 14939
 185 185
 15170 15170
 7154 7154
 28917 28917
 9559 9559
 19802 19802
 480 480
 16055 16055
 3019 3019
 4926 4926
 5205 5205
 175 175
 199 199
 26572 26572
 20566 20566
 2417 2417
 31971 31971
 29870 29870
 3334 3334
 14973 14973
 17181 17181
 28969 28969
 551 551
 4418 4418
 17465 17465
 18654 18654
 15838 15838
 26637 26637
 23429 23429
 20263 20263
 23876 23876
 14504 14504
 31563 31563
 20016 20016
 1978 1978
 32487 32487
 5457 5457
 21707 21707
 6962 6962
