 15211 15211
 6612 6612
 24252 24252
 11285 11285
 18458 18458
 31973 31973
 25609 25609
 14669 14669
 9101 9101
 22841 22841
 22671 22671
 28282 28282
 15507 15507
 3222 3222
 3928 3928
 4639 4639
 24685 24685
 15751 15751
 7647 7647
 21650 21650
 2543 2543
 27775 27775
 18446 18446
 25154 25154
 10646 10646
 4887 4887
 4945 4945
 26439 26439
 4405 4405
 24781 24781
 31837 31837
 5535 5535
 17806 17806
 18207 18207
 4697 4697
 16420 16420
 21865 21865
 12939 12939
 1725 1725
 11927 11927
 4787 4787
 24177 24177
 6243 6243
 19156 19156
 26405 26405
 1389 1389
 28003 28003
 15926 15926
 10198 10198
 1394 1394
 23356 23356
 7137 7137
 4276 4276
 17347 17347
 27547 27547
 10866 10866
 28553 28553
 19754 19754
 18591 18591
 3667 3667
 6998 6998
 32157 32157
 30891 30891
 28876 28876
 14947 14947
 709 709
 12089 12089
 8734 8734
 7708 7708
 28627 28627
 21768 21768
 11399 11399
 3086 3086
 6945 6945
 21590 21590
 8663 8663
 25043 25043
 2323 2323
 1311 1311
 25253 25253
 27586 27586
 18258 18258
 4448 4448
 28132 28132
 22354 22354
 813 813
 12235 12235
 23737 23737
 17250 17250
 2382 2382
 7256 7256
 2342 2342
 27114 27114
 12353 12353
 14957 14957
 938 938
 15012 15012
 9996 9996
 13403 13403
 29831 29831
 3850 3850
 13873 13873
 28507 28507
 5353 5353
 1547 1547
 638 638
 16540 16540
 4485 4485
 24745 24745
 5651 5651
 23552 23552
 13191 13191
 3164 3164
 10538 10538
 13261 13261
 5960 5960
 11034 11034
 2147 2147
 28067 28067
 13694 13694
 2243 2243
 5313 5313
 13340 13340
 15123 15123
 11350 11350
 7925 7925
 7445 7445
 5979 5979
 3816 3816
 23348 23348
 30575 30575
 24346 24346
 551 551
 9076 9076
 21425 21425
 20603 20603
 30988 30988
 15212 15212
 21978 21978
 2941 2941
 31080 31080
 16491 16491
 25897 25897
 5213 5213
 7207 7207
 26706 26706
 3270 3270
 22483 22483
 5147 5147
 11272 11272
 1605 1605
 18908 18908
 13184 13184
 26208 26208
 24193 24193
 15912 15912
 25436 25436
 2096 2096
 11625 11625
 30263 30263
 15767 15767
 9449 9449
 30498 30498
 4669 4669
 2202 2202
 32666 32666
 6217 6217
 6830 6830
 28250 28250
 5353 5353
 31184 31184
 2445 2445
 10466 10466
 15644 15644
 6552 6552
 29483 29483
 11502 11502
 4693 4693
 18571 18571
 21496 21496
 7466 7466
 20558 20558
 2649 2649
 31937 31937
 4700 4700
 10100 10100
 185 185
 5734 5734
 9352 9352
 12604 12604
 8524 8524
 14215 14215
 13480 13480
 15837 15837
 8680 8680
 14388 14388
 4382 4382
 1520 1520
 2644 2644
 14451 14451
 17918 17918
 31224 31224
 21531 21531
 31784 31784
 27754 27754
 22220 22220
 2104 2104
 15979 15979
 7041 7041
 24224 24224
 4003 4003
 28133 28133
 4553 4553
 31612 31612
 25126 25126
 30214 30214
 13785 13785
 6150 6150
 29044 29044
 21396 21396
 19778 19778
 28130 28130
 25828 25828
 23801 23801
 2904 2904
 1217 1217
 19347 19347
 26305 26305
 13402 13402
 23351 23351
 5164 5164
 9072 9072
 25596 25596
 4433 4433
 31083 31083
 6619 6619
 19444 19444
 10377 10377
 2152 2152
 2456 2456
 2196 2196
 29762 29762
 15051 15051
 11340 11340
 28862 28862
 7764 7764
 26332 26332
 4982 4982
 24681 24681
 17935 17935
 10552 10552
 23670 23670
 9072 9072
 27007 27007
 28055 28055
 9472 9472
 22775 22775
 28794 28794
 987 987
 29660 29660
 6181 6181
 18214 18214
 19286 19286
 15983 15983
 5733 5733
 27923 27923
 14834 14834
 31113 31113
 18432 18432
 13668 13668
 29581 29581
 28670 28670
 16002 16002
 9329 9329
 14669 14669
 13293 13293
 18044 18044
 10003 10003
 1339 1339
 687 687
 25142 25142
 560 560
 16597 16597
 5694 5694
 3322 3322
 6269 6269
 62 62
 12295 12295
 29301 29301
 11138 11138
 6147 6147
 19347 19347
 31729 31729
 22817 22817
 9056 9056
 17209 17209
 12107 12107
 6745 6745
 7307 7307
 9669 9669
