 5966 5966
 17758 17758
 30138 30138
 23088 23088
 17507 17507
 987 987
 16002 16002
 399 399
 1272 1272
 23499 23499
 14279 14279
 9323 9323
 14551 14551
 27307 27307
 11144 11144
 18273 18273
 20659 20659
 28326 28326
 32259 32259
 10356 10356
 4321 4321
 24057 24057
 22088 22088
 18876 18876
 3977 3977
 9524 9524
 12711 12711
 32758 32758
 15630 15630
 5916 5916
 23260 23260
 32191 32191
 16682 16682
 29283 29283
 29933 29933
 9434 9434
 9626 9626
 18639 18639
 12904 12904
 6493 6493
 30129 30129
 27343 27343
 23777 23777
 31871 31871
 17002 17002
 24469 24469
 32512 32512
 32163 32163
 7052 7052
 14231 14231
 15976 15976
 22759 22759
 32694 32694
 25098 25098
 7727 7727
 31851 31851
 8748 8748
 5306 5306
 24096 24096
 12343 12343
 11596 11596
 2418 2418
 30966 30966
 8560 8560
 2874 2874
 21356 21356
 11304 11304
 20846 20846
 20764 20764
 18567 18567
 14115 14115
 2901 2901
 11997 11997
 2910 2910
 8717 8717
 15663 15663
 3687 3687
 13130 13130
 27129 27129
 1780 1780
 7830 7830
 19761 19761
 1866 1866
 17144 17144
 24137 24137
 19953 19953
 17521 17521
 10107 10107
 15545 15545
 27108 27108
 21427 21427
 15123 15123
 7341 7341
 21251 21251
 11075 11075
 6149 6149
 9853 9853
 9360 9360
 12796 12796
 22713 22713
 7128 7128
 11585 11585
 19624 19624
 18146 18146
 26296 26296
 30450 30450
 26150 26150
 7446 7446
 17297 17297
 4657 4657
 2838 2838
 2644 2644
 27090 27090
 4051 4051
 14745 14745
 10208 10208
 11067 11067
 26626 26626
 5830 5830
 18155 18155
 8271 8271
 22441 22441
 28578 28578
 17014 17014
 10607 10607
 31335 31335
 23413 23413
 32159 32159
 5805 5805
 26556 26556
 2005 2005
 2371 2371
 20127 20127
 26973 26973
 12922 12922
 16055 16055
 12098 12098
 23579 23579
 11234 11234
 22238 22238
 16353 16353
 6065 6065
 1772 1772
 18468 18468
 24502 24502
 31941 31941
 15034 15034
 10353 10353
 17319 17319
 25276 25276
 20059 20059
 1683 1683
 29240 29240
 3040 3040
 25585 25585
 3111 3111
 4456 4456
 1939 1939
 2974 2974
 27033 27033
 3845 3845
 13648 13648
 23248 23248
 12340 12340
 31450 31450
 16734 16734
 15734 15734
 27215 27215
 10658 10658
 29157 29157
 12504 12504
 26932 26932
 30261 30261
 19347 19347
 31873 31873
 16024 16024
 5602 5602
 27129 27129
 8254 8254
 1375 1375
 20153 20153
 4528 4528
 25063 25063
 19013 19013
 9742 9742
 5025 5025
 27050 27050
 23962 23962
 23617 23617
 27513 27513
 414 414
 1033 1033
 11173 11173
 4885 4885
 819 819
 21270 21270
 32675 32675
 29151 29151
 17828 17828
 15775 15775
 21557 21557
 13062 13062
 28937 28937
 21182 21182
 22115 22115
 20846 20846
 17924 17924
 25743 25743
 3336 3336
 17640 17640
 31752 31752
 3796 3796
 8090 8090
 1679 1679
 29649 29649
 22179 22179
 17773 17773
 16973 16973
 9757 9757
 23492 23492
 31763 31763
 3065 3065
 24811 24811
 11518 11518
 6763 6763
 1005 1005
 26779 26779
 26853 26853
 24169 24169
 28749 28749
 30334 30334
 29895 29895
 27094 27094
 1152 1152
 3533 3533
 19655 19655
 19245 19245
 11464 11464
 18043 18043
 22415 22415
 16122 16122
 11787 11787
 10825 10825
 22385 22385
 1933 1933
 3324 3324
 18750 18750
 13032 13032
 20404 20404
 21785 21785
 8471 8471
 4177 4177
 3129 3129
 5901 5901
 2453 2453
 18227 18227
 8134 8134
 22110 22110
 29509 29509
 3002 3002
 409 409
 14811 14811
 4708 4708
 13530 13530
 7693 7693
 7585 7585
 4724 4724
 7188 7188
 4185 4185
 25642 25642
 18115 18115
 1028 1028
 27654 27654
 20420 20420
 28840 28840
 31083 31083
 386 386
 9973 9973
 26808 26808
 21526 21526
 3333 3333
 27069 27069
 12936 12936
 9655 9655
 22555 22555
 9850 9850
 14809 14809
 11463 11463
 28750 28750
 13399 13399
 1814 1814
 29472 29472
 3090 3090
 5146 5146
 4587 4587
 3995 3995
 14991 14991
 10181 10181
 20429 20429
 29827 29827
