8452.463812385738
-5755.961029633301
-4438.913835009964
-3056.2756550751087
-1259.6437957277858
-17001.90724535866
4917.44454904546
-233.35421283720746
-3093.7174145703884
479.6433255329266
-13695.067819912238
-11082.160517699544
706.6467887667877
2479.9842341034673
-20632.563987536305
-28880.80515874405
-19434.930800523136
11642.600678184053
-11681.367629081276
-41441.61624944924
-6214.703737344837
-11561.920166240641
-3206.7974569170565
-35158.44143776303
2341.5638080896715
-4233.486793856702
11734.647232127576
6504.359746584327
-1140.2730259753735
-20191.130020576667
2977.118688661627
-18694.893232137085
-2037.5503614796078
-51.5763499837949
-2224.0712267340173
-4643.226703647933
-2221.606707061428
-21876.314898619534
9252.658902501344
-15868.549814840315
2445.4169250868526
-2662.254943612792
-9006.272934384917
-30367.432775562207
-12979.314289126278
-14095.751589670905
28.106091509816906
8652.606113515525
-667.5115752353777
-13426.829253968952
-382.6361035996051
-8967.77907025314
-10632.18282787075
-2654.643750314981
-8204.113403206473
-9388.742041409827
-30035.021536376487
-1463.3469584366267
934.7683662687805
-481.53575204410845
-858.5748353707313
-3250.0416704216627
-18611.031211763082
96.73693551502159
348.9851892143215
13354.965830190224
-21930.738660078816
-15003.213346172495
500.4141128125357
-1306.2978992052224
-11731.301997071849
4421.989490655769
-11831.738807880394
3307.6608994920007
-7857.020349208195
-4391.43203603018
-17382.050467955447
9254.330398851553
1954.333558119025
14377.14755666423
-28483.544934936646
7489.037014412312
-33412.314084040365
-35076.22047575952
-10499.842024955291
4480.122864052195
5096.228687857249
-16626.02386429412
-14487.359796468643
-12682.317582293188
8892.170227369972
7474.5440058662425
-14349.714654513991
-2598.7785047979387
-10393.431856136413
-20480.336725889687
-189.5079309662616
5832.184440208353
-11708.504836002188
-27798.678948082084
-4440.674541127453
4584.74802971347
-49362.58699102054
-28563.4304992202
3145.542114244222
-1173.3629061034426
-7750.953474984072
-27533.724576411005
8000.743127793436
-45975.899362965894
2736.6624847729618
-16548.892531212397
-41840.31091106325
-4453.876658230476
14398.390518279852
-18804.100179757046
8021.422874624541
-4765.970936122052
-433.3576957436562
-18102.72240258255
-2685.467819538999
-7121.888548170481
-10276.852339303034
3042.8106338316757
-6023.364615811833
6264.456688219549
-85.7720066401273
-5665.275014416133
5693.145627470938
-1631.8024028499103
8328.697309043919
-834.7515267517136
-23034.216796557586
-882.2452328065459
-4066.9476025811873
241.27224608730785
-391.075892226072
-15095.590130722157
-36724.136403778015
-519.4562589566794
5921.082922512502
304.05795238380324
1747.9802339806656
-22980.338657642045
-1525.6932940339077
306.78191991153426
-12595.555099407244
-9438.311696391323
-1427.4729869409857
-8898.588822580441
-414.35703742777423
-10796.740431698929
9080.245144765506
-11507.987557985323
30.132119429435946
-4312.283682670397
-1389.2469910439286
7785.1687005502845
-8350.927176537509
-4420.512814873475
-24466.358834729363
-168.02430974732766
-28104.09832376745
-30012.792840633963
5783.402522069802
12556.27685528982
2816.470505745229
-19829.283304098237
-622.3081154269858
-2481.4734278072683
7852.146306652794
733.5763728153729
7869.192323210942
-31701.424846040165
-11828.087565722934
4655.093695262669
6262.632589126728
11705.622506675521
-18113.411709150598
-2201.450677773012
-4659.285157960112
-18427.41771523834
-4537.688902322101
4698.787915410419
-34450.79916458117
1110.2628403732717
-720.7773577983523
-5480.042010964099
-24247.874714537247
-41233.36554183087
8658.64310757921
6134.676360139503
8509.143426345314
-698.5289018310715
-1909.7314179342525
12065.409220772015
-13844.16896636752
36.45131518476654
-1665.524327504432
-1270.5346357198341
2204.91634791821
-85.05704090816653
-3428.0122628294766
-26797.469989938214
8519.0802405709
-28956.226301824885
-2611.8144655440888
-18171.300014925135
630.3181310453692
-9560.199119929675
1627.5516298286266
6502.255642466909
-5244.318120616723
-33238.02077789342
11960.904152736406
9080.245144765506
-10365.622142553553
-19664.62591486615
-46750.460300013365
1573.9120959351303
9090.316077780748
1390.4279919383052
-9414.756140342191
-8739.246445432755
-19136.956646191207
4961.922260491446
-7533.749245232
-1501.196514562249
956.9706261183774
5213.736132415655
9129.107801743392
-14586.593963481157
-11634.381128837531
1207.6746893139814
-27836.310068653853
568.5922531912711
-11082.160517699544
5279.0344641499405
-10063.528399098206
-9262.13152584268
-24329.177084090166
-14.47763234789498
-34691.51915023944
10263.217673029127
-32155.512131078955
-2108.1989219364805
-1366.1388767785356
-31869.121518430748
-2888.9268676703223
-27958.104413179255
495.59336741782226
-8643.75341954345
7347.341704518532
-39960.17687686381
-27382.083637691547
-15217.319743651215
-22189.729912315725
2203.4660490551537
7818.444429998963
-36890.37441969114
-14557.47911350644
3519.828742304202
910.1562283993317
9201.688098555662
-18790.909183921784
-1554.8968086164086
-45376.06345997295
-21076.201596994208
-28639.583073298192
706.6467887667877
4076.0360336589283
-6229.03302899789
-20439.49312847042
-1124.9052371706557
-7182.629803906422
174.09287850796616
-43756.44724110557
-3034.7713391466955
7698.15376661663
-27979.968847550546
-25131.309139120363
-2510.572985535331
-12389.774523064316
-20341.31405590392
-16367.77124620316
-34428.4209557738
-40007.08348880126
-1871.2437695957633
-7493.093560208662
5837.646856975338
-27763.489984612836
-16601.07818773949
7897.655004545788
-19678.681921107895
-703.0236184820476
-2918.8066800926704
-18844.43686188598
-36559.60334535953
-10936.297097000772
-4752.295058718264
