6324.327899224244
-427.44761818540564
11124.57916234301
-1579.065246105079
4676.379420352596
7435.725291545054
-8125.634177399933
-3671.859362612281
12897.839374327014
-23011.98787040849
-5530.582211286515
-12324.783939341367
-16760.611437263156
-3552.7846668597836
-16723.638580375413
-35701.288919651444
-40279.274031253684
-34611.77895501915
-27651.784276043745
-21533.891995310485
6325.709263631585
-2116.0872579636666
-34647.6039213363
-7397.571037624395
-3121.7877048236332
-36705.098332230344
-3701.6331413773805
-902.8838631999524
11406.04351566956
-15030.130051808072
10670.51931818285
9537.503700253663
-15787.809380322098
-36276.286289317795
2569.0668278555077
-29731.74606791565
3237.4331911929894
-4527.853578682554
5386.943073396553
-33019.67108235531
-41916.9155997625
-2549.8593818814775
-14441.75990354815
14422.088645246193
-10705.601218136033
-50417.696421714296
-49065.05146843119
-11327.007055322485
-3909.1085542738156
4778.212973109599
-1760.2745587834966
-10795.588673597882
-40469.813473848924
-1594.7971474693172
255.73242305790427
-14527.432150815559
-404.4126991963065
-31860.63772805965
8741.578474234424
1075.8389782788122
-23758.382435324806
8285.524100065117
1684.4632118745835
2042.454440868365
-5529.512777246521
-825.0589151874792
-44813.41134568785
11057.614729100884
-991.0100499692544
-20490.65494014632
3437.9251604264236
4260.184425321926
-1208.8696450960051
-1627.5935709823193
-19410.56635298537
-16355.07462042944
-9849.9063581048
-2680.8014067451168
-15447.652201737288
-29177.191591795126
2199.915373717182
-1582.736613354478
10710.847284685839
133.94031300581662
-4577.3168056347895
-11566.997726638121
-13177.425273926716
-1630.8530152771018
-11170.710603215213
8429.009772421025
-36164.657383314276
182.06198822069655
-26712.96383776045
-10116.180486287052
-9341.961499952911
-18578.7654770207
-3934.590743836544
6246.6887498294145
-278.9433761936107
-609.0480517949261
-14526.303006467393
-11304.457783268892
6758.340582925614
-35472.84696976509
-3003.1694171742092
1956.2802524084755
-2685.467819538999
-10090.00647540825
-6677.508234663095
-21878.15810045829
6496.250234311019
-21931.47119433156
-1442.9791268285744
-25867.470736828822
-16329.230954460429
-20673.67471798871
-46961.3501124567
-8826.306923707085
-38656.98709372908
-11810.198083062516
-3795.2584621062033
7219.051236901054
2801.2501192772625
-34577.82138130261
-28912.10368614498
-12384.977209547702
-4323.341747606676
7891.220617066516
-739.5775737242056
-5416.624262116259
-5564.623438488188
-3905.2763030393244
7609.276327585592
3944.2226146630055
957.7515380946347
3339.9265169046057
3898.7603042085575
-10019.70503373777
-3609.364815777399
-17205.147588500975
889.2730941418376
-25113.75166639522
2925.25805624221
4917.44454904546
-10850.153752602857
-14297.963848268431
-5248.561569037873
-21952.20498933368
-4735.217217364794
-14503.371045797569
-1.981538763727258
-22835.139458778893
-1129.131840589036
3329.7568169600063
-27756.763825625625
-40009.45580001981
-12435.89136287538
454.19355109839626
-16608.407061987906
-15668.333484491322
-20583.694474675478
-13226.535916514451
-4311.714098235024
5227.759098477257
-50402.5921307478
-1777.4408054374474
-105.4902638754287
-5670.777736756008
-22832.123941126567
-16798.160672690392
3227.32865121748
-1200.188417477797
4947.664468277315
-31.214101554833235
-31380.2254772924
-84.11129554301658
-23909.988961291325
-1434.4231240368322
10602.093249157197
-33006.16539536018
-3074.737109930328
-1941.9500164414385
-18146.501440726926
-3312.868412431906
4853.298408509721
-29956.883715912307
-8240.475221088931
-17563.476105151065
-3558.6770861857713
2371.310964327143
9359.437446253203
4646.7799059655
-32335.77389866173
-3792.452410881218
-28110.304816146876
-7300.278031670969
-9413.775330010081
-30539.008110139526
-1601.69453847357
-1417.798457957088
11999.728620926566
7418.6474635019495
1912.7274392867894
-36640.29934974448
-4891.315123292165
-8977.332573467142
4384.929468318529
12458.499992047247
-13443.951508171984
-21466.99216043605
-37131.28930409846
7599.029242114555
-15668.333484491322
-17900.86218396276
6178.050676784253
-4278.7097524060055
-20661.262020925198
-9515.602178151727
715.7639985117121
-29700.03070051703
1343.138529607012
-14948.261675511305
-27585.509270364797
170.39063006879087
-39680.39275190512
-23667.78064561882
-16036.39130968424
-10686.60472805681
-26176.178533874565
272.84396722736324
-8385.820749312672
-4655.311127371071
11143.71412783078
6224.368319067129
7108.542312780037
-26462.716077973833
2782.4497479903293
-1437.3119872989382
-31954.373645611
-16120.920639285643
-15036.201096985653
-8942.430691013808
-38945.11153316821
2704.2213594123214
-13481.40369864714
-4338.346484595526
-4502.602506105245
-32988.19149378649
-37474.3256104225
-38045.31196844819
-39179.544564626456
-24733.788094066535
-9680.691658936992
-3726.8928382279328
-8344.239859780188
10390.315259173356
-19463.52873121183
2979.152942413106
-14980.225173291787
-30091.300345960528
-10126.028203332411
-2166.877434659708
-1489.337591813664
-1390.7123983475533
2026.3682095572735
-267.38487757153234
2828.635506596311
-5619.923113227336
-1189.5196258907408
-9634.674998427727
-2391.995043118769
-1851.108061715654
4483.846521557936
-23644.940737313224
-44692.488002919315
-12932.881484948612
12925.394720184308
3295.4987787001246
-21354.386323749073
-7785.877346087401
-37769.91093545308
-1353.9685337262054
-23815.39725400211
-6105.600899060375
6171.373102062504
-22676.044364119593
-2456.147604942282
225.3665494005141
4526.210390159915
1885.7902336127481
-17315.484309355234
-6249.050336566952
-15953.379824806427
-16468.75234331076
-17279.77556128846
-31437.74830827477
1247.0769729126496
-30951.03755179968
-27145.660859714233
-2971.2910474339587
