 13523 13523
 11202 11202
 4975 4975
 8403 8403
 16904 16904
 29783 29783
 16798 16798
 4500 4500
 20035 20035
 22872 22872
 31604 31604
 16229 16229
 18689 18689
 12122 12122
 27048 27048
 17029 17029
 440 440
 11722 11722
 22249 22249
 32746 32746
 11932 11932
 13345 13345
 12206 12206
 5538 5538
 28292 28292
 27870 27870
 9587 9587
 29197 29197
 23668 23668
 8854 8854
 21124 21124
 11993 11993
 31365 31365
 31993 31993
 1128 1128
 28486 28486
 8260 8260
 299 299
 24491 24491
 8203 8203
 1228 1228
 13970 13970
 32108 32108
 29374 29374
 24000 24000
 9890 9890
 7544 7544
 22323 22323
 7382 7382
 30717 30717
 15001 15001
 24183 24183
 2657 2657
 15997 15997
 18492 18492
 31615 31615
 1328 1328
 14221 14221
 22141 22141
 18984 18984
 22568 22568
 26955 26955
 681 681
 24032 24032
 30135 30135
 4121 4121
 9330 9330
 421 421
 17648 17648
 11292 11292
 6003 6003
 11786 11786
 12372 12372
 4629 4629
 29867 29867
 18866 18866
 31324 31324
 2864 2864
 11929 11929
 32615 32615
 1139 1139
 22270 22270
 5540 5540
 29869 29869
 17126 17126
 23361 23361
 25406 25406
 14533 14533
 16495 16495
 29711 29711
 19915 19915
 366 366
 32233 32233
 529 529
 20621 20621
 31529 31529
 30826 30826
 12551 12551
 7535 7535
 1119 1119
 12292 12292
 12688 12688
 15588 15588
 28561 28561
 19341 19341
 18717 18717
 21858 21858
 24295 24295
 25108 25108
 15989 15989
 7188 7188
 4292 4292
 20768 20768
 20980 20980
 9453 9453
 258 258
 30446 30446
 16310 16310
 1152 1152
 9122 9122
 2336 2336
 24199 24199
 8308 8308
 20128 20128
 7951 7951
 22553 22553
 5886 5886
 18272 18272
 16736 16736
 11019 11019
 7308 7308
 31753 31753
 25989 25989
 21582 21582
 29211 29211
 30995 30995
 29044 29044
 16035 16035
 26415 26415
 30448 30448
 23173 23173
 7446 7446
 24472 24472
 18659 18659
 30262 30262
 3650 3650
 21431 21431
 19716 19716
 24849 24849
 31009 31009
 1677 1677
 17032 17032
 18548 18548
 27005 27005
 21718 21718
 410 410
 23878 23878
 17388 17388
 2735 2735
 11519 11519
 22426 22426
 7446 7446
 14245 14245
 23295 23295
 20567 20567
 22462 22462
 11922 11922
 9515 9515
 18743 18743
 4671 4671
 1023 1023
 1062 1062
 3922 3922
 32106 32106
 30600 30600
 7935 7935
 20487 20487
 18260 18260
 31945 31945
 11147 11147
 22441 22441
 16120 16120
 22170 22170
 17313 17313
 21305 21305
 31052 31052
 12519 12519
 27649 27649
 30153 30153
 6567 6567
 18378 18378
 27863 27863
 20141 20141
 24896 24896
 1507 1507
 10155 10155
 30919 30919
 8129 8129
 23467 23467
 30591 30591
 4026 4026
 13776 13776
 16999 16999
 14431 14431
 7561 7561
 11914 11914
 5564 5564
 1903 1903
 22807 22807
 6403 6403
 20142 20142
 10716 10716
 1193 1193
 11117 11117
 11921 11921
 24583 24583
 3177 3177
 25376 25376
 30029 30029
 16489 16489
 32590 32590
 1785 1785
 1599 1599
 18443 18443
 32471 32471
 356 356
 29351 29351
 25359 25359
 19232 19232
 22178 22178
 27152 27152
 4593 4593
 11035 11035
 12001 12001
 2114 2114
 26109 26109
 7901 7901
 6896 6896
 22769 22769
 3403 3403
 1451 1451
 17267 17267
 28411 28411
 28387 28387
 5608 5608
 23756 23756
 10874 10874
 31223 31223
 7112 7112
 17069 17069
 14711 14711
 32497 32497
 9562 9562
 30976 30976
 7386 7386
 30418 30418
 1322 1322
 20312 20312
 16438 16438
 26806 26806
 13177 13177
 5711 5711
 21207 21207
 27975 27975
 28002 28002
 27454 27454
 27048 27048
 25800 25800
 15540 15540
 9966 9966
 1797 1797
 3476 3476
 18001 18001
 9375 9375
 28408 28408
 13985 13985
 13951 13951
 7801 7801
 26643 26643
 2454 2454
 1767 1767
 19813 19813
 28232 28232
 124 124
 7453 7453
 13376 13376
 31854 31854
 15472 15472
 6293 6293
 13806 13806
 24415 24415
 10218 10218
 15556 15556
 17486 17486
 11614 11614
 21576 21576
 24562 24562
 11924 11924
 21003 21003
 10197 10197
