 8872 8872
 28732 28732
 12002 12002
 12261 12261
 7239 7239
 17082 17082
 5295 5295
 5354 5354
 14517 14517
 13486 13486
 16002 16002
 29774 29774
 30324 30324
 26684 26684
 31233 31233
 10051 10051
 27295 27295
 15732 15732
 20931 20931
 4767 4767
 18945 18945
 16890 16890
 20489 20489
 15580 15580
 25474 25474
 16063 16063
 8854 8854
 30830 30830
 9243 9243
 2785 2785
 4324 4324
 2548 2548
 5268 5268
 19940 19940
 31636 31636
 1330 1330
 25176 25176
 9506 9506
 7193 7193
 1062 1062
 7975 7975
 30623 30623
 9042 9042
 6800 6800
 374 374
 6789 6789
 16877 16877
 26117 26117
 31606 31606
 10262 10262
 30373 30373
 29626 29626
 1883 1883
 11791 11791
 11246 11246
 24751 24751
 14294 14294
 28516 28516
 14589 14589
 9564 9564
 32128 32128
 6635 6635
 26929 26929
 28138 28138
 20031 20031
 11711 11711
 7250 7250
 4023 4023
 32529 32529
 24175 24175
 4571 4571
 32126 32126
 9840 9840
 17702 17702
 30932 30932
 26215 26215
 17975 17975
 8622 8622
 31475 31475
 16539 16539
 15925 15925
 17909 17909
 374 374
 17668 17668
 11404 11404
 18835 18835
 29594 29594
 9810 9810
 5754 5754
 17588 17588
 16343 16343
 3715 3715
 519 519
 29932 29932
 2579 2579
 13770 13770
 32576 32576
 4405 4405
 28268 28268
 11776 11776
 12415 12415
 11489 11489
 1933 1933
 3684 3684
 3923 3923
 16776 16776
 3565 3565
 4498 4498
 15016 15016
 4295 4295
 17782 17782
 7633 7633
 14712 14712
 19977 19977
 32421 32421
 17011 17011
 13278 13278
 3220 3220
 5959 5959
 2444 2444
 30941 30941
 11307 11307
 473 473
 31599 31599
 22488 22488
 18140 18140
 17370 17370
 31283 31283
 27326 27326
 1904 1904
 9576 9576
 8856 8856
 21317 21317
 4217 4217
 12308 12308
 17233 17233
 13462 13462
 12445 12445
 20130 20130
 13697 13697
 20928 20928
 23596 23596
 8470 8470
 29365 29365
 31785 31785
 7942 7942
 27381 27381
 16039 16039
 1103 1103
 2718 2718
 11088 11088
 25203 25203
 13932 13932
 16846 16846
 23434 23434
 29761 29761
 10412 10412
 31425 31425
 24122 24122
 23420 23420
 18908 18908
 13085 13085
 25007 25007
 18463 18463
 17345 17345
 2050 2050
 3532 3532
 3324 3324
 17172 17172
 29955 29955
 20562 20562
 4323 4323
 19953 19953
 21386 21386
 19101 19101
 14635 14635
 22439 22439
 14947 14947
 5782 5782
 6108 6108
 4581 4581
 10972 10972
 314 314
 22184 22184
 29176 29176
 1254 1254
 22769 22769
 28979 28979
 30653 30653
 26872 26872
 18528 18528
 28716 28716
 7923 7923
 10213 10213
 29229 29229
 13299 13299
 26873 26873
 26924 26924
 29405 29405
 24170 24170
 22361 22361
 18360 18360
 8316 8316
 28595 28595
 4490 4490
 11289 11289
 27665 27665
 210 210
 5723 5723
 24096 24096
 20489 20489
 8425 8425
 19990 19990
 19350 19350
 466 466
 21935 21935
 28929 28929
 14619 14619
 14700 14700
 11450 11450
 11783 11783
 4376 4376
 6876 6876
 14598 14598
 4498 4498
 19777 19777
 17194 17194
 20391 20391
 14699 14699
 28543 28543
 7990 7990
 16838 16838
 22256 22256
 19035 19035
 15596 15596
 1587 1587
 19588 19588
 10118 10118
 9176 9176
 22612 22612
 14336 14336
 19269 19269
 16171 16171
 25949 25949
 2666 2666
 23380 23380
 1764 1764
 13453 13453
 20155 20155
 9089 9089
 4661 4661
 32103 32103
 16161 16161
 22508 22508
 2843 2843
 14795 14795
 29858 29858
 28373 28373
 1350 1350
 27097 27097
 17998 17998
 26310 26310
 8922 8922
 13690 13690
 3208 3208
 1693 1693
 2512 2512
 22830 22830
 2631 2631
 26938 26938
 4770 4770
 29773 29773
 4922 4922
 32651 32651
 8061 8061
 366 366
 7803 7803
 18766 18766
 28493 28493
 19506 19506
 8820 8820
 6033 6033
 24396 24396
 9300 9300
 21623 21623
 4019 4019
 29336 29336
 4479 4479
 30657 30657
 18994 18994
 26599 26599
 11604 11604
 5735 5735
 25276 25276
 27164 27164
 10020 10020
 30730 30730
 32594 32594
 3182 3182
 11770 11770
