-22482.082427933994
-74.36618508021974
-50370.50633480589
7352.929388746572
-1934.1626107575837
-16063.20100710937
-16537.7762650333
2638.4103844933343
-1630.8406102576107
5973.453563327041
-9969.076099491771
1422.918719833431
8611.577637696955
7391.006080239951
-38992.90585243198
12882.399197497722
-9059.493934868584
-11979.319466401208
314.0693754569219
-1178.5308743840685
-25.1617289792747
-7681.2347037655545
-24299.394108565848
4489.962584719804
-2754.082805986096
-42181.41042612332
363.82519739586166
-10361.363016128227
-239.85325450199525
-40793.46024829872
679.1925930786467
-4255.328513736376
4165.68910745246
-22906.778645363545
3356.09550068189
-17639.224115954647
-22764.060682924788
-11357.317521701314
4260.184425321926
4165.68910745246
-19266.20828166238
-4662.537456721377
10225.480108692802
-4830.91630390072
-19843.012383639933
-9544.341748529747
-7132.538328811275
-47425.377651065755
1422.0854734797263
-1673.3627798766847
-25865.501498330203
-5783.188456051656
9654.015272658253
-23395.46320678207
2837.71960248716
-196.9272263920193
-3340.5854357531107
12412.755408480743
-24371.494639196986
-11790.628900060376
1123.9251392291171
-6932.101525529583
-681.4350121523987
-39936.25109764381
678.4823026194551
2771.311614485685
1784.7362484006335
9886.786716097047
11575.945532700931
-11968.055870203027
7000.120023997964
-20033.468581740257
7265.211833106056
-18868.12401883943
-17509.3704111799
-7291.128423607588
-10499.842024955291
-33019.67108235531
-34388.11924481682
-5064.000180358809
-34464.71518144695
-43947.226996894555
7982.630423190776
6342.805713998254
-2235.4288922128217
-34.313423336428045
-8427.430301654103
-28582.8033435261
12956.6435205013
-1011.2264279660476
-11437.49157324207
5890.884181182378
-468.0508903470587
2375.5206619569626
-13039.072574442805
-34038.27171655701
4043.5417388708365
-4358.786043166327
-44838.58651743985
3750.3157927835064
-21197.151270460665
-18324.150246576257
-41945.433256075376
-3243.795224201549
4111.744765376719
-17772.93567771325
-44023.54513352971
-14264.6337559811
-33946.403506874994
-46450.01955411566
-14799.369798549807
-6373.651127366468
-3798.1162396547975
-11583.654962816589
-13627.1630133124
2772.4954305390547
-39438.921245722864
9285.05519501532
5251.989324441582
-7235.2708056031715
3217.1883243268094
-436.73443434065234
-2503.957953200281
547.2813009923138
-559.278408856932
915.3152748984203
-15751.625128319916
-44160.34273715192
-34166.70851430161
-3895.78225836652
-32076.05137061706
2551.237111173872
-41055.85167913423
-4063.1828073725273
-626.9337450577589
-8655.778182974067
-4029.0775636817634
-18188.498365045376
-7286.8385275735345
-206.41450000821501
8625.668822146905
-35564.90182980176
-38810.829791470154
-5584.168871146347
1391.7608894965122
-8908.695421132621
-10691.080459691402
-2747.980135766986
-18539.991535042496
-11868.299651939562
-6014.241962243425
-32292.399983537005
-20804.2604871537
-6695.380001160547
-27279.96454920031
-1484.7327099148
2371.4681364296584
-22820.262114554098
-5915.451540423001
315.69607358140917
-24883.59507340192
-18024.82622241797
-7397.571037624395
-46917.050754308606
-5483.941264803355
-34225.6445118364
-10668.195964821258
-32166.813342103073
4.400001218620673
13910.87335473247
-10071.16421620307
-10183.810736218682
-1023.1365404414803
-1037.7735455903303
3810.378948979821
-13946.66959316853
5185.98304142079
-16993.131006112577
-18176.912706377094
-30127.93643859195
-501.1842343290473
3968.9607266845305
-13855.615371582451
1340.8737723919821
1246.1481405927843
-1243.5290719105997
-29078.54695206442
1997.2334448802512
-5056.422474636068
7939.742224477646
2840.177300991084
3850.8026082929964
-15027.532634149298
4623.425841956821
-16854.139319758135
-30119.467363087926
-4623.100275318473
6436.134315466126
3879.828057591709
-21487.704315686926
-3798.858130671514
-43.81133531914189
4388.981567839255
-10067.514939246932
69.69731447388821
4728.086688940572
-7124.212839146104
-2511.341026993193
2178.202134609377
3131.2698274764534
-17178.14336187212
1065.8453075067227
-25658.38490963926
-2954.6893874685193
-863.7106277759542
-32006.391377167944
118.666883604899
13637.261980070842
3260.134147350489
-7831.277841497082
-34707.36597297005
-13876.905177028948
-12341.037355785887
-5384.792031003431
-195.5261004287786
-10332.41095887676
3426.372559671743
-8210.336507691054
252.46637061406915
-4403.790936708454
-12410.076435632618
-13923.293083763863
-8352.482766659166
-22818.053669038094
-9203.735574075366
-14213.38982318583
-23591.35716024237
-5616.050868365142
10847.247330017295
-39310.25616740172
2761.123449277618
-8728.85051740332
-16505.837480224614
-44270.176304372275
9893.467316305563
-14131.50728748108
-22695.990817107915
-18692.9833035989
3827.2540143228944
-35585.735509980754
-4583.3286843491005
7466.636543737868
-16032.66329604046
-20475.745317898032
-21767.803402488447
-1675.9255283156617
-16784.058894287784
-1473.6359300483527
-10655.344208547205
2460.4953853616266
4052.2311418994377
71.86923052942825
-11343.174507916741
-2837.824309175978
-40577.73336701165
-10273.017587034656
-16700.941463790536
-548.6390761411274
7166.972581045853
1415.8083330138595
2239.7845745692252
-6043.928423975029
116.35645412845967
-44.10067001242037
11251.598786408624
-7925.80702596871
637.3780601663666
5969.803871261203
12615.29421792539
-4966.20531538097
2396.385454638915
-1656.66436910613
-42967.71141703726
274.53145736775446
-2451.958272129438
7668.069094350198
4673.682348750266
-3171.330631378796
8791.850358090574
5759.5015779096375
9195.593067095164
-31287.341894554687
-7805.5167123849515
8165.3613281948055
852.3559569428362
947.3479872402838
-43963.450552211136
-4962.141367868432
9947.597239758925
-10426.905010795152
