-25.460337185286313
-30.761412199195277
-35.817621903693244
-40.578116816706626
-44.99691019238782
-49.033064282382774
-52.65081334970207
-55.819628674080796
-58.514230653264065
-60.71455295038492
-62.40566346687316
-63.577646736246685
-64.22545213951788
-64.34871214034763
-63.9515345297863
-63.04227245849113
-61.63327582050246
-59.74062733858522
-57.38386648817526
-54.58570418632166
-51.37173096471571
-47.7701211428336
-43.81133531914189
-39.52782330585391
-34.953729446387975
-30.124602074902732
-25.07710870438158
-19.848758363979037
-14.47763234789498
-9.00212448704199
-3.460691911276088
2.108382866010068
7.66721783759543
13.178544784130303
18.60590947918937
23.913858455487965
29.068112069430946
34.035723693605775
38.78522495253593
43.28675699617571
47.51218787845594
51.43521617490957
55.031461034228
58.27853891376723
61.156127298761405
63.64601574955101
65.73214466073333
67.40063215102194
68.63978953301077
69.44012583819438
69.79434189474289
69.69731447388821
69.14607103557302
68.13975561546336
66.67958640374394
64.76880557150668
62.41262190321346
59.61814679385721
56.39432416724676
52.75185486749335
48.70311606944115
44.26207624564597
39.44420621771567
34.26638680854612
28.746813599360266
22.90489928163911
16.76117407913692
10.337184699358758
3.6553922572302326
-3.260930403633729
-10.387801584582789
-17.700633411429575
-25.174333949500568
-32.78340840303268
-40.502059066994356
-48.304283718821615
-56.16397215702669
-64.05500061307816
-71.95132378230858
-79.82706423882237
-87.65659901838201
-95.41464317201331
-103.07633011152626
-110.61728858626421
-118.01371614812902
-125.2424489792457
-132.28102797350238
-139.10776097959263
-145.70178112908167
-152.04310118838933
-158.11266388841028
-163.8923881997703
-169.36521153541713
-174.5151278753704
-179.3272218209935
-183.7876985980866
-187.88391003944878
-191.60437658829983
-194.9388053740946
-197.87810442181146
-200.41439306474692
-202.54100863920956
-204.2525095472854
-205.544674781047
-206.41450000821501
-206.86019032535495
-206.88114979022305
-206.47796784986795
-205.65240278556655
-204.40736229963173
-202.7468813725962
-200.67609752225775
-198.20122359858811
-195.32951825056978
-192.06925420265506
-188.42968447974644
-184.42100672040243
-180.05432571838662
-175.34161433272257
-170.29567290610493
-164.93008733087083
-159.2591859007573
-153.29799508540543
-147.0621943629943
-140.56807024456091
-133.83246962146217
-126.8727525651052
-119.70674470550676
-112.3526893124905
-104.82919920034904
-97.15520857367868
-89.3499249287769
-81.43278112155058
-73.42338770928741
-65.34148566993659
-57.206899598730246
-49.0394914780579
-40.85911511251536
-32.68557131698197
-24.538563941452082
-16.437656812182084
-8.402231664499496
-0.45144713838560335
7.395801096296324
15.120919022322965
22.705651707018532
30.132119429435946
37.38285245289825
44.440824397194774
51.28948416886176
57.912786412104225
64.29522044693955
70.42183766518394
76.27827735879643
81.8507909589947
87.12626466831895
92.09224047155244
96.73693551502159
101.049259847341
105.01883251810746
108.63599603440764
111.89182917824144
114.77815819111517
117.28756633510508
119.41340184261915
121.14978426991628
122.4916092721563
123.43455182035511
123.97506788311163
124.11039459834493
123.83854896254225
123.15832506716293
122.06928991387011
120.57177784217778
118.666883604899
116.35645412845967
113.64307899671859
110.53007969838202
107.02149767945228
103.12208124337148
98.8372713426553
94.1731863068163
89.1366055522831
83.73495232083204
77.97627549373392
71.86923052942825
65.4230595730205
58.647570786315825
51.55311694739379
44.1505733689515
36.45131518476654
28.467194053658545
20.210514330292497
11.694008752028111
2.930813690812016
-6.0655559811792585
-15.2812323637949
-24.70202029114874
-34.313423336428045
-44.10067001242037
-54.04874012154482
-64.1423912098532
-74.36618508021974
-84.70451432074569
-95.14162880523678
-105.66166212354003
-116.24865790044632
-126.88659596288927
-137.55941831615317
-148.2510548909305
-158.94544902411462
-169.62658263739684
-180.27850107886016
-190.8853375939944
-201.43133739373388
-211.9008812883887
-222.27850885757425
-232.5489411275363
-242.69710272854326
-252.70814350631917
-262.5674595628143
-272.2607137029079
-281.77385526498335
-291.09313931461793
-300.20514518197933
-309.09679432483915
-317.7553675004285
-326.16852123070794
-334.3243035468989
-342.2111690004684
-349.8179929290287
-357.13408496690556
-364.14920179140216
-370.85355909704384
-377.23784279132093
-383.29321940668257
-389.0113457247317
-394.3843776097576
-399.40497804991344
-404.0663244054759
-408.3621148647586
-412.2865741093326
-415.83445819128724
-419.00105862630073
-421.7822057073144
-424.17427104458824
-426.1741693388823
-427.77935939543727
-428.98784438733355
-429.79817137768134
-430.20943011093595
-430.2212510844487
-429.8338029121385
-429.0477889929293
-427.86444349730357
-426.28552668602276
-424.3133195757047
-421.95061796658484
-419.20072584836566
-416.06744820062227
-412.5550832047571
-408.66841388498705
-404.4126991963065
-399.7936645778067
-394.81749199011483
-389.49080945608944
-383.8206801242528
-377.8145908747176
-371.4804404876654
-364.82652739465493
-357.8615370332631
-350.594528825741
-343.0349228025066
-335.1924858914429
-327.07731789404636
-318.69983716954425
-310.0707660481504
-301.2011159946117
-292.1021725432368
-282.78548002549434
-273.2628261112742
-263.54622618475787
-253.64790757576714
-243.5802936673241
-233.35598789997397
-222.98775769328006
-212.48851830466054
-201.87131664555164
-191.1493150746222
-180.33577518749436
-169.44404162218322
-158.48752589913937
-147.4796903144733
-136.43403190462237
-125.36406650037495
-114.28331288778865
-103.20527709318515
-92.14343680902662
-81.11122597703833
-70.12201954457953
-59.18911840980873
-48.32573457077366
-37.5449764930985
-26.859834710507613
-16.28316767194528
-5.827687848599112
4.494051886357482
14.669671592948959
24.68697730266888
34.53397374845633
44.19887677553368
53.670125422720844
62.93639366438521
71.9866018036638
80.80992750810532
89.39581647942276
97.7339927495043
105.81446859539477
113.62755406642529
121.16386611721427
128.41433734075463
135.3702242963024
142.0231154273028
148.3649385650805
154.38796801451613
160.08483121843577
165.44851499792168
170.47237136623409
175.1501229145258
179.47586776799207
183.44408411157676
187.0496342848071
190.28776844579664
193.1541278048914
195.64474742888385
197.75605861714624
199.48489085146437
200.82847332176243
201.78443603032565
202.35081047751873
202.5260299323921
202.308929291947
201.69874453320085
200.69511176255617
199.29806586732627
197.5080387746133
195.32585732306168
192.75274075333456
189.79029782346777
186.44052355555107
182.7057956204828
178.5888703678141
174.09287850796616
169.22132045436064
163.9780613332482
158.36732566924383
152.39369175481758
146.0620857121746
139.37777525617926
132.34636316715313
124.97378048255996
117.26627941674494
109.2304260180683
100.87309257289124
92.20144976603126
83.22295860740275
73.94536213467171
64.37667690186552
54.52518426396344
44.39942146753717
34.008172557641956
23.3604591111515
12.465530806810733
1.332855842311119
-10.027888791291986
-21.606827167476723
-33.393894404104145
-45.37884675491733
-57.55127180230076
-69.90059874105873
-82.41610874287602
-95.08694539128248
-107.90212517690365
-120.85054804287256
-133.9210079703755
-147.1022035943146
-160.38274883920536
-173.75118356549905
-187.19598421662312
-200.70557445712777
-214.26833579246215
-227.87261816099092
-241.50675048903545
-255.15905119981224
-268.81783866729967
-282.47144160622133
-296.10820938947586
-309.71652228448556
-323.28480160013225
-336.80151973609065
-350.2552101265452
