-10380.15170528794
-25934.558583457478
-14610.022369391125
1286.7031827424125
1081.3579504833588
-9298.436130769087
-8149.253060391568
-7987.966072482484
-6851.871840077522
4241.292175113608
5931.497040639379
8230.892270341934
-9099.273200207277
6139.353419666124
-23558.963536465257
-1002.2523671596146
-41714.676845370006
-11171.982116723118
-31989.378924922865
-2509.738639934089
4981.504791595005
-22457.970743596805
-1516.5722612002482
-20795.591836879295
-32420.35909600021
7265.211833106056
-11131.482426572491
-47548.90434169739
4195.5573369173635
-3856.348492066388
954.2524358379733
149.74381783968715
-7793.066661873605
-5022.9934664808125
12124.67000283011
-2006.9586064633845
-5506.825135620974
-7301.037549840732
-905.0249072248939
-949.0933792420102
-7205.137815674265
-38689.68235101914
-1167.315184900273
-8076.234716403949
-10.027888791291986
-7621.58126786156
-23056.15441235897
-10850.153752602857
10706.654565078352
4610.157720473502
-14279.660953546107
-3669.769818909979
-675.8336645401423
-17505.559067566606
4646.7799059655
9397.289829964393
-20302.392180748626
-3989.6726078995907
-1739.9433809381762
-10530.560637995459
-8583.44844525692
-196.31137562767208
-15566.834879234475
12284.164039583422
1885.7902336127481
-14520.420799860527
1485.8394185895563
-4326.873176636752
-46464.49422798093
-34533.86675534443
-7031.507619521271
-8371.808301233254
-12680.130890655484
-4893.559121860407
-46240.25822516391
-1675.9255283156617
-24733.04067080799
-11082.160802770322
1331.9636069486187
-18002.174845376645
2489.07351151866
-21011.383413450847
-10.027888791291986
-2279.906209836983
3315.944378377846
8468.724031990096
-6805.304778447333
-13729.566088520238
2031.6724633384079
3034.611228313928
-3101.738420364395
-427.44761818540564
-31.302731155517336
13718.985035736696
-727.3135531325262
696.1197569825645
-48572.66822742761
-1913.9158461828895
12070.3365225693
-17101.059814100918
5733.411084491324
-778.5247480326434
472.1013054419004
535.7619821660614
-6090.7018935669
-25770.299488873305
1422.918719833431
-5515.701518034122
-133.4688616969852
1589.085410154728
-11407.565637529913
-7179.151233378227
4878.498701808652
-2047.7454513304347
-38985.34626865095
-14828.45349160142
-8226.459203723176
-3899.698930587927
-6337.029301302598
1035.3321780421468
-45941.447697747906
5221.24290657803
-618.139973204216
10332.792475021277
-34716.32978809033
-27771.570214285006
7545.325492462409
-18224.186668082977
-42127.66212874435
-143.6263848451482
-11127.668161479292
-11052.205110150666
-14157.418011223323
1810.3881781826826
3448.802650201631
1832.0498450042596
3253.13583004082
5625.277868270641
7209.654359239725
4236.509145782332
-31936.319317381134
-7213.689053384471
-3125.6841559180334
-30003.083737482302
14389.823165067613
-8773.263064540024
-41975.69511860873
6899.929676199043
-140.64716108841276
-4190.5541816789955
-2273.112938648247
-8040.804319974238
-10469.534600978515
-24265.67970232466
5466.856926240533
7408.771434869255
-591.0459562616797
-3332.802596308411
-36325.06138191575
6267.37287898153
6618.331913118505
-18826.249059610614
7277.066542851631
-9013.852313162355
6959.531115539767
197.95252141356036
782.2972290186019
-5060.236802910161
-2310.539738469535
13764.796630420498
-7577.292646093063
980.5259098872634
-3957.6675902102133
-8033.042423527567
-5801.481235380096
1159.7892088285998
-34225.675808907705
3693.061214369307
1311.20811007779
-9399.205896367508
-7096.669402282752
-9550.853245062543
80.80992750810532
-19294.87106834045
-42779.187769629214
-584.0250834231042
-21641.696199768245
-43320.90070115311
-40834.76999749926
-9833.146592310346
-3740.4267546701667
-24353.415305696944
-9573.19676963308
4639.314766806253
-40246.464210709164
-6753.502836965781
-9932.49010832623
-15061.167376085508
-26221.0164137665
-34744.414524817344
-31653.0370820264
-17300.932127740514
3289.9737991033135
-11872.886408715232
-5254.984386023656
5195.325116421437
-25235.55131934038
-158.94544902411462
2519.318520801997
-36835.77499663044
-1516.5722612002482
-713.0814154643858
-1050.025418762838
-25170.913669261874
-673.0737177483107
2150.6581725588076
-41209.37810357018
197.670520088589
4412.008999134033
1328.753446232854
-17299.44359243922
-757.2779285342949
-10311.936361432216
-1142.2745835238748
-5515.701518034122
-18696.319132251752
-735.4122706063517
5025.758158213492
4371.0892274730195
-6606.418873268607
-6435.3106061455765
-24525.825849495966
-25179.52724001443
-629.6986912357534
-20028.84377888094
511.5653380575494
-29173.606520411082
2245.3624052192135
3868.4407767657294
-31993.738638814037
-18593.09470555361
-19740.474409971313
6258.85565513252
-26767.073685658288
-3345.088358308021
8215.861589555509
-2763.5462943381326
2838.890689972114
8070.56343523455
1133.0409087894523
-6291.131242160977
-5972.087689438431
6531.832606655418
-34658.38642695579
-2425.6402860427743
6758.340582925614
12239.717904361001
7440.887276223468
-2127.506483776447
-31361.66658272484
-25730.321099507404
5651.739640854867
-7917.436878569369
4492.819926664048
-3552.7846668597836
-1888.3056654546558
879.2562357222594
-16304.64656098491
-2374.3701666061606
-16476.41302142323
-2383.6413351077454
8169.45043241866
2207.228220608149
-50305.79556691011
-2604.2913632242685
73.94536213467171
-12075.482165982572
8411.284004498573
-1848.9883974865716
-30112.535727140617
-12301.144042550404
-8761.22182780104
-18520.1903989935
3168.4806354651355
8114.2984044043405
-4453.876658230476
-32564.997182730018
-4873.453809710742
-41101.36381397592
2180.9265678745014
10409.022677060424
-8175.690307635585
2371.310964327143
-15136.992569158043
-36212.20890143968
-2778.4405574740135
-45086.76236608562
-49175.652944201196
-2712.385712154344
-16917.864263729327
